1.020960662306047603e+07 2.531316266549978593e+02
1.042360673976401053e+07 2.482764570461143308e+02
1.064209244064724632e+07 2.435137782020918280e+02
1.086515774652537145e+07 2.388428937368930747e+02
1.109289864895222709e+07 2.342617886489385057e+02
1.132541315152812563e+07 2.297677123133578050e+02
1.156280131207375228e+07 2.253592516877073990e+02
1.180516528568805568e+07 2.210357656403913325e+02
1.205260936870841496e+07 2.167953880964242614e+02
1.230524004359261692e+07 2.126355695328954596e+02
1.256316602474121563e+07 2.085550027795737265e+02
1.282649830528059974e+07 2.045530976072892031e+02
1.309535020482667536e+07 2.006281258465332940e+02
1.336983741824945062e+07 1.967777243505065030e+02
1.365007806546013802e+07 1.930006838852937676e+02
1.393619274224143475e+07 1.892964611110829765e+02
1.422830457214351930e+07 1.856634555620675826e+02
1.452653925946781226e+07 1.820994768184829979e+02
1.483102514336102828e+07 1.786034062446091752e+02
1.514189325304351933e+07 1.751747436918064125e+02
1.545927736419478431e+07 1.718120069503171408e+02
1.578331405652116425e+07 1.685131656835459637e+02
1.611414277253019996e+07 1.652771850640936293e+02
1.645190587753660791e+07 1.621036047254992241e+02
1.679674872092653066e+07 1.589910519666075857e+02
1.714881969870540872e+07 1.559376448172885716e+02
1.750827031735723466e+07 1.529424259791028078e+02
1.787525525904235244e+07 1.500049717253242250e+02
1.824993244816150516e+07 1.471240107637382266e+02
1.863246311931559816e+07 1.442977986340673908e+02
1.902301188668945804e+07 1.415254497570576007e+02
1.942174681489024311e+07 1.388065741507750772e+02
1.982883949127071351e+07 1.361399944333184067e+02
2.024446509976801649e+07 1.335240935928947579e+02
2.066880249629081786e+07 1.309580523945265611e+02
2.110203428568596393e+07 1.284415119345297001e+02
2.154434690031882003e+07 1.259733817969325429e+02
2.199593068030074611e+07 1.235521630946635412e+02
2.245697995539776236e+07 1.211770979668214352e+02
2.292769312865648791e+07 1.188478561284645991e+02
2.340827276178294048e+07 1.165634277009294237e+02
2.389892566231048107e+07 1.143224232816282750e+02
2.439986297259550542e+07 1.121241417852031788e+02
2.491130026067791134e+07 1.099682792806384839e+02
2.543345761304648221e+07 1.078539004728405644e+02
2.596655972934872285e+07 1.057797174368512287e+02
2.651083601908536255e+07 1.037450816095189055e+02
2.706652070033241063e+07 1.017497133268078642e+02
2.763385290053172782e+07 9.979274636316679903e+01
2.821307675939470530e+07 9.787298685229048090e+01
2.880444153396297619e+07 9.598983481837436216e+01
2.940820170587060601e+07 9.414303294059249083e+01
3.002461709085549042e+07 9.233177895931734724e+01
3.065395295056529716e+07 9.055496618995786662e+01
3.129648010670750216e+07 8.881203960381370166e+01
3.195247505759213492e+07 8.710276245242197035e+01
3.262222009711666778e+07 8.542639171444140800e+01
3.330600343624588847e+07 8.378190151464690416e+01
3.400411932703709602e+07 8.216877840442433012e+01
3.471686818926559389e+07 8.058680457448541290e+01
3.544455673970435560e+07 7.903529186553923580e+01
3.618749812411276251e+07 7.751328930581856014e+01
3.694601205199302733e+07 7.602032191130111016e+01
3.772042493417001516e+07 7.455618930940570976e+01
3.851107002325568348e+07 7.312025414881794916e+01
3.931828755705770105e+07 7.171163488742210745e+01
4.014242490499317646e+07 7.032989212540124413e+01
4.098383671757261455e+07 6.897484154062692596e+01
4.184288507901584357e+07 6.764589283656748364e+01
4.271993966306776553e+07 6.634222882857817183e+01
4.361537789208005369e+07 6.506344303513729699e+01
4.452958509942659736e+07 6.380936590862356184e+01
4.546295469532398880e+07 6.257945073175833528e+01
4.641588833612781763e+07 6.137293997566810333e+01
4.738879609717650712e+07 6.018945761125857530e+01
4.838209664925957471e+07 5.902884769056295511e+01
4.939621743878325820e+07 5.789060385637782247e+01
5.043159487171358615e+07 5.677402387843682163e+01
5.148867450137497485e+07 5.567875989907565781e+01
5.256791122018418461e+07 5.460466848715361721e+01
5.366976945540475845e+07 5.355128066523892016e+01
5.479472336900292337e+07 5.251794546302850364e+01
5.594325706169377267e+07 5.150434108406630429e+01
5.711586478126434237e+07 5.051033561689985873e+01
5.831305113526218385e+07 4.953549470376336217e+01
5.953533130814369768e+07 4.857921489114537650e+01
6.078323128297235817e+07 4.764119849172336529e+01
6.205728806776500493e+07 4.672132419566177930e+01
6.335804992658253759e+07 4.581918970832523996e+01
6.468607661546321213e+07 4.493423562382266567e+01
6.604193962330305576e+07 4.406618655834053300e+01
6.742622241778348386e+07 4.321493095774684434e+01
6.883952069645495713e+07 4.238009622335826521e+01
7.028244264308351278e+07 4.156116378130626288e+01
7.175560918936920166e+07 4.075787888065262621e+01
7.325965428215231001e+07 3.997013894444013715e+01
7.479522515621829033e+07 3.919759887746130289e+01
7.636298261282241344e+07 3.843977795753471582e+01
7.796360130405236781e+07 3.769644052109072874e+01
7.959777002314977348e+07 3.696749225107182468e+01
8.126619200091944635e+07 3.625261352587528307e+01
8.296958520834915340e+07 3.555135871205627751e+01
8.470868266557401419e+07 3.486350980383300424e+01
8.648423275731725991e+07 3.418898008399373367e+01
8.829699955494081974e+07 3.352747352402502656e+01
9.014776314524917305e+07 3.287857701862168369e+01
9.203731996618229151e+07 3.224208889727506033e+01
9.396648314954690635e+07 3.161792943460876515e+01
9.593608287093147635e+07 3.100582445381892072e+01
9.794696670695386827e+07 3.040539100427178809e+01
1.000000000000000000e+08 2.981644252728369082e+01
1.020960662306047529e+08 2.923890572940698007e+01
1.042360673976403177e+08 2.867252667300844848e+01
1.064209244064722359e+08 2.811695036192984887e+01
1.086515774652537256e+08 2.757200421735916507e+01
1.109289864895222783e+08 2.703762086269735221e+01
1.132541315152812600e+08 2.651356510578653314e+01
1.156280131207377762e+08 2.599950786550530779e+01
1.180516528568803072e+08 2.549528949588492210e+01
1.205260936870841384e+08 2.500084806275030402e+01
1.230524004359261543e+08 2.451596573621827702e+01
1.256316602474121451e+08 2.404033745970377467e+01
1.282649830528062433e+08 2.357381555143118490e+01
1.309535020482665002e+08 2.311634308296296680e+01
1.336983741824945360e+08 2.266771830561465251e+01
1.365007806546013653e+08 2.222765843495851357e+01
1.393619274224143326e+08 2.179602685723168776e+01
1.422830457214354575e+08 2.137277124784772653e+01
1.452653925946778059e+08 2.095770475275593725e+01
1.483102514336102903e+08 2.055056523528497792e+01
1.514189325304352045e+08 2.015122632070381314e+01
1.545927736419478357e+08 1.975963991828841770e+01
1.578331405652119517e+08 1.937563296975957527e+01
1.611414277253016531e+08 1.899896248024143830e+01
1.645190587753660679e+08 1.862951154715418056e+01
1.679674872092653215e+08 1.826723597324017945e+01
1.714881969870540798e+08 1.791197547812535262e+01
1.750827031735726893e+08 1.756350481283348586e+01
1.787525525904231668e+08 1.722171583744501788e+01
1.824993244816150367e+08 1.688656793476114970e+01
1.863246311931559741e+08 1.655791265976490934e+01
1.902301188668946028e+08 1.623554121528186656e+01
1.942174681489028633e+08 1.591935356762423837e+01
1.982883949127075374e+08 1.560931239138882631e+01
2.024446509976801872e+08 1.530528020380189247e+01
2.066880249629082084e+08 1.500706345984757561e+01
2.110203428568596542e+08 1.471456962490100118e+01
2.154434690031886399e+08 1.442776440003969896e+01
2.199593068030070364e+08 1.414652045603057928e+01
2.245697995539771616e+08 1.387065838793480488e+01
2.292769312865648568e+08 1.360009259847879726e+01
2.340827276178294122e+08 1.333479157104200574e+01
2.389892566231052577e+08 1.307463738101001205e+01
2.439986297259555161e+08 1.281946373248340976e+01
2.491130026067785919e+08 1.256919144591111603e+01
2.543345761304648221e+08 1.232379156237635165e+01
2.596655972934872508e+08 1.208315486813187078e+01
2.651083601908541918e+08 1.184712722059194689e+01
2.706652070033235550e+08 1.161563537711436744e+01
2.763385290053166747e+08 1.138865272985675858e+01
2.821307675939470530e+08 1.116607813346195854e+01
2.880444153396297693e+08 1.094776871254333273e+01
2.940820170587067008e+08 1.073365671659485443e+01
3.002461709085555673e+08 1.052371769877962571e+01
3.065395295056523085e+08 1.031785798700751222e+01
3.129648010670750141e+08 1.011594515159655927e+01
3.195247505759213567e+08 9.917916522770870102e+00
3.262222009711673260e+08 9.723749639841697601e+00
3.330600343624581695e+08 9.533357752714781697e+00
3.400411932703702450e+08 9.346618115882247224e+00
3.471686818926559091e+08 9.163472759634824882e+00
3.544455673970435262e+08 8.983901048608606388e+00
3.618749812411283851e+08 8.807822644139791990e+00
3.694601205199309587e+08 8.635123778819709273e+00
3.772042493416993618e+08 8.465750830918500114e+00
3.851107002325568795e+08 8.299684842425143927e+00
3.931828755705770254e+08 8.136851413218664675e+00
4.014242490499325991e+08 7.977145099428157415e+00
4.098383671757252812e+08 7.820516301485644917e+00
4.184288507901575565e+08 7.666947602731021938e+00
4.271993966306776404e+08 7.516370103548428716e+00
4.361537789208005667e+08 7.368686076718510058e+00
4.452958509942659736e+08 7.223849643462359360e+00
4.546295469532408714e+08 7.081844803370024088e+00
4.641588833612772226e+08 6.942607751610228917e+00
4.738879609717651010e+08 6.806047914957554568e+00
4.838209664925957322e+08 6.672122856620452680e+00
4.939621743878325820e+08 6.540817877426404081e+00
5.043159487171348333e+08 6.412073891484543431e+00
5.148867450137487054e+08 6.285806957923930405e+00
5.256791122018419504e+08 6.161977824034483575e+00
5.366976945540476441e+08 6.040572986085393836e+00
5.479472336900292635e+08 5.921537729036582043e+00
5.594325706169389486e+08 5.804794260730462341e+00
5.711586478126422167e+08 5.690306273932628223e+00
5.831305113526217937e+08 5.578061363105774717e+00
5.953533130814369917e+08 5.468008861621703076e+00
6.078323128297235966e+08 5.360076677655167821e+00
6.205728806776486635e+08 5.254231228672693099e+00
6.335804992658240795e+08 5.150461117955516421e+00
6.468607661546320915e+08 5.048719428625459749e+00
6.604193962330304384e+08 4.948939353441422995e+00
6.742622241778348684e+08 4.851089830369862632e+00
6.883952069645509720e+08 4.755160389321022585e+00
7.028244264308338165e+08 4.661107586524130042e+00
7.175560918936921358e+08 4.568869513870379429e+00
7.325965428215229511e+08 4.478417440910787306e+00
7.479522515621827841e+08 4.389741748666025067e+00
7.636298261282258034e+08 4.302802210197566701e+00
7.796360130405220985e+08 4.217541459161371797e+00
7.959777002314977646e+08 4.133932921925445925e+00
8.126619200091946125e+08 4.051967761192973860e+00
8.296958520834914446e+08 3.971608729492507095e+00
8.470868266557419300e+08 3.892802670902312467e+00
8.648423275731709003e+08 3.815525006935041930e+00
8.829699955494083166e+08 3.739767618157349371e+00
9.014776314524917603e+08 3.665496016711535354e+00
9.203731996618230343e+08 3.592660949886228305e+00
9.396648314954710007e+08 3.521239684752932142e+00
9.593608287093126774e+08 3.451224761130605057e+00
9.794696670695385933e+08 3.382584247101954489e+00
1.000000000000000000e+09 3.315272508326380319e+00
1.020960662306047559e+09 3.249268519073032824e+00
1.042360673976403356e+09 3.184565424531285771e+00
1.064209244064726830e+09 3.121133660072211935e+00
1.086515774652537346e+09 3.058930945638508092e+00
1.109289864895222664e+09 2.997937834690378001e+00
1.132541315152812481e+09 2.938148028286563296e+00
1.156280131207372904e+09 2.879534154345544383e+00
1.180516528568803072e+09 2.822057042224566548e+00
1.205260936870841503e+09 2.765698706155483855e+00
1.230524004359261513e+09 2.710453357597531809e+00
1.256316602474121332e+09 2.656295655142792977e+00
1.282649830528062582e+09 2.603189310534549605e+00
1.309535020482670307e+09 2.551117689235787633e+00
1.336983741824945211e+09 2.500075471318135012e+00
1.365007806546013832e+09 2.450039196117261842e+00
1.393619274224143505e+09 2.400975247262797208e+00
1.422830457214349031e+09 2.352868240107143905e+00
1.452653925946778297e+09 2.305713284964420851e+00
1.483102514336102724e+09 2.259488663021631538e+00
1.514189325304351807e+09 2.214163234625941001e+00
1.545927736419478655e+09 2.169722771268258743e+00
1.578331405652119875e+09 2.126162778260694441e+00
1.611414277253023148e+09 2.083463149991885643e+00
1.645190587753660679e+09 2.041595042565047091e+00
1.679674872092653036e+09 2.000545296888363023e+00
1.714881969870540857e+09 1.960309780899791354e+00
1.750827031735726833e+09 1.920869883021178559e+00
1.787525525904231787e+09 1.882198887329856740e+00
1.824993244816150427e+09 1.844284623923207356e+00
1.863246311931559801e+09 1.807123293636657246e+00
1.902301188668945789e+09 1.770697668539166658e+00
1.942174681489028454e+09 1.734983005122141542e+00
1.982883949127075434e+09 1.699968048455627878e+00
2.024446509976801872e+09 1.665649304971458022e+00
2.066880249629082203e+09 1.632010828140690206e+00
2.110203428568596601e+09 1.599029702630018646e+00
2.154434690031886578e+09 1.566695519829512495e+00
2.199593068030070305e+09 1.535005066703513554e+00
2.245697995539771557e+09 1.503943583409583784e+00
2.292769312865648746e+09 1.473489849061827561e+00
2.340827276178294182e+09 1.443634237857310598e+00
2.389892566231052876e+09 1.414373794282815622e+00
2.439986297259555340e+09 1.385694857450557427e+00
2.491130026067785740e+09 1.357577776928994062e+00
2.543345761304647923e+09 1.330013650973621120e+00
2.596655972934872150e+09 1.302999760467693946e+00
2.651083601908541679e+09 1.276523462215632732e+00
2.706652070033235550e+09 1.250566561275926247e+00
2.763385290053166866e+09 1.225120825616854425e+00
2.821307675939470768e+09 1.200183753125657615e+00
2.880444153396297932e+09 1.175743643022079787e+00
2.940820170587066650e+09 1.151783649272900778e+00
3.002461709085555077e+09 1.128296159282954347e+00
3.065395295056523800e+09 1.105278870141044090e+00
3.129648010670750618e+09 1.082720953762094096e+00
3.195247505759213448e+09 1.060606814195286240e+00
3.262222009711673260e+09 1.038929411777259171e+00
3.330600343624581814e+09 1.017686626463360611e+00
3.400411932703702450e+09 9.968684382774207764e-01
3.471686818926559448e+09 9.764604097281660566e-01
3.544455673970435619e+09 9.564560310659204756e-01
3.618749812411283970e+09 9.368533501187887857e-01
3.694601205199309826e+09 9.176430951971003003e-01
3.772042493416993618e+09 8.988119023228124949e-01
3.851107002325568676e+09 8.803537518648145710e-01
3.931828755705770016e+09 8.622668457661243346e-01
4.014242490499325752e+09 8.445426052147744223e-01
4.098383671757252693e+09 8.271686609850067429e-01
4.184288507901576042e+09 8.101394467555714796e-01
4.271993966306777000e+09 7.934533059609181205e-01
4.361537789208005905e+09 7.771023013394495749e-01
4.452958509942660332e+09 7.610749854031482187e-01
4.546295469532408714e+09 7.453662110898385817e-01
4.641588833612771988e+09 7.299744517399178179e-01
4.738879609717651367e+09 7.148923641057418621e-01
4.838209664925957680e+09 7.001093547404767525e-01
4.939621743878325462e+09 6.856206643448261584e-01
5.043159487171347618e+09 6.714248855385863690e-01
5.148867450137486458e+09 6.575152250545163168e-01
5.256791122018419266e+09 6.438818807274534484e-01
5.366976945540475845e+09 6.305204518864636620e-01
5.479472336900292397e+09 6.174296406818202687e-01
5.594325706169388771e+09 6.046031630422740166e-01
5.711586478126422882e+09 5.920319499008732667e-01
5.831305113526218414e+09 5.797119322655573948e-01
5.953533130814370155e+09 5.676419128741740927e-01
6.078323128297236443e+09 5.558160790772552762e-01
6.205728806776488304e+09 5.442260409643392416e-01
6.335804992658241272e+09 5.328680362957847194e-01
6.468607661546320915e+09 5.217409601940272701e-01
6.604193962330305099e+09 5.108394364424536649e-01
6.742622241778348923e+09 5.001557042830844235e-01
6.883952069645509720e+09 4.896862851712162623e-01
7.028244264308338165e+09 4.794301590886823616e-01
7.175560918936921120e+09 4.693823538474425350e-01
7.325965428215229988e+09 4.595356914852474772e-01
7.479522515621828079e+09 4.498869558251165079e-01
7.636298261282225609e+09 4.404352048074501313e-01
7.796360130405220985e+09 4.311758402591301942e-01
7.959777002314977646e+09 4.221022240410179371e-01
8.126619200091945648e+09 4.132113826164994785e-01
8.296958520834915161e+09 4.045024455558793863e-01
8.470868266557419777e+09 3.959711609038950031e-01
8.648423275731708527e+09 3.876113905081510214e-01
8.829699955494083405e+09 3.794203852262116872e-01
9.014776314524917603e+09 3.713973404545227175e-01
9.203731996618228912e+09 3.635383247111558802e-01
9.396648314954671860e+09 3.558376629031977934e-01
9.593608287093128204e+09 3.482928134059297132e-01
9.794696670695384979e+09 3.409030321197137336e-01
1.000000000000000000e+10 3.336646841922066287e-01
1.020960662306047440e+10 3.265725233616428302e-01
1.042360673976403236e+10 3.196241999107979348e-01
1.064209244064726830e+10 3.128190253628706508e-01
1.086515774652537155e+10 3.061536394140345063e-01
1.109289864895222664e+10 2.996231929056346055e-01
1.132541315152812576e+10 2.932255135903313326e-01
1.156280131207373047e+10 2.869599641385716660e-01
1.180516528568803024e+10 2.808234383449861871e-01
1.205260936870841217e+10 2.748114547460175916e-01
1.230524004359261703e+10 2.689220052101551905e-01
1.256316602474121475e+10 2.631544994515478408e-01
1.282649830528062630e+10 2.575060664249037012e-01
1.309535020482670403e+10 2.519725651041815340e-01
1.336983741824945259e+10 2.465521391225891645e-01
1.365007806546013641e+10 2.412442414753936670e-01
1.393619274224143410e+10 2.360462187393517763e-01
1.422830457214348984e+10 2.309542450620877541e-01
1.452653925946778107e+10 2.259666044186572353e-01
1.483102514336102867e+10 2.210827896352575983e-01
1.514189325304351997e+10 2.163003486692053334e-01
1.545927736419478416e+10 2.116157474282307493e-01
1.578331405652119637e+10 2.070273996636775304e-01
1.611414277253023148e+10 2.025348348688708611e-01
1.645190587753660774e+10 1.981357873425211857e-01
1.679674872092653275e+10 1.938269930526679563e-01
1.714881969870541000e+10 1.896069857558440042e-01
1.750827031735726929e+10 1.854753287115407934e-01
1.787525525904231644e+10 1.814299286329455196e-01
1.824993244816150284e+10 1.774677714391313388e-01
1.863246311931559753e+10 1.735875018544948412e-01
1.902301188668945694e+10 1.697887142447002118e-01
1.942174681489028549e+10 1.660694748418273803e-01
1.982883949127075195e+10 1.624270008805726029e-01
2.024446509976801682e+10 1.588600396950596016e-01
2.066880249629082108e+10 1.553682143180218633e-01
2.110203428568596649e+10 1.519497385597845529e-01
2.154434690031886673e+10 1.486020437019315577e-01
2.199593068030070114e+10 1.453239719587454404e-01
2.245697995539771652e+10 1.421151727931490583e-01
2.292769312865648651e+10 1.389739965374642283e-01
2.340827276178294373e+10 1.358980725191523409e-01
2.389892566231052399e+10 1.328863306839425662e-01
2.439986297259555435e+10 1.299384448734072217e-01
2.491130026067786026e+10 1.270528917052646256e-01
2.543345761304648209e+10 1.242274837268260157e-01
2.596655972934872437e+10 1.214612320041080357e-01
2.651083601908541489e+10 1.187538328756954226e-01
2.706652070033235550e+10 1.161038797669814160e-01
2.763385290053166962e+10 1.135093547086951649e-01
2.821307675939470673e+10 1.109693437731327365e-01
2.880444153396297836e+10 1.084835640699678694e-01
2.940820170587066650e+10 1.060507170575563374e-01
3.002461709085555267e+10 1.036689415238328388e-01
3.065395295056523514e+10 1.013373928930788037e-01
3.129648010670750427e+10 9.905580746284851912e-02
3.195247505759213638e+10 9.682298660099979137e-02
3.262222009711672974e+10 9.463721406282266102e-02
3.330600343624581909e+10 9.249770939588661256e-02
3.400411932703702927e+10 9.040422663289379712e-02
3.471686818926559448e+10 8.835565953085124102e-02
3.544455673970435333e+10 8.635042589107042033e-02
3.618749812411283875e+10 8.438780454896371852e-02
3.694601205199309540e+10 8.246756593935547497e-02
3.772042493416993713e+10 8.058868924667994538e-02
3.851107002325569153e+10 7.874971620203456701e-02
3.931828755705770111e+10 7.694998045713564994e-02
4.014242490499325562e+10 7.518926762533492680e-02
4.098383671757252502e+10 7.346663587435522946e-02
4.184288507901576233e+10 7.178074149511552704e-02
4.271993966306776428e+10 7.013096882060153303e-02
4.361537789208005524e+10 6.851711751959874142e-02
4.452958509942659760e+10 6.693831877807926434e-02
4.546295469532408905e+10 6.539333476886026453e-02
4.641588833612772369e+10 6.388159668239830336e-02
4.738879609717650604e+10 6.240291721164191452e-02
4.838209664925956726e+10 6.095649503973781663e-02
4.939621743878325653e+10 5.954119018482693232e-02
5.043159487171348572e+10 5.815647715901861581e-02
5.148867450137487030e+10 5.680218073223040204e-02
5.256791122018418884e+10 5.547756197482117679e-02
5.366976945540475464e+10 5.418157130837147201e-02
5.479472336900292206e+10 5.291372329702103555e-02
5.594325706169388580e+10 5.167385391750526497e-02
5.711586478126422882e+10 5.046128189813890025e-02
5.831305113526218414e+10 4.927504117334623179e-02
5.953533130814369965e+10 4.811468333593675595e-02
6.078323128297235870e+10 4.698005476976321870e-02
6.205728806776487732e+10 4.587052748451520695e-02
6.335804992658241272e+10 4.478521254779288530e-02
6.468607661546320343e+10 4.372369578546223684e-02
6.604193962330305481e+10 4.268583325336171297e-02
6.742622241778349304e+10 4.167104619247608693e-02
6.883952069645510864e+10 4.067851689768123974e-02
7.028244264308338928e+10 3.970786284282403628e-02
7.175560918936921692e+10 3.875894907965215380e-02
7.325965428215229797e+10 3.783124233288496369e-02
7.479522515621827698e+10 3.692399065767654198e-02
7.636298261282226562e+10 3.603684078566879445e-02
7.796360130405221558e+10 3.516966614249105588e-02
7.959777002314976501e+10 3.432197546904151852e-02
8.126619200091944885e+10 3.349307752077221312e-02
8.296958520834915161e+10 3.268264607702907332e-02
8.470868266557418823e+10 3.189056236475999034e-02
8.648423275731707764e+10 3.111637393284797867e-02
8.829699955494082642e+10 3.035944555426591321e-02
9.014776314524917603e+10 2.961947601253111725e-02
9.203731996618229675e+10 2.889635380861504607e-02
9.396648314954670715e+10 2.818966233138973584e-02
9.593608287093125916e+10 2.749881803809058403e-02
9.794696670695385742e+10 2.682354282693967876e-02
1.000000000000000000e+11 2.616373198709744455e-02
1.020960662306047516e+11 2.551900200179571879e-02
1.042360673976403351e+11 2.488881700326801144e-02
1.064209244064726715e+11 2.427292025740979131e-02
1.086515774652537231e+11 2.367121339364735427e-02
1.109289864895222778e+11 2.308334344989098133e-02
1.132541315152812653e+11 2.250881852428944854e-02
1.156280131207372894e+11 2.194740163516882905e-02
1.180516528568803101e+11 2.139900033898271825e-02
1.205260936870841370e+11 2.086328987927797002e-02
1.230524004359261475e+11 2.033981888930117346e-02
1.256316602474121399e+11 1.982836864634253751e-02
1.282649830528062439e+11 1.932885225240275201e-02
1.309535020482670288e+11 1.884097098418073893e-02
1.336983741824945221e+11 1.836431083699939862e-02
1.365007806546013794e+11 1.789866996629187537e-02
1.393619274224143372e+11 1.744396666717776267e-02
1.422830457214349060e+11 1.699992624047670653e-02
1.452653925946778259e+11 1.656616910943478974e-02
1.483102514336102905e+11 1.614250903096993081e-02
1.514189325304352112e+11 1.572886916749450040e-02
1.545927736419478455e+11 1.532499698623597702e-02
1.578331405652119751e+11 1.493054462553974199e-02
1.611414277253023071e+11 1.454534026345464907e-02
1.645190587753660583e+11 1.416931162819788821e-02
1.679674872092653198e+11 1.380222663578961097e-02
1.714881969870540771e+11 1.344376663189544852e-02
1.750827031735719604e+11 1.309377312439752479e-02
1.787525525904231873e+11 1.275217812810735055e-02
1.824993244816150513e+11 1.241876841991250251e-02
1.863246311931559753e+11 1.209325223497897603e-02
1.902301188668945618e+11 1.177548340206081498e-02
1.942174681489028320e+11 1.146539796374753534e-02
1.982883949127075500e+11 1.116280008991546446e-02
2.024446509976802063e+11 1.086742276339043578e-02
2.066880249629082031e+11 1.057913120095938485e-02
2.110203428568596497e+11 1.029786523284149415e-02
2.154434690031877747e+11 1.002344506515019142e-02
2.199593068030070190e+11 9.755626449517844703e-03
2.245697995539771729e+11 9.494285128318406125e-03
2.292769312865648804e+11 9.239364496342231114e-03
2.340827276178294067e+11 8.990699542049779627e-03
2.389892566231052551e+11 8.748066957995266971e-03
2.439986297259555054e+11 8.511352214750748241e-03
2.491130026067796021e+11 8.280502064289442174e-03
2.543345761304648132e+11 8.055365118724970921e-03
2.596655972934872437e+11 7.835737323447373656e-03
2.651083601908530884e+11 7.621513140012693178e-03
2.706652070033235779e+11 7.412642484522896300e-03
2.763385290053167114e+11 7.208986522151094624e-03
2.821307675939470825e+11 7.010358892512766338e-03
2.880444153396297607e+11 6.816662366547139237e-03
2.940820170587066650e+11 6.627849844571560151e-03
3.002461709085555420e+11 6.443794055756822854e-03
3.065395295056536255e+11 6.264324895214149272e-03
3.129648010670750732e+11 6.089352813079365254e-03
3.195247505759213257e+11 5.918833526013732652e-03
3.262222009711659546e+11 5.752650413572027964e-03
3.330600343624581909e+11 5.590648298617124229e-03
3.400411932703702393e+11 5.432744727824343964e-03
3.471686818926559448e+11 5.278898077371685198e-03
3.544455673970435181e+11 5.129001533391951487e-03
3.618749812411284180e+11 4.982913621502855529e-03
3.694601205199309692e+11 4.840558446195189317e-03
3.772042493417008667e+11 4.701896896464064120e-03
3.851107002325568848e+11 4.566831185801014693e-03
3.931828755705770264e+11 4.435232412682805353e-03
4.014242490499309692e+11 4.307030741308094657e-03
4.098383671757252808e+11 4.182189436079954484e-03
4.184288507901575928e+11 4.060619018379113890e-03
4.271993966306776123e+11 3.942202117667249761e-03
4.361537789208005371e+11 3.826874497276010808e-03
4.452958509942659912e+11 3.714601668139758898e-03
4.546295469532408447e+11 3.605301795333707739e-03
4.641588833612791138e+11 3.498868078875039343e-03
4.738879609717650757e+11 3.395241455353661692e-03
4.838209664925957031e+11 3.294389561192152642e-03
4.939621743878305664e+11 3.196237592085517977e-03
5.043159487171348267e+11 3.100688433540143771e-03
5.148867450137487183e+11 3.007687801592997916e-03
5.256791122018419189e+11 2.917205344315866589e-03
5.366976945540476074e+11 2.829172722230666355e-03
5.479472336900292969e+11 2.743501690978160726e-03
5.594325706169388428e+11 2.660142381867823275e-03
5.711586478126446533e+11 2.579066347403761224e-03
5.831305113526218262e+11 2.500211190865458868e-03
5.953533130814368896e+11 2.423496787150207672e-03
6.078323128297211914e+11 2.348877346054338046e-03
6.205728806776488037e+11 2.276326223395234126e-03
6.335804992658240967e+11 2.205786483566797660e-03
6.468607661546320801e+11 2.137185429470613365e-03
6.604193962330305176e+11 2.070481037912783907e-03
6.742622241778348389e+11 2.005648372523184675e-03
6.883952069645510254e+11 1.942635514540655590e-03
7.028244264308366699e+11 1.881376558746831714e-03
7.175560918936921387e+11 1.821832960868781902e-03
7.325965428215229492e+11 1.763981402025798688e-03
7.479522515621828613e+11 1.707774570581808158e-03
7.636298261282225342e+11 1.653152768029903744e-03
7.796360130405220947e+11 1.600080662539376695e-03
7.959777002314978027e+11 1.548536467179577021e-03
8.126619200091945801e+11 1.498477099650133209e-03
8.296958520834915771e+11 1.449848530077732034e-03
8.470868266557419434e+11 1.402618392561673279e-03
8.648423275731743164e+11 1.356766351002650041e-03
8.829699955494082031e+11 1.312253204153067485e-03
9.014776314524916992e+11 1.269030096202264238e-03
9.203731996618229980e+11 1.227067399116816724e-03
9.396648314954670410e+11 1.186346150599943772e-03
9.593608287093126221e+11 1.146830709437993319e-03
9.794696670695385742e+11 1.108476939496394042e-03
1.000000000000000000e+12 1.071257739590398628e-03
1.020960662306047485e+12 1.035155447989451151e-03
1.042360673976403198e+12 1.000137687678788164e-03
1.064209244064726929e+12 9.661646249205015644e-04
1.086515774652537354e+12 9.332114901060491489e-04
1.109289864895222656e+12 9.012618523549326089e-04
1.132541315152812744e+12 8.702863262778548405e-04
1.156280131207372803e+12 8.402489975060535967e-04
1.180516528568802979e+12 8.111272472816889690e-04
1.205260936870841309e+12 7.829058091329442123e-04
1.230524004359261719e+12 7.555580382019013103e-04
1.256316602474121338e+12 7.290515880696860291e-04
1.282649830528062500e+12 7.033658235423705411e-04
1.309535020482670410e+12 6.784865791663280236e-04
1.336983741824945068e+12 6.543897193529832259e-04
1.365007806546013672e+12 6.310461433706565084e-04
1.393619274224143311e+12 6.084370447171571442e-04
1.422830457214348877e+12 5.865492984164541023e-04
1.452653925946778320e+12 5.653610651928702097e-04
1.483102514336102783e+12 5.448461946257358640e-04
1.514189325304351807e+12 5.249875655012183149e-04
1.545927736419478516e+12 5.057730354478189938e-04
1.578331405652119873e+12 4.871828654403481955e-04
1.611414277253023193e+12 4.691935847753767410e-04
1.645190587753660889e+12 4.517896247201087269e-04
1.679674872092653076e+12 4.349597701374966971e-04
1.714881969870540771e+12 4.186862017782808066e-04
1.750827031735719727e+12 4.029478808967017363e-04
1.787525525904231689e+12 3.877306682229774695e-04
1.824993244816150391e+12 3.730242228402101093e-04
1.863246311931559814e+12 3.588124791806949804e-04
1.902301188668945801e+12 3.450766037259702995e-04
1.942174681489028320e+12 3.318037726971757558e-04
1.982883949127075439e+12 3.189844686062859032e-04
2.024446509976801758e+12 3.066042267359143664e-04
2.066880249629082031e+12 2.946462114230170848e-04
2.110203428568596680e+12 2.830988087676616937e-04
2.154434690031877930e+12 2.719532760240389287e-04
2.199593068030070312e+12 2.611966087245809931e-04
2.245697995539771484e+12 2.508137795019294881e-04
2.292769312865648926e+12 2.407942864508441226e-04
2.340827276178293945e+12 2.311301148799370429e-04
2.389892566231052246e+12 2.218095912480185655e-04
2.439986297259555176e+12 2.128193233049193724e-04
2.491130026067796387e+12 2.041498304010825997e-04
2.543345761304647949e+12 1.957937811170454897e-04
2.596655972934872070e+12 1.877407139105284194e-04
2.651083601908530762e+12 1.799787135279978258e-04
2.706652070033235840e+12 1.724992364457763184e-04
2.763385290053166992e+12 1.652955915560434439e-04
2.821307675939470703e+12 1.583584199712374915e-04
2.880444153396297852e+12 1.516771391482795057e-04
2.940820170587066406e+12 1.452440646755954936e-04
3.002461709085555176e+12 1.390531045463224032e-04
3.065395295056536133e+12 1.330959020162927528e-04
3.129648010670750488e+12 1.273630756709284739e-04
3.195247505759213867e+12 1.218477278598192106e-04
3.262222009711660156e+12 1.165443261519598107e-04
3.330600343624582031e+12 1.114454235769663632e-04
3.400411932703702637e+12 1.065427199272182742e-04
3.471686818926559082e+12 1.018300372089438177e-04
3.544455673970435547e+12 9.730236467231984565e-05
3.618749812411284180e+12 9.295308025585766697e-05
3.694601205199310059e+12 8.877485573451788777e-05
3.772042493417008789e+12 8.476217053139663380e-05
3.851107002325568848e+12 8.091049926588690276e-05
3.931828755705770020e+12 7.721396683880116598e-05
4.014242490499309570e+12 7.366611759251802123e-05
4.098383671757252930e+12 7.026203064207806677e-05
4.184288507901576172e+12 6.699763120596169408e-05
4.271993966306776855e+12 6.386771957982548449e-05
4.361537789208005859e+12 6.086662224931695619e-05
4.452958509942660156e+12 5.798996449095823329e-05
4.546295469532409180e+12 5.523408885936338284e-05
4.641588833612791016e+12 5.259440536116883084e-05
4.738879609717650391e+12 5.006594043893865384e-05
4.838209664925957031e+12 4.764481590175777677e-05
4.939621743878305664e+12 4.532775985539115441e-05
5.043159487171347656e+12 4.311073176208055562e-05
5.148867450137486328e+12 4.098938338022583715e-05
5.256791122018418945e+12 3.896028705630668265e-05
5.366976945540475586e+12 3.702052611564944710e-05
5.479472336900291992e+12 3.516655423177566218e-05
5.594325706169388672e+12 3.339458074669809896e-05
5.711586478126446289e+12 3.170158593840901218e-05
5.831305113526218750e+12 3.008497945302642727e-05
5.953533130814370117e+12 2.854165855924875659e-05
6.078323128297210938e+12 2.706832877534220595e-05
6.205728806776487305e+12 2.566233887093166054e-05
6.335804992658241211e+12 2.432139732965325185e-05
6.468607661546321289e+12 2.304279867680569829e-05
6.604193962330305664e+12 2.182368898875703593e-05
6.742622241778348633e+12 2.066174904914084659e-05
6.883952069645509766e+12 1.955496009645533363e-05
7.028244264308366211e+12 1.850097153023220502e-05
7.175560918936920898e+12 1.749731966533162169e-05
7.325965428215229492e+12 1.654198359784675923e-05
7.479522515621797852e+12 1.563319262590837880e-05
7.636298261282225586e+12 1.476891230288491915e-05
7.796360130405220703e+12 1.394702371181700878e-05
7.959777002314977539e+12 1.316577316552109654e-05
8.126619200091945312e+12 1.242361470172117805e-05
8.296958520834915039e+12 1.171879469958070024e-05
8.470868266557419922e+12 1.104949797833811259e-05
8.648423275731745117e+12 1.041420942153036496e-05
8.829699955494082031e+12 9.811585849518819562e-06
9.014776314524917969e+12 9.240122284358755510e-06
9.203731996618228516e+12 8.698270311939382187e-06
9.396648314954669922e+12 8.184727046731270464e-06
9.593608287093126953e+12 7.698331485096243505e-06
9.794696670695386719e+12 7.237798027254861324e-06
1.000000000000000000e+13 6.801811774888828492e-06
1.020960662306047461e+13 6.389257907281075870e-06
1.042360673976403125e+13 5.999138326301708252e-06
1.064209244064726758e+13 5.630360254937626875e-06
1.086515774652537305e+13 5.281812464036881810e-06
1.109289864895222656e+13 4.952546082108662994e-06
1.132541315152812695e+13 4.641707965822872975e-06
1.156280131207373047e+13 4.348374122165742844e-06
1.180516528568803125e+13 4.071610260860203104e-06
1.205260936870841211e+13 3.810613279425785235e-06
1.230524004359261523e+13 3.564658339162595288e-06
1.256316602474121484e+13 3.332968530487409526e-06
1.282649830528062695e+13 3.114762624131878969e-06
1.309535020482670312e+13 2.909364933228827434e-06
1.336983741824945312e+13 2.716163551306411159e-06
1.365007806546013672e+13 2.534509123905619884e-06
1.393619274224143359e+13 2.363752214984485442e-06
1.422830457214349023e+13 2.203327923480327298e-06
1.452653925946778320e+13 2.052723153648633138e-06
1.483102514336102734e+13 1.911398595019923183e-06
1.514189325304351953e+13 1.778817724003515761e-06
1.545927736419478516e+13 1.654511420063243635e-06
1.578331405652119727e+13 1.538052496139255803e-06
1.611414277253023242e+13 1.428996046041765767e-06
1.645190587753660742e+13 1.326901758945839527e-06
1.679674872092653125e+13 1.231382818186772364e-06
1.714881969870541016e+13 1.142086226449919178e-06
1.750827031735719922e+13 1.058647575796782517e-06
1.787525525904231641e+13 9.807080588883586207e-07
1.824993244816150391e+13 9.079511212764737417e-07
1.863246311931559766e+13 8.400873780767107631e-07
1.902301188668945703e+13 7.768206163526544929e-07
1.942174681489028516e+13 7.178606361826516186e-07
1.982883949127075391e+13 6.629504466536546575e-07
2.024446509976801562e+13 6.118547929685627283e-07
2.066880249629082031e+13 5.643348316792701043e-07
2.110203428568596484e+13 5.201577222062094982e-07
2.154434690031877734e+13 4.791165905161530092e-07
2.199593068030070312e+13 4.410218728189909445e-07
2.245697995539771484e+13 4.056826274174471821e-07
2.292769312865648828e+13 3.729136184381363853e-07
2.340827276178294141e+13 3.425498039162208552e-07
2.389892566231052344e+13 3.144398587794071764e-07
2.439986297259555078e+13 2.884325176720505724e-07
2.491130026067785938e+13 2.643817432687479490e-07
2.543345761304648438e+13 2.421571131664475878e-07
2.596655972934872656e+13 2.216390147491144709e-07
2.651083601908530859e+13 2.027087646210339257e-07
2.706652070033235938e+13 1.852523301026431112e-07
2.763385290053166797e+13 1.691676793288496330e-07
2.821307675939470703e+13 1.543612474899661663e-07
2.880444153396297656e+13 1.407408624767919924e-07
2.940820170587066797e+13 1.282183864962591215e-07
3.002461709085555078e+13 1.167148448266564181e-07
3.065395295056535938e+13 1.061578501499589796e-07
3.129648010670750391e+13 9.647659135618801792e-08
3.195247505759213672e+13 8.760367949093575176e-08
3.262222009711659766e+13 7.947867274027014305e-08
3.330600343624581641e+13 7.204621608251794783e-08
3.400411932703702734e+13 6.525253036167347098e-08
3.471686818926559766e+13 5.904668013101422869e-08
3.544455673970435938e+13 5.338295686801521879e-08
3.618749812411284375e+13 4.821954763368310462e-08
3.694601205199309375e+13 4.351610276400103725e-08
3.772042493417008594e+13 3.923459005478904433e-08
3.851107002325568750e+13 3.534087731222240175e-08
3.931828755705770312e+13 3.180378846264266918e-08
4.014242490499309375e+13 2.859343768444335541e-08
4.098383671757252344e+13 2.568179253076522891e-08
4.184288507901575781e+13 2.304370413709484283e-08
4.271993966306776562e+13 2.065624432889313417e-08
4.361537789208005469e+13 1.849757786006431300e-08
4.452958509942659375e+13 1.654732451146469194e-08
4.546295469532408594e+13 1.478721500893033722e-08
4.641588833612791406e+13 1.320062991126780934e-08
4.738879609717650781e+13 1.177184503572932178e-08
4.838209664925957031e+13 1.048625758134266314e-08
4.939621743878305469e+13 9.330793348530634852e-09
5.043159487171348438e+13 8.293589082466720141e-09
5.148867450137487500e+13 7.363493503916717213e-09
5.256791122018419531e+13 6.530203608684961294e-09
5.366976945540475781e+13 5.784510208238825996e-09
5.479472336900292188e+13 5.118081245078943052e-09
5.594325706169388281e+13 4.523135705156333363e-09
5.711586478126446875e+13 3.992522182822604094e-09
5.831305113526218750e+13 3.519861868613450222e-09
5.953533130814369531e+13 3.099402223810987586e-09
6.078323128297210938e+13 2.725806357764282630e-09
6.205728806776487500e+13 2.394195668820274813e-09
6.335804992658241406e+13 2.100229593497769956e-09
6.468607661546320312e+13 1.840007816507282127e-09
6.604193962330304688e+13 1.609935803332319463e-09
6.742622241778349219e+13 1.406745960803280181e-09
6.883952069645510938e+13 1.227539663303155543e-09
7.028244264308367188e+13 1.069722604635546317e-09
7.175560918936920312e+13 9.309199396216186039e-10
7.325965428215229688e+13 8.089852436283714132e-10
7.479522515621796875e+13 7.020209262862619302e-10
7.636298261282225000e+13 6.083359805163520611e-10
7.796360130405220312e+13 5.263930484076908859e-10
7.959777002314978125e+13 4.548109282088483417e-10
8.126619200091945312e+13 3.923732275967837667e-10
8.296958520834914062e+13 3.380010875683160780e-10
8.470868266557418750e+13 2.907205475649033452e-10
8.648423275731743750e+13 2.496620031385159883e-10
8.829699955494082812e+13 2.140628976030722272e-10
9.014776314524917188e+13 1.832503463501792802e-10
9.203731996618229688e+13 1.566212580593333942e-10
9.396648314954671875e+13 1.336406404824001765e-10
9.593608287093126562e+13 1.138415847657467756e-10
9.794696670695385938e+13 9.681435706564470540e-11
1.000000000000000000e+14 8.219444219452388476e-11
1.020960662306047656e+14 6.966066734233717406e-11
1.042360673976403281e+14 5.893419348819384915e-11
1.064209244064726875e+14 4.977177667383629773e-11
1.086515774652537188e+14 4.195867381348317318e-11
1.109289864895222656e+14 3.530701195611378979e-11
1.132541315152812656e+14 2.965461017216936078e-11
1.156280131207372969e+14 2.486089041628488459e-11
1.180516528568803125e+14 2.080273053867740927e-11
1.205260936870841250e+14 1.737321166420853771e-11
1.230524004359261562e+14 1.448060724502857632e-11
1.256316602474121406e+14 1.204595049565222224e-11
1.282649830528062500e+14 1.000065016262270495e-11
1.309535020482670312e+14 8.285604714805568906e-12
1.336983741824945156e+14 6.850449968066104941e-12
1.365007806546013906e+14 5.652143509438989663e-12
1.393619274224143594e+14 4.653619326731362663e-12
1.422830457214349062e+14 3.823200479044501602e-12
1.452653925946778125e+14 3.134088010363363085e-12
1.483102514336102812e+14 2.563557015576488591e-12
1.514189325304351875e+14 2.092213354272829670e-12
1.545927736419478438e+14 1.703625151732561003e-12
1.578331405652119688e+14 1.383998942762722332e-12
1.611414277253023125e+14 1.121735199266004919e-12
1.645190587753660625e+14 9.070273660780271087e-13
1.679674872092653125e+14 7.316420349050491612e-13
1.714881969870540938e+14 5.887254689272527955e-13
1.750827031735719688e+14 4.725650029880803213e-13
1.787525525904231875e+14 3.783784701606678530e-13
1.824993244816150312e+14 3.021892267643886207e-13
1.863246311931559688e+14 2.407165878480032315e-13
1.902301188668945625e+14 1.912518015785795327e-13
1.942174681489028438e+14 1.515507277438516040e-13
1.982883949127075312e+14 1.197660689372725558e-13
2.024446509976801875e+14 9.438840260551045798e-14
2.066880249629082188e+14 7.418393105587567254e-14
2.110203428568596562e+14 5.814157175667021171e-14
2.154434690031877812e+14 4.543791219602202412e-14
2.199593068030070312e+14 3.540702019404552404e-14
2.245697995539771562e+14 2.751036367370480017e-14
2.292769312865648750e+14 2.131166357446016416e-14
2.340827276178294375e+14 1.645962616785459445e-14
2.389892566231052500e+14 1.267324339492608866e-14
2.439986297259555000e+14 9.727841411645326068e-15
2.491130026067785938e+14 7.443597777281992478e-15
2.543345761304648125e+14 5.677446254405352578e-15
2.596655972934872500e+14 4.316276518619875061e-15
2.651083601908530625e+14 3.270742757974364811e-15
2.706652070033235938e+14 2.470243837482924102e-15
2.763385290053167188e+14 1.859319231624497069e-15
2.821307675939470625e+14 1.394664867066467662e-15
2.880444153396298125e+14 1.042512703335580167e-15
2.940820170587066250e+14 7.765373468112452249e-16
3.002461709085555000e+14 5.763356854621030838e-16
3.065395295056535625e+14 4.261872919330645739e-16
3.129648010670750625e+14 3.140003110127253495e-16
3.195247505759213750e+14 2.304817525362251634e-16
3.262222009711659375e+14 1.685313690067090443e-16
3.330600343624581250e+14 1.227554585496319689e-16
3.400411932703702500e+14 8.906526629250929837e-17
3.471686818926559375e+14 6.436562393592383889e-17
3.544455673970435625e+14 4.632725278394125155e-17
3.618749812411283750e+14 3.320722314096720615e-17
3.694601205199310000e+14 2.370458796229645378e-17
3.772042493417008750e+14 1.685019019434500999e-17
3.851107002325568750e+14 1.192632305876703341e-17
3.931828755705770000e+14 8.404510782154797096e-18
4.014242490499310000e+14 5.896732887344117322e-18
4.098383671757253125e+14 4.118796568252463696e-18
4.184288507901576250e+14 2.863806722525478731e-18
4.271993966306776875e+14 1.982003389552997670e-18
4.361537789208005625e+14 1.365337401549032125e-18
4.452958509942660000e+14 9.360845536637397164e-19
4.546295469532408750e+14 6.386779332030692602e-19
4.641588833612791250e+14 4.336219922698212622e-19
4.738879609717650625e+14 2.929471265711275773e-19
4.838209664925956875e+14 1.969146559991012414e-19
4.939621743878305000e+14 1.316823047009214915e-19
5.043159487171348125e+14 8.760038228110541523e-20
5.148867450137486875e+14 5.796930159858223497e-20
5.256791122018418750e+14 3.815605501002117156e-20
5.366976945540476250e+14 2.497751493633385600e-20
5.479472336900293125e+14 1.626004026016882401e-20
5.594325706169389375e+14 1.052599244210188746e-20
5.711586478126446250e+14 6.775334592945225573e-21
5.831305113526218750e+14 4.335796132446696471e-21
5.953533130814370000e+14 2.758297432732774006e-21
6.078323128297211250e+14 1.744326892915021049e-21
6.205728806776487500e+14 1.096436714471007037e-21
6.335804992658241250e+14 6.849348419200109803e-22
6.468607661546320000e+14 4.251928237039159363e-22
6.604193962330305000e+14 2.622839960002997855e-22
6.742622241778348750e+14 1.607526640214886968e-22
6.883952069645510000e+14 9.787750428741125420e-23
7.028244264308366250e+14 5.919757864693222710e-23
7.175560918936921250e+14 3.556290271955142399e-23
7.325965428215230000e+14 2.121830590455693188e-23
7.479522515621797500e+14 1.257125808464842958e-23
7.636298261282225000e+14 7.395306031864218689e-24
7.796360130405220000e+14 4.319328366584829497e-24
7.959777002314977500e+14 2.504398701416830568e-24
8.126619200091946250e+14 1.441280201005506450e-24
8.296958520834916250e+14 8.231945323017956829e-25
8.470868266557420000e+14 4.665907787491376321e-25
8.648423275731745000e+14 2.624159089805337551e-25
8.829699955494082500e+14 1.464168309000622074e-25
9.014776314524917500e+14 8.103756284203507529e-26
9.203731996618230000e+14 4.448809086934500087e-26
9.396648314954671250e+14 2.422143238474266502e-26
9.593608287093126250e+14 1.307605433339552669e-26
9.794696670695385000e+14 6.998712301347395776e-27
1.000000000000000000e+15 3.713541972055317355e-27
1.020960662306047500e+15 1.953077712741164864e-27
1.042360673976403250e+15 1.017956608385158263e-27
1.064209244064722375e+15 5.257229415487349330e-28
1.086515774652537375e+15 2.690067759682050146e-28
1.109289864895222875e+15 1.363564259225159201e-28
1.132541315152812750e+15 6.845524139300264493e-29
1.156280131207377750e+15 3.403229264925805655e-29
1.180516528568803000e+15 1.675274538433277765e-29
1.205260936870841250e+15 8.164195611380470488e-30
1.230524004359261500e+15 3.938045605527932283e-30
1.256316602474121500e+15 1.879826024187083950e-30
1.282649830528062500e+15 8.879262110133189605e-31
1.309535020482665000e+15 4.149303752983638047e-31
1.336983741824945250e+15 1.917848535866036805e-31
1.365007806546013750e+15 8.766339846814500806e-32
1.393619274224143500e+15 3.962191386622634968e-32
1.422830457214354750e+15 1.770421272401434357e-32
1.452653925946778250e+15 7.818749158629170312e-33
1.483102514336102750e+15 3.412209863185444245e-33
1.514189325304352000e+15 1.471347762135631280e-33
1.545927736419478500e+15 6.267300547770793027e-34
1.578331405652119500e+15 2.636453977714420572e-34
1.611414277253016750e+15 1.095081080770605502e-34
1.645190587753660750e+15 4.490522067888542621e-35
1.679674872092653250e+15 1.817478880304635788e-35
1.714881969870541000e+15 7.258480628430460899e-36
1.750827031735726750e+15 2.859768694874976185e-36
1.787525525904231750e+15 1.111366425272049809e-36
1.824993244816150500e+15 4.259070383690538746e-37
1.863246311931559750e+15 1.609080546908066696e-37
1.902301188668945750e+15 5.991612708834654691e-38
1.942174681489028250e+15 2.198562411986733288e-38
1.982883949127067250e+15 7.947762424860446294e-39
2.024446509976801750e+15 2.829619570121752159e-39
2.066880249629082000e+15 9.919226250843062816e-40
2.110203428568596500e+15 3.423052186508549562e-40
2.154434690031886500e+15 1.162541209965150873e-40
2.199593068030070500e+15 3.884361260465188401e-41
2.245697995539771750e+15 1.276521153682618819e-41
2.292769312865648500e+15 4.125206312096956649e-42
2.340827276178294500e+15 1.310497650167815349e-42
2.389892566231052500e+15 4.091170721228753986e-43
2.439986297259545000e+15 1.254732029250017486e-43
2.491130026067786000e+15 3.779641369881107401e-44
2.543345761304648500e+15 1.117891981766549207e-44
2.596655972934872000e+15 3.245162387880996922e-45
2.651083601908541500e+15 9.243178513834887868e-46
2.706652070033235500e+15 2.582558629059405372e-46
2.763385290053167000e+15 7.075632981956771533e-47
2.821307675939470500e+15 1.900174279745986592e-47
2.880444153396297500e+15 5.000166154278450545e-48
2.940820170587066500e+15 1.288916048332116152e-48
3.002461709085543000e+15 3.253451440508837263e-49
3.065395295056523500e+15 8.038194725037025816e-50
3.129648010670750500e+15 1.943143941306309187e-50
3.195247505759214000e+15 4.594729304127673144e-51
3.262222009711673500e+15 1.062284143679569903e-51
3.330600343624582000e+15 2.400211905379961877e-52
3.400411932703702500e+15 5.297991495225818862e-53
3.471686818926559500e+15 1.142065556004460371e-53
3.544455673970435500e+15 2.403212264334314817e-54
3.618749812411284000e+15 4.934045939098313242e-55
3.694601205199294500e+15 9.879493205751572681e-56
3.772042493416993500e+15 1.928590556384897687e-56
3.851107002325568500e+15 3.668658137082981278e-57
3.931828755705770000e+15 6.796889337863081934e-58
4.014242490499326000e+15 1.225868679907557971e-58
4.098383671757253000e+15 2.151538460814028286e-59
4.184288507901576000e+15 3.672798411375535115e-60
4.271993966306776500e+15 6.094609898154523893e-61
4.361537789208006000e+15 9.825935145181690736e-62
4.452958509942660000e+15 1.538536200861859546e-62
4.546295469532390000e+15 2.338303305800999384e-63
4.641588833612773000e+15 3.447419834818544254e-64
4.738879609717651000e+15 4.927740938130542379e-65
4.838209664925957000e+15 6.826113370332991878e-66
4.939621743878326000e+15 9.158093002638044206e-67
5.043159487171349000e+15 1.189227587987963994e-67
5.148867450137487000e+15 1.493804276294996826e-68
5.256791122018419000e+15 1.814205232868473110e-69
5.366976945540476000e+15 2.128903581325602550e-70
5.479472336900292000e+15 2.412153660121550104e-71
5.594325706169389000e+15 2.637256314686887745e-72
5.711586478126423000e+15 2.780837063037776047e-73
5.831305113526218000e+15 2.825950299003175850e-74
5.953533130814370000e+15 2.765669836275924427e-75
6.078323128297236000e+15 2.604825838262093303e-76
6.205728806776513000e+15 2.359705354393192206e-77
6.335804992658241000e+15 2.054483461528719143e-78
6.468607661546321000e+15 1.717794467695163101e-79
6.604193962330306000e+15 1.378268490917244847e-80
6.742622241778349000e+15 1.060541938194799125e-81
6.883952069645510000e+15 7.819721534123104578e-83
7.028244264308338000e+15 5.520228392602722642e-84
7.175560918936921000e+15 3.727932235245579513e-85
7.325965428215230000e+15 2.406793702106469214e-86
7.479522515621829000e+15 1.484151684707264548e-87
7.636298261282257000e+15 8.733577944386747529e-89
7.796360130405221000e+15 4.899971647555939625e-90
7.959777002314978000e+15 2.619223494520917308e-91
8.126619200091945000e+15 1.332618820265631478e-92
8.296958520834915000e+15 6.447190976423497479e-94
8.470868266557420000e+15 2.963103078836069303e-95
8.648423275731709000e+15 1.292701373692838397e-96
8.829699955494083000e+15 5.347699331419284481e-98
9.014776314524918000e+15 2.095552148418282438e-99
9.203731996618230000e+15 7.770298462677134512e-101
9.396648314954710000e+15 2.724077488992850665e-102
9.593608287093126000e+15 9.018787061412662689e-104
9.794696670695384000e+15 2.816665143112128595e-105
