1.020960662306047603e+07 1.619221313596203231e+02
1.042360673976401053e+07 1.583241098867062249e+02
1.064209244064724632e+07 1.548035780677272157e+02
1.086515774652537145e+07 1.513595808321499021e+02
1.109289864895222709e+07 1.479903335558715867e+02
1.132541315152812563e+07 1.446936034577645955e+02
1.156280131207375228e+07 1.414680173463139568e+02
1.180516528568805568e+07 1.383126954397878592e+02
1.205260936870841496e+07 1.352259971107079934e+02
1.230524004359261692e+07 1.322058708693098765e+02
1.256316602474121563e+07 1.292510537509577944e+02
1.282649830528059974e+07 1.263607353548257777e+02
1.309535020482667536e+07 1.235334075973059385e+02
1.336983741824945062e+07 1.207671858100617612e+02
1.365007806546013802e+07 1.180609085118804842e+02
1.393619274224143475e+07 1.154138292362609519e+02
1.422830457214351930e+07 1.128245618933632102e+02
1.452653925946781226e+07 1.102913753033569861e+02
1.483102514336102828e+07 1.078132014139030019e+02
1.514189325304351933e+07 1.053893526733324819e+02
1.545927736419478431e+07 1.030185552644559976e+02
1.578331405652116425e+07 1.006992192163356634e+02
1.611414277253019996e+07 9.843036248328530746e+01
1.645190587753660791e+07 9.621135180175689072e+01
1.679674872092653066e+07 9.404101667190791147e+01
1.714881969870540872e+07 9.191789702053659994e+01
1.750827031735723466e+07 8.984108997147059483e+01
1.787525525904235244e+07 8.781001228456818808e+01
1.824993244816150516e+07 8.582358852775662683e+01
1.863246311931559816e+07 8.388047810807645988e+01
1.902301188668945804e+07 8.197985101927116602e+01
1.942174681489024311e+07 8.012117011473523576e+01
1.982883949127071351e+07 7.830344743198966739e+01
2.024446509976801649e+07 7.652545226359598018e+01
2.066880249629081786e+07 7.478642166973274641e+01
2.110203428568596393e+07 7.308586097603192400e+01
2.154434690031882003e+07 7.142286269054122272e+01
2.199593068030074611e+07 6.979629715576703575e+01
2.245697995539776236e+07 6.820546315334149767e+01
2.292769312865648791e+07 6.664990514233996066e+01
2.340827276178294048e+07 6.512878965620856775e+01
2.389892566231048107e+07 6.364107995142911278e+01
2.439986297259550542e+07 6.218613160731834455e+01
2.491130026067791134e+07 6.076352514017445117e+01
2.543345761304648221e+07 5.937249517264339005e+01
2.596655972934872285e+07 5.801209038430626208e+01
2.651083601908536255e+07 5.668171861736058048e+01
2.706652070033241063e+07 5.538099361016227107e+01
2.763385290053172782e+07 5.410921260758114926e+01
2.821307675939470530e+07 5.286550281643769011e+01
2.880444153396297619e+07 5.164932016511794899e+01
2.940820170587060601e+07 5.046030900062231694e+01
3.002461709085549042e+07 4.929782415733339462e+01
3.065395295056529716e+07 4.816106502039443882e+01
3.129648010670750216e+07 4.704953175763110096e+01
3.195247505759213492e+07 4.596289691711734804e+01
3.262222009711666778e+07 4.490056828806739020e+01
3.330600343624588847e+07 4.386181159031849575e+01
3.400411932703709602e+07 4.284616768896673733e+01
3.471686818926559389e+07 4.185333511342291501e+01
3.544455673970435560e+07 4.088277034159388990e+01
3.618749812411276251e+07 3.993380004949043638e+01
3.694601205199302733e+07 3.900600253727917277e+01
3.772042493417001516e+07 3.809910027115496689e+01
3.851107002325568348e+07 3.721259448958021210e+01
3.931828755705770105e+07 3.634586787463474167e+01
4.014242490499317646e+07 3.549853315863406777e+01
4.098383671757261455e+07 3.467033485928011061e+01
4.184288507901584357e+07 3.386081536018046023e+01
4.271993966306776553e+07 3.306940879480760742e+01
4.361537789208005369e+07 3.229575956209219356e+01
4.452958509942659736e+07 3.153963249436773708e+01
4.546295469532398880e+07 3.080060779268634619e+01
4.641588833612781763e+07 3.007816685065761675e+01
4.738879609717650712e+07 2.937198318783557482e+01
4.838209664925957471e+07 2.868184035082627759e+01
4.939621743878325820e+07 2.800735329512099270e+01
5.043159487171358615e+07 2.734804681863040088e+01
5.148867450137497485e+07 2.670362121775595554e+01
5.256791122018418461e+07 2.607387727825752677e+01
5.366976945540475845e+07 2.545846189165001405e+01
5.479472336900292337e+07 2.485693971292728222e+01
5.594325706169377267e+07 2.426903565774552973e+01
5.711586478126434237e+07 2.369456639174300960e+01
5.831305113526218385e+07 2.313320814892027855e+01
5.953533130814369768e+07 2.258456217852997128e+01
6.078323128297235817e+07 2.204837602951172926e+01
6.205728806776500493e+07 2.152448099492576361e+01
6.335804992658253759e+07 2.101258026469391638e+01
6.468607661546321213e+07 2.051230868153838927e+01
6.604193962330305576e+07 2.002343459987259777e+01
6.742622241778348386e+07 1.954580278586210795e+01
6.883952069645495713e+07 1.907914118982907681e+01
7.028244264308351278e+07 1.862311548832185792e+01
7.175560918936920166e+07 1.817751315889570307e+01
7.325965428215231001e+07 1.774219137735496332e+01
7.479522515621829033e+07 1.731690083457808882e+01
7.636298261282241344e+07 1.690133550348738822e+01
7.796360130405236781e+07 1.649530043657856382e+01
7.959777002314977348e+07 1.609866423916135147e+01
8.126619200091944635e+07 1.571119848498393701e+01
8.296958520834915340e+07 1.533262311020938107e+01
8.470868266557401419e+07 1.496275931768736278e+01
8.648423275731725991e+07 1.460148623925239164e+01
8.829699955494081974e+07 1.424859462265528975e+01
9.014776314524917305e+07 1.390382822264200335e+01
9.203731996618229151e+07 1.356702308161677095e+01
9.396648314954690635e+07 1.323806802579028741e+01
9.593608287093147635e+07 1.291677140540101476e+01
9.794696670695386827e+07 1.260289882250658167e+01
1.000000000000000000e+08 1.229629995305265489e+01
1.020960662306047529e+08 1.199687255079755488e+01
1.042360673976403177e+08 1.170444112348166499e+01
1.064209244064722359e+08 1.141879130869060432e+01
1.086515774652537256e+08 1.113978530636347486e+01
1.109289864895222783e+08 1.086732909140544123e+01
1.132541315152812600e+08 1.060126200032203236e+01
1.156280131207377762e+08 1.034138804136355638e+01
1.180516528568803072e+08 1.008758091784287636e+01
1.205260936870841384e+08 9.839754174823921673e+00
1.230524004359261543e+08 9.597760756081122224e+00
1.256316602474121451e+08 9.361421510833649151e+00
1.282649830528062433e+08 9.130620706964709399e+00
1.309535020482665002e+08 8.905278859909568467e+00
1.336983741824945360e+08 8.685261397834283414e+00
1.365007806546013653e+08 8.470404605655561525e+00
1.393619274224143326e+08 8.260602452358034142e+00
1.422830457214354575e+08 8.055781871149397588e+00
1.452653925946778059e+08 7.855819742461179089e+00
1.483102514336102903e+08 7.660566496129006531e+00
1.514189325304352045e+08 7.469925008175985148e+00
1.545927736419478357e+08 7.283828120407014772e+00
1.578331405652119517e+08 7.102163217002049223e+00
1.611414277253016531e+08 6.924793687201834302e+00
1.645190587753660679e+08 6.751630583882121783e+00
1.679674872092653215e+08 6.582612188373326845e+00
1.714881969870540798e+08 6.417635516942963747e+00
1.750827031735726893e+08 6.256575829673352018e+00
1.787525525904231668e+08 6.099351684885302660e+00
1.824993244816150367e+08 5.945906371225570197e+00
1.863246311931559741e+08 5.796145736230541523e+00
1.902301188668946028e+08 5.649955911352839699e+00
1.942174681489028633e+08 5.507262343057734100e+00
1.982883949127075374e+08 5.368012929171801062e+00
2.024446509976801872e+08 5.232121612741591044e+00
2.066880249629082084e+08 5.099484479118728153e+00
2.110203428568596542e+08 4.970033295466663503e+00
2.154434690031886399e+08 4.843720201968499950e+00
2.199593068030070364e+08 4.720466561342004930e+00
2.245697995539771616e+08 4.600177570763491097e+00
2.292769312865648568e+08 4.482790796493521412e+00
2.340827276178294122e+08 4.368262283129448420e+00
2.389892566231052577e+08 4.256520192366619604e+00
2.439986297259555161e+08 4.147478060434271363e+00
2.491130026067785919e+08 4.041078773295711635e+00
2.543345761304648221e+08 3.937281968657299736e+00
2.596655972934872508e+08 3.836022037175071731e+00
2.651083601908541918e+08 3.737220145136228577e+00
2.706652070033235550e+08 3.640824057613441411e+00
2.763385290053166747e+08 3.546796718649576796e+00
2.821307675939470530e+08 3.455078224509201767e+00
2.880444153396297693e+08 3.365596721113958800e+00
2.940820170587067008e+08 3.278304447796259957e+00
3.002461709085555673e+08 3.193167390775208059e+00
3.065395295056523085e+08 3.110130871450041745e+00
3.129648010670750141e+08 3.029129418817301467e+00
3.195247505759213567e+08 2.950119374517908177e+00
3.262222009711673260e+08 2.873069523614372844e+00
3.330600343624581695e+08 2.797929971592870046e+00
3.400411932703702450e+08 2.724641083491465388e+00
3.471686818926559091e+08 2.653162961539154541e+00
3.544455673970435262e+08 2.583466965506122204e+00
3.618749812411283851e+08 2.515507580200212256e+00
3.694601205199309587e+08 2.449230505145305603e+00
3.772042493416993618e+08 2.384599289280918910e+00
3.851107002325568795e+08 2.321587660626220018e+00
3.931828755705770254e+08 2.260154111897182183e+00
4.014242490499325991e+08 2.200249217357187259e+00
4.098383671757252812e+08 2.141839684350603346e+00
4.184288507901575565e+08 2.084901419012680002e+00
4.271993966306776404e+08 2.029396581196782456e+00
4.361537789208005667e+08 1.975280198553839295e+00
4.452958509942659736e+08 1.922521872085927175e+00
4.546295469532408714e+08 1.871099510921063747e+00
4.641588833612772226e+08 1.820978629460719089e+00
4.738879609717651010e+08 1.772118322664588019e+00
4.838209664925957322e+08 1.724490842098916010e+00
4.939621743878325820e+08 1.678075938611035101e+00
5.043159487171348333e+08 1.632842194444096284e+00
5.148867450137487054e+08 1.588752418188503546e+00
5.256791122018419504e+08 1.545781288800180286e+00
5.366976945540476441e+08 1.503910250312667340e+00
5.479472336900292635e+08 1.463110689913336593e+00
5.594325706169389486e+08 1.423348805893299929e+00
5.711586478126422167e+08 1.384601499727459828e+00
5.831305113526217937e+08 1.346851771862638047e+00
5.953533130814369917e+08 1.310073573395116098e+00
6.078323128297235966e+08 1.274236195703445151e+00
6.205728806776486635e+08 1.239318574739287859e+00
6.335804992658240795e+08 1.205305141425993876e+00
6.468607661546320915e+08 1.172172189822544563e+00
6.604193962330304384e+08 1.139891832845834729e+00
6.742622241778348684e+08 1.108444868370426439e+00
6.883952069645509720e+08 1.077817041831294453e+00
7.028244264308338165e+08 1.047986787755707860e+00
7.175560918936921358e+08 1.018928792066368549e+00
7.325965428215229511e+08 9.906255562328504238e-01
7.479522515621827841e+08 9.630640334375203393e-01
7.636298261282258034e+08 9.362246131249403192e-01
7.796360130405220985e+08 9.100843268097335015e-01
7.959777002314977646e+08 8.846272343066803323e-01
8.126619200091946125e+08 8.598413982491012186e-01
8.296958520834914446e+08 8.357089930171265335e-01
8.470868266557419300e+08 8.122091876772612462e-01
8.648423275731709003e+08 7.893274671606212989e-01
8.829699955494083166e+08 7.670529130591892120e-01
9.014776314524917603e+08 7.453693290010294792e-01
9.203731996618230343e+08 7.242578313378178478e-01
9.396648314954710007e+08 7.037052079286170159e-01
9.593608287093126774e+08 6.837014760325088591e-01
9.794696670695385933e+08 6.642319259529333442e-01
1.000000000000000000e+09 6.452794473601611847e-01
1.020960662306047559e+09 6.268320190071591247e-01
1.042360673976403356e+09 6.088805171501118219e-01
1.064209244064726830e+09 5.914115882409582969e-01
1.086515774652537346e+09 5.744097362514303251e-01
1.109289864895222664e+09 5.578640281171013404e-01
1.132541315152812481e+09 5.417661285287282968e-01
1.156280131207372904e+09 5.261039206144153546e-01
1.180516528568803072e+09 5.108633773313212556e-01
1.205260936870841503e+09 4.960345596525808642e-01
1.230524004359261513e+09 4.816098557683941572e-01
1.256316602474121332e+09 4.675782761514750696e-01
1.282649830528062582e+09 4.539271299911547541e-01
1.309535020482670307e+09 4.406473860226184924e-01
1.336983741824945211e+09 4.277320961804331745e-01
1.365007806546013832e+09 4.151712982590701762e-01
1.393619274224143505e+09 4.029535164366923605e-01
1.422830457214349031e+09 3.910705481603315992e-01
1.452653925946778297e+09 3.795160541319796965e-01
1.483102514336102724e+09 3.682810079794889835e-01
1.514189325304351807e+09 3.573550381734518222e-01
1.545927736419478655e+09 3.467306984582507190e-01
1.578331405652119875e+09 3.364022077256010879e-01
1.611414277253023148e+09 3.263613917787555052e-01
1.645190587753660679e+09 3.165988823442429378e-01
1.679674872092653036e+09 3.071079231433586076e-01
1.714881969870540857e+09 2.978832447321863586e-01
1.750827031735726833e+09 2.889174486114520213e-01
1.787525525904231787e+09 2.802020775741499437e-01
1.824993244816150427e+09 2.717310045911114913e-01
1.863246311931559801e+09 2.634994290916009563e-01
1.902301188668945789e+09 2.555006583780104479e-01
1.942174681489028454e+09 2.477270622212990880e-01
1.982883949127075434e+09 2.401730872490554780e-01
2.024446509976801872e+09 2.328343624116981925e-01
2.066880249629082203e+09 2.257048369524200238e-01
2.110203428568596601e+09 2.187776309450168155e-01
2.154434690031886578e+09 2.120477137937633594e-01
2.199593068030070305e+09 2.055111077874852421e-01
2.245697995539771557e+09 1.991623457783335827e-01
2.292769312865648746e+09 1.929952282537480968e-01
2.340827276178294182e+09 1.870052008385474362e-01
2.389892566231052876e+09 1.811886458959796886e-01
2.439986297259555340e+09 1.755406266226764433e-01
2.491130026067785740e+09 1.700555602377863962e-01
2.543345761304647923e+09 1.647293259986236102e-01
2.596655972934872150e+09 1.595586357672461597e-01
2.651083601908541679e+09 1.545390344626514090e-01
2.706652070033235550e+09 1.496654980310402061e-01
2.763385290053166866e+09 1.449343004140785929e-01
2.821307675939470768e+09 1.403424548734048538e-01
2.880444153396297932e+09 1.358859436792249076e-01
2.940820170587066650e+09 1.315602486930207149e-01
3.002461709085555077e+09 1.273620029306426482e-01
3.065395295056523800e+09 1.232884952345654206e-01
3.129648010670750618e+09 1.193361047491275362e-01
3.195247505759213448e+09 1.155007711842396118e-01
3.262222009711673260e+09 1.117794540817913240e-01
3.330600343624581814e+09 1.081696941473832690e-01
3.400411932703702450e+09 1.046682304859888196e-01
3.471686818926559448e+09 1.012714169265514080e-01
3.544455673970435619e+09 9.797650979606029042e-02
3.618749812411283970e+09 9.478127987991731562e-02
3.694601205199309826e+09 9.168279259258836633e-02
3.772042493416993618e+09 8.867777611519565839e-02
3.851107002325568676e+09 8.576375639217782842e-02
3.931828755705770016e+09 8.293871428695823167e-02
4.014242490499325752e+09 8.020001085786955530e-02
4.098383671757252693e+09 7.754471248979463716e-02
4.184288507901576042e+09 7.497058993600370924e-02
4.271993966306777000e+09 7.247581577663884944e-02
4.361537789208005905e+09 7.005801877878363448e-02
4.452958509942660332e+09 6.771457068747596675e-02
4.546295469532408714e+09 6.544346441753709498e-02
4.641588833612771988e+09 6.324304741474862102e-02
4.738879609717651367e+09 6.111119071804107378e-02
4.838209664925957680e+09 5.904554160438100358e-02
4.939621743878325462e+09 5.704429448349221388e-02
5.043159487171347618e+09 5.510595620658396976e-02
5.148867450137486458e+09 5.322861693107603515e-02
5.256791122018419266e+09 5.141017238948102086e-02
5.366976945540475845e+09 4.964899963389363124e-02
5.479472336900292397e+09 4.794375074099435641e-02
5.594325706169388771e+09 4.629271392107591615e-02
5.711586478126422882e+09 4.469400879565977452e-02
5.831305113526218414e+09 4.314617786811161121e-02
5.953533130814370155e+09 4.164800543915524178e-02
6.078323128297236443e+09 4.019795861428999972e-02
6.205728806776488304e+09 3.879435862578650696e-02
6.335804992658241272e+09 3.743589775861008023e-02
6.468607661546320915e+09 3.612148062084032107e-02
6.604193962330305099e+09 3.484973579836470048e-02
6.742622241778348923e+09 3.361916594192597418e-02
6.883952069645509720e+09 3.242859884097759604e-02
7.028244264308338165e+09 3.127704849249065416e-02
7.175560918936921120e+09 3.016328914001596001e-02
7.325965428215229988e+09 2.908598656075053746e-02
7.479522515621828079e+09 2.804409104610363843e-02
7.636298261282225609e+09 2.703671598221442027e-02
7.796360130405220985e+09 2.606276690097138540e-02
7.959777002314977646e+09 2.512105614480250951e-02
8.126619200091945648e+09 2.421064467068571521e-02
8.296958520834915161e+09 2.333073609950233468e-02
8.470868266557419777e+09 2.248035420885067040e-02
8.648423275731708527e+09 2.165844292074653454e-02
8.829699955494083405e+09 2.086416308818403106e-02
9.014776314524917603e+09 2.009680018994275744e-02
9.203731996618228912e+09 1.935548441722275206e-02
9.396648314954671860e+09 1.863927771982043513e-02
9.593608287093128204e+09 1.794743105276325190e-02
9.794696670695384979e+09 1.727930409114971158e-02
1.000000000000000000e+10 1.663412271177267324e-02
1.020960662306047440e+10 1.601105464471209994e-02
1.042360673976403236e+10 1.540943204493520902e-02
1.064209244064726830e+10 1.482868178001476439e-02
1.086515774652537155e+10 1.426811569117592861e-02
1.109289864895222664e+10 1.372699622705790892e-02
1.132541315152812576e+10 1.320472865568927782e-02
1.156280131207373047e+10 1.270080063810410075e-02
1.180516528568803024e+10 1.221460117641113598e-02
1.205260936870841217e+10 1.174547745378475699e-02
1.230524004359261703e+10 1.129290050926231789e-02
1.256316602474121475e+10 1.085641295432227850e-02
1.282649830528062630e+10 1.043547298450386157e-02
1.309535020482670403e+10 1.002950351242138868e-02
1.336983741824945259e+10 9.638034686415665811e-03
1.365007806546013641e+10 9.260658736372771524e-03
1.393619274224143410e+10 8.896895845311281192e-03
1.422830457214348984e+10 8.546236538953876777e-03
1.452653925946778107e+10 8.208264034489768518e-03
1.483102514336102867e+10 7.882615317682813150e-03
1.514189325304351997e+10 7.568866046292825958e-03
1.545927736419478416e+10 7.266567049422995028e-03
1.578331405652119637e+10 6.975349139665206963e-03
1.611414277253023148e+10 6.694889627395929355e-03
1.645190587753660774e+10 6.424813763258110065e-03
1.679674872092653275e+10 6.164726101517572707e-03
1.714881969870541000e+10 5.914300094127932818e-03
1.750827031735726929e+10 5.673249340859572339e-03
1.787525525904231644e+10 5.441243377161904260e-03
1.824993244816150284e+10 5.217934567407759260e-03
1.863246311931559753e+10 5.003034518757195140e-03
1.902301188668945694e+10 4.796289448715506179e-03
1.942174681489028549e+10 4.597408391145761490e-03
1.982883949127075195e+10 4.406086206275151504e-03
2.024446509976801682e+10 4.222068602531491542e-03
2.066880249629082108e+10 4.045131077122459881e-03
2.110203428568596649e+10 3.875017849983384156e-03
2.154434690031886673e+10 3.711461506941301104e-03
2.199593068030070114e+10 3.554238195820738893e-03
2.245697995539771652e+10 3.403149661527350104e-03
2.292769312865648651e+10 3.257971428258515587e-03
2.340827276178294373e+10 3.118469529486956032e-03
2.389892566231052399e+10 2.984447247661375230e-03
2.439986297259555435e+10 2.855729823969965601e-03
2.491130026067786026e+10 2.732120595889581376e-03
2.543345761304648209e+10 2.613415211778016573e-03
2.596655972934872437e+10 2.499441109044211410e-03
2.651083601908541489e+10 2.390044530898419867e-03
2.706652070033235550e+10 2.285053491665686026e-03
2.763385290053166962e+10 2.184289824176120429e-03
2.821307675939470673e+10 2.087602436954576722e-03
2.880444153396297836e+10 1.994856316519944082e-03
2.940820170587066650e+10 1.905901339074498940e-03
3.002461709085555267e+10 1.820582454883612391e-03
3.065395295056523514e+10 1.738767628753730074e-03
3.129648010670750427e+10 1.660338547434541843e-03
3.195247505759213638e+10 1.585164425305545790e-03
3.262222009711672974e+10 1.513110590962308839e-03
3.330600343624581909e+10 1.444061895153259199e-03
3.400411932703702927e+10 1.377914879059683167e-03
3.471686818926559448e+10 1.314555835269992949e-03
3.544455673970435333e+10 1.253868027344652364e-03
3.618749812411283875e+10 1.195751243683905625e-03
3.694601205199309540e+10 1.140115214471464598e-03
3.772042493416993713e+10 1.086861289167124871e-03
3.851107002325569153e+10 1.035888489413417995e-03
3.931828755705770111e+10 9.871097945067437186e-04
4.014242490499325562e+10 9.404466229913519210e-04
4.098383671757252502e+10 8.958135756088563386e-04
4.184288507901576233e+10 8.531234951272090999e-04
4.271993966306776428e+10 8.123009877562502312e-04
4.361537789208005524e+10 7.732778101884629253e-04
4.452958509942659760e+10 7.359802037613618524e-04
4.546295469532408905e+10 7.003331112383203447e-04
4.641588833612772369e+10 6.662713673817989915e-04
4.738879609717650604e+10 6.337358540241664522e-04
4.838209664925956726e+10 6.026630183333475622e-04
4.939621743878325653e+10 5.729883759030312195e-04
5.043159487171348572e+10 5.446557416400379112e-04
5.148867450137487030e+10 5.176140345304403641e-04
5.256791122018418884e+10 4.918086314433156494e-04
5.366976945540475464e+10 4.671842677903992758e-04
5.479472336900292206e+10 4.436926258468918685e-04
5.594325706169388580e+10 4.212896875725560581e-04
5.711586478126422882e+10 3.999286263185331935e-04
5.831305113526218414e+10 3.795622005006462599e-04
5.953533130814369965e+10 3.601489695454197738e-04
6.078323128297235870e+10 3.416511076857685044e-04
6.205728806776487732e+10 3.240285801419642213e-04
6.335804992658241272e+10 3.072411114617976178e-04
6.468607661546320343e+10 2.912532586280289302e-04
6.604193962330305481e+10 2.760326114242248920e-04
6.742622241778349304e+10 2.615450379280014688e-04
6.883952069645510864e+10 2.477562971785463833e-04
7.028244264308338928e+10 2.346361638496872711e-04
7.175560918936921692e+10 2.221569517892535233e-04
7.325965428215229797e+10 2.102896467059773222e-04
7.479522515621827698e+10 1.990052224166121288e-04
7.636298261282226562e+10 1.882779812171769677e-04
7.796360130405221558e+10 1.780843467321878947e-04
7.959777002314976501e+10 1.683997301294635736e-04
8.126619200091944885e+10 1.591996001939210981e-04
8.296958520834915161e+10 1.504621775144047568e-04
8.470868266557418823e+10 1.421674510171402569e-04
8.648423275731707764e+10 1.342946484729495447e-04
8.829699955494082642e+10 1.268231028718099223e-04
9.014776314524917603e+10 1.197344162549925946e-04
9.203731996618229675e+10 1.130116614046826833e-04
9.396648314954670715e+10 1.066373483223144079e-04
9.593608287093125916e+10 1.005941226879728109e-04
9.794696670695385742e+10 9.486649613224959140e-05
1.000000000000000000e+11 8.944020065183290143e-05
1.020960662306047516e+11 8.430056058574733992e-05
1.042360673976403351e+11 7.943305320358422141e-05
1.064209244064726715e+11 7.482468600560040269e-05
1.086515774652537231e+11 7.046347665769220467e-05
1.109289864895222778e+11 6.633715517520505443e-05
1.132541315152812653e+11 6.243361177336417584e-05
1.156280131207372894e+11 5.874198803423133378e-05
1.180516528568803101e+11 5.525225961511839667e-05
1.205260936870841370e+11 5.195420622155071133e-05
1.230524004359261475e+11 4.883776766640235634e-05
1.256316602474121399e+11 4.589390411639298814e-05
1.282649830528062439e+11 4.311426262582650269e-05
1.309535020482670288e+11 4.049036335426041704e-05
1.336983741824945221e+11 3.801388122274081864e-05
1.365007806546013794e+11 3.567732065947281490e-05
1.393619274224143372e+11 3.347375023263441529e-05
1.422830457214349060e+11 3.139616272113592504e-05
1.452653925946778259e+11 2.943769674343372318e-05
1.483102514336102905e+11 2.759216320426909199e-05
1.514189325304352112e+11 2.585383502421021294e-05
1.545927736419478455e+11 2.421694634656414803e-05
1.578331405652119751e+11 2.267586597248615185e-05
1.611414277253023071e+11 2.122550584229379012e-05
1.645190587753660583e+11 1.986115515422062270e-05
1.679674872092653198e+11 1.857809040005851299e-05
1.714881969870540771e+11 1.737171030429827604e-05
1.750827031735719604e+11 1.623785095712310255e-05
1.787525525904231873e+11 1.517265554071434745e-05
1.824993244816150513e+11 1.417227221705811677e-05
1.863246311931559753e+11 1.323295848119154870e-05
1.902301188668945618e+11 1.235132282604061123e-05
1.942174681489028320e+11 1.152422290460873356e-05
1.982883949127075500e+11 1.074853270794388930e-05
2.024446509976802063e+11 1.002122275281809092e-05
2.066880249629082031e+11 9.339544251208907772e-06
2.110203428568596497e+11 8.700949877113108941e-06
2.154434690031877747e+11 8.102915312091345324e-06
2.199593068030070190e+11 7.543000451716608165e-06
2.245697995539771729e+11 7.018988844843653103e-06
2.292769312865648804e+11 6.528826345064517891e-06
2.340827276178294067e+11 6.070485087556430716e-06
2.389892566231052551e+11 5.642009878062497462e-06
2.439986297259555054e+11 5.241623046910019891e-06
2.491130026067796021e+11 4.867677182429396177e-06
2.543345761304648132e+11 4.518552041337423427e-06
2.596655972934872437e+11 4.192689445431052780e-06
2.651083601908530884e+11 3.888671566226302761e-06
2.706652070033235779e+11 3.605184691335640474e-06
2.763385290053167114e+11 3.340941551801727397e-06
2.821307675939470825e+11 3.094707366217609993e-06
2.880444153396297607e+11 2.865357851184069805e-06
2.940820170587066650e+11 2.651851588029474744e-06
3.002461709085555420e+11 2.453171851644172084e-06
3.065395295056536255e+11 2.268345884483902674e-06
3.129648010670750732e+11 2.096487545385131259e-06
3.195247505759213257e+11 1.936776345646885294e-06
3.262222009711659546e+11 1.788414150865690096e-06
3.330600343624581909e+11 1.650639316827096144e-06
3.400411932703702393e+11 1.522757784831181592e-06
3.471686818926559448e+11 1.404127262321543482e-06
3.544455673970435181e+11 1.294125197782841458e-06
3.618749812411284180e+11 1.192159048626801301e-06
3.694601205199309692e+11 1.097688754533341876e-06
3.772042493417008667e+11 1.010214864996127270e-06
3.851107002325568848e+11 9.292550045609859834e-07
3.931828755705770264e+11 8.543512538971544439e-07
4.014242490499309692e+11 7.850862413699241371e-07
4.098383671757252808e+11 7.210742819925076289e-07
4.184288507901575928e+11 6.619441956424388959e-07
4.271993966306776123e+11 6.073445534038703217e-07
4.361537789208005371e+11 5.569550861972632210e-07
4.452958509942659912e+11 5.104801084787879911e-07
4.546295469532408447e+11 4.676360584852672051e-07
4.641588833612791138e+11 4.281551815537930852e-07
4.738879609717650757e+11 3.917935336971230918e-07
4.838209664925957031e+11 3.583261288454221980e-07
4.939621743878305664e+11 3.275379649667949419e-07
5.043159487171348267e+11 2.992265751187097387e-07
5.148867450137487183e+11 2.732075790536439748e-07
5.256791122018419189e+11 2.493111231093501513e-07
5.366976945540476074e+11 2.273754617531896253e-07
5.479472336900292969e+11 2.072486978572005367e-07
5.594325706169388428e+11 1.887925867923531809e-07
5.711586478126446533e+11 1.718799400905062863e-07
5.831305113526218262e+11 1.563900670257786977e-07
5.953533130814368896e+11 1.422099416266989240e-07
6.078323128297211914e+11 1.292367750008355836e-07
6.205728806776488037e+11 1.173761332705644895e-07
6.335804992658240967e+11 1.065387232550511889e-07
6.468607661546320801e+11 9.664115977446402749e-08
6.604193962330305176e+11 8.760767997317272282e-08
6.742622241778348389e+11 7.936878741109023141e-08
6.883952069645510254e+11 7.185900189102988872e-08
7.028244264308366699e+11 6.501735237071986331e-08
7.175560918936921387e+11 5.878850124769580092e-08
7.325965428215229492e+11 5.312177364743823054e-08
7.479522515621828613e+11 4.796959370020900200e-08
7.636298261282225342e+11 4.328779237293935890e-08
7.796360130405220947e+11 3.903633161282959721e-08
7.959777002314978027e+11 3.517861387403624439e-08
8.126619200091945801e+11 3.168040344864518422e-08
8.296958520834915771e+11 2.851001196210751694e-08
8.470868266557419434e+11 2.563875528266267676e-08
8.648423275731743164e+11 2.304046563089880838e-08
8.829699955494082031e+11 2.069075304751225892e-08
9.014776314524916992e+11 1.856711192995733952e-08
9.203731996618229980e+11 1.664920248125352216e-08
9.396648314954670410e+11 1.491850831605588659e-08
9.593608287093126221e+11 1.335783461330065872e-08
9.794696670695385742e+11 1.195136514451404591e-08
1.000000000000000000e+12 1.068483070613517381e-08
1.020960662306047485e+12 9.545270529548983230e-09
1.042360673976403198e+12 8.520693858066263176e-09
1.064209244064726929e+12 7.600107049252285410e-09
1.086515774652537354e+12 6.773610795346767416e-09
1.109289864895222656e+12 6.032235087867253438e-09
1.132541315152812744e+12 5.367712756642336330e-09
1.156280131207372803e+12 4.772489351486878790e-09
1.180516528568802979e+12 4.239776636505415379e-09
1.205260936870841309e+12 3.763439309020242212e-09
1.230524004359261719e+12 3.337844643369952546e-09
1.256316602474121338e+12 2.957863153600611462e-09
1.282649830528062500e+12 2.618896067403182057e-09
1.309535020482670410e+12 2.316798195391387151e-09
1.336983741824945068e+12 2.047778898297908588e-09
1.365007806546013672e+12 1.808398383766848679e-09
1.393619274224143311e+12 1.595580299788601253e-09
1.422830457214348877e+12 1.406559663454639060e-09
1.452653925946778320e+12 1.238818164140631373e-09
1.483102514336102783e+12 1.090078892613887470e-09
1.514189325304351807e+12 9.583108698516750604e-10
1.545927736419478516e+12 8.416942089240536627e-10
1.578331405652119873e+12 7.385782042537946969e-10
1.611414277253023193e+12 6.474759907554859172e-10
1.645190587753660889e+12 5.670650380114048864e-10
1.679674872092653076e+12 4.961640638206660436e-10
1.714881969870540771e+12 4.337061207112442996e-10
1.750827031735719727e+12 3.787338911586364887e-10
1.787525525904231689e+12 3.303984271587618809e-10
1.824993244816150391e+12 2.879440062925226933e-10
1.863246311931559814e+12 2.506910060739317115e-10
1.902301188668945801e+12 2.180320839152159097e-10
1.942174681489028320e+12 1.894303757520430950e-10
1.982883949127075439e+12 1.644096693748082151e-10
2.024446509976801758e+12 1.425436112435321603e-10
2.066880249629082031e+12 1.234527752077864290e-10
2.110203428568596680e+12 1.068029079843107819e-10
2.154434690031877930e+12 9.229862624785888250e-11
2.199593068030070312e+12 7.967668329708880045e-11
2.245697995539771484e+12 6.870381589450934476e-11
2.292769312865648926e+12 5.917527474111848791e-11
2.340827276178293945e+12 5.091083147843414807e-11
2.389892566231052246e+12 4.375062341754326848e-11
2.439986297259555176e+12 3.755362848327993952e-11
2.491130026067796387e+12 3.219653671010297414e-11
2.543345761304647949e+12 2.757125385058977319e-11
2.596655972934872070e+12 2.358236668285485975e-11
2.651083601908530762e+12 2.014609687068710873e-11
2.706652070033235840e+12 1.718948486184190064e-11
2.763385290053166992e+12 1.464885105523608875e-11
2.821307675939470703e+12 1.246826881722667508e-11
2.880444153396297852e+12 1.059886758747541589e-11
2.940820170587066406e+12 8.998269563555143529e-12
3.002461709085555176e+12 7.629655321120433416e-12
3.065395295056536133e+12 6.460856174707932755e-12
3.129648010670750488e+12 5.463902588608874438e-12
3.195247505759213867e+12 4.614650237390511324e-12
3.262222009711660156e+12 3.892221694294844359e-12
3.330600343624582031e+12 3.278474676601619713e-12
3.400411932703702637e+12 2.757717109880841275e-12
3.471686818926559082e+12 2.316467334919465284e-12
3.544455673970435547e+12 1.943126163716217455e-12
3.618749812411284180e+12 1.627670157982296300e-12
3.694601205199310059e+12 1.361476485055688320e-12
3.772042493417008789e+12 1.137173969510566683e-12
3.851107002325568848e+12 9.484539359740031440e-13
3.931828755705770020e+12 7.898962298735978575e-13
4.014242490499309570e+12 6.568643224814315939e-13
4.098383671757252930e+12 5.454155469331438364e-13
4.184288507901576172e+12 4.521940798347924198e-13
4.271993966306776855e+12 3.743340176480740318e-13
4.361537789208005859e+12 3.093981736057576749e-13
4.452958509942660156e+12 2.553255456739891225e-13
4.546295469532409180e+12 2.103719965515023881e-13
4.641588833612791016e+12 1.730572903141710296e-13
4.738879609717650391e+12 1.421303141319597715e-13
4.838209664925957031e+12 1.165392126829032710e-13
4.939621743878305664e+12 9.539921245617693617e-14
5.043159487171347656e+12 7.796427203155389731e-14
5.148867450137486328e+12 6.360784498237873718e-14
5.256791122018418945e+12 5.180638497048884272e-14
5.366976945540475586e+12 4.212228894061388777e-14
5.479472336900291992e+12 3.418905336301894924e-14
5.594325706169388672e+12 2.770092321373211425e-14
5.711586478126446289e+12 2.240404399748769452e-14
5.831305113526218750e+12 1.808763602221303067e-14
5.953533130814370117e+12 1.457640273555239932e-14
6.078323128297210938e+12 1.172511698221478029e-14
6.205728806776487305e+12 9.414013795605121211e-15
6.335804992658241211e+12 7.544338897185030362e-15
6.468607661546321289e+12 6.034561771109396847e-15
6.604193962330305664e+12 4.817625934195935470e-15
6.742622241778348633e+12 3.838621737427488030e-15
6.883952069645509766e+12 3.052600793607287566e-15
7.028244264308366211e+12 2.422736331986981142e-15
7.175560918936920898e+12 1.918968259175458934e-15
7.325965428215229492e+12 1.516863796679805605e-15
7.479522515621797852e+12 1.196574434194507961e-15
7.636298261282225586e+12 9.419669664233142737e-16
7.796360130405220703e+12 7.399764984915603768e-16
7.959777002314977539e+12 5.800663242570493675e-16
8.126619200091945312e+12 4.537447837281565201e-16
8.296958520834915039e+12 3.541667972756974389e-16
8.470868266557419922e+12 2.758348439592414137e-16
8.648423275731745117e+12 2.143513143166110374e-16
8.829699955494082031e+12 1.662016364602616742e-16
9.014776314524917969e+12 1.285771901339312503e-16
9.203731996618228516e+12 9.924172326202712050e-17
9.396648314954669922e+12 7.642166765802243519e-17
9.593608287093126953e+12 5.871195018401684670e-17
9.794696670695386719e+12 4.499984835939572656e-17
1.000000000000000000e+13 3.440738877736918058e-17
1.020960662306047461e+13 2.624448409823367553e-17
1.042360673976403125e+13 1.996942171262804511e-17
1.064209244064726758e+13 1.515724213057070939e-17
1.086515774652537305e+13 1.147580095096338280e-17
1.109289864895222656e+13 8.666482694971108991e-18
1.132541315152812695e+13 6.528219509720690134e-18
1.156280131207373047e+13 4.904831414861503792e-18
1.180516528568803125e+13 3.675454119625359369e-18
1.205260936870841211e+13 2.746905986156735029e-18
1.230524004359261523e+13 2.047466835819747378e-18
1.256316602474121484e+13 1.522001167252905309e-18
1.282649830528062695e+13 1.128281497881673676e-18
1.309535020482670312e+13 8.340880819391147665e-19
1.336983741824945312e+13 6.148825697350873257e-19
1.365007806546013672e+13 4.520039696886980819e-19
1.393619274224143359e+13 3.313146446679072513e-19
1.422830457214349023e+13 2.421442733582064199e-19
1.452653925946778320e+13 1.764559049222410391e-19
1.483102514336102734e+13 1.282064269010503984e-19
1.514189325304351953e+13 9.286940216409011468e-20
1.545927736419478516e+13 6.706730447203242373e-20
1.578331405652119727e+13 4.828552850236215063e-20
1.611414277253023242e+13 3.465559802031397859e-20
1.645190587753660742e+13 2.479458270532698679e-20
1.679674872092653125e+13 1.768285895284018550e-20
1.714881969870541016e+13 1.257049349319549663e-20
1.750827031735719922e+13 8.907129669698886037e-21
1.787525525904231641e+13 6.290491522933465869e-21
1.824993244816150391e+13 4.427689440583707596e-21
1.863246311931559766e+13 3.106037086234939845e-21
1.902301188668945703e+13 2.171468441029346477e-21
1.942174681489028516e+13 1.512838398211960152e-21
1.982883949127075391e+13 1.050285009977419355e-21
2.024446509976801562e+13 7.265872403910658810e-22
2.066880249629082031e+13 5.008570762883018092e-22
2.110203428568596484e+13 3.440004081626361111e-22
2.154434690031877734e+13 2.353995856786654977e-22
2.199593068030070312e+13 1.604883604024624890e-22
2.245697995539771484e+13 1.090061248978331919e-22
2.292769312865648828e+13 7.375649689362752662e-23
2.340827276178294141e+13 4.971336174335008304e-23
2.389892566231052344e+13 3.337782788087841283e-23
2.439986297259555078e+13 2.232196208924798217e-23
2.491130026067785938e+13 1.486850532977617050e-23
2.543345761304648438e+13 9.863777120185623298e-24
2.596655972934872656e+13 6.517001729435642254e-24
2.651083601908530859e+13 4.288023270209389687e-24
2.706652070033235938e+13 2.809578404415905896e-24
2.763385290053166797e+13 1.833070052407519282e-24
2.821307675939470703e+13 1.190851160410161174e-24
2.880444153396297656e+13 7.702845821638239857e-25
2.940820170587066797e+13 4.960539173530578795e-25
3.002461709085555078e+13 3.180302430013561272e-25
3.065395295056535938e+13 2.029809849567369446e-25
3.129648010670750391e+13 1.289624011925961907e-25
3.195247505759213672e+13 8.155656199906390558e-26
3.262222009711659766e+13 5.133567978800813615e-26
3.330600343624581641e+13 3.216093771397962691e-26
3.400411932703702734e+13 2.005206232955870355e-26
3.471686818926559766e+13 1.244159468439369709e-26
3.544455673970435938e+13 7.681655981222896154e-27
3.618749812411284375e+13 4.719310826875696608e-27
3.694601205199309375e+13 2.884813079032126585e-27
3.772042493417008594e+13 1.754430764289172183e-27
3.851107002325568750e+13 1.061470369680020379e-27
3.931828755705770312e+13 6.388727917827633354e-28
4.014242490499309375e+13 3.824939740083948761e-28
4.098383671757252344e+13 2.277722822098951348e-28
4.184288507901575781e+13 1.349010197906845703e-28
4.271993966306776562e+13 7.945990527718978629e-29
4.361537789208005469e+13 4.654428674203110701e-29
4.452958509942659375e+13 2.711008096609230353e-29
4.546295469532408594e+13 1.570043342950449548e-29
4.641588833612791406e+13 9.040401276310523815e-30
4.738879609717650781e+13 5.175165479731918034e-30
4.838209664925957031e+13 2.944963337261350101e-30
4.939621743878305469e+13 1.665801017262930569e-30
5.043159487171348438e+13 9.365504032816841919e-31
5.148867450137487500e+13 5.233199020722681744e-31
5.256791122018419531e+13 2.905949231461259950e-31
5.366976945540475781e+13 1.603466818740624695e-31
5.479472336900292188e+13 8.791411364549221866e-32
5.594325706169388281e+13 4.789002518500209310e-32
5.711586478126446875e+13 2.591634859925104047e-32
5.831305113526218750e+13 1.393186542536555029e-32
5.953533130814369531e+13 7.439180040847938931e-33
6.078323128297210938e+13 3.945301057747667351e-33
6.205728806776487500e+13 2.077909617585378143e-33
6.335804992658241406e+13 1.086742840292417765e-33
6.468607661546320312e+13 5.643547685220841872e-34
6.604193962330304688e+13 2.909775290587085562e-34
6.742622241778349219e+13 1.489355058053103127e-34
6.883952069645510938e+13 7.567081541132965481e-35
7.028244264308367188e+13 3.816097693562926975e-35
7.175560918936920312e+13 1.909965351047749396e-35
7.325965428215229688e+13 9.486227309926777064e-36
7.479522515621796875e+13 4.674992363288987305e-36
7.636298261282225000e+13 2.285887648159119473e-36
7.796360130405220312e+13 1.108834643025448453e-36
7.959777002314978125e+13 5.335325946300167051e-37
8.126619200091945312e+13 2.546196980990973770e-37
8.296958520834914062e+13 1.205104592601994992e-37
8.470868266557418750e+13 5.655977058011987221e-38
8.648423275731743750e+13 2.631976977586012720e-38
8.829699955494082812e+13 1.214226774426515698e-38
9.014776314524917188e+13 5.552940592954256565e-39
9.203731996618229688e+13 2.517080676984135880e-39
9.396648314954671875e+13 1.130733851523191158e-39
9.593608287093126562e+13 5.033400001418061236e-40
9.794696670695385938e+13 2.220034580529465548e-40
1.000000000000000000e+14 9.700572860990718717e-41
1.020960662306047656e+14 4.198646424824776079e-41
1.042360673976403281e+14 1.799868822880216669e-41
1.064209244064726875e+14 7.640970268239937612e-42
1.086515774652537188e+14 3.211965519521841989e-42
1.109289864895222656e+14 1.336716559794648353e-42
1.132541315152812656e+14 5.506754339747396818e-43
1.156280131207372969e+14 2.245397771734200334e-43
1.180516528568803125e+14 9.060808416641515478e-44
1.205260936870841250e+14 3.617797718173528769e-44
1.230524004359261562e+14 1.429102418883328131e-44
1.256316602474121406e+14 5.584368217083445276e-45
1.282649830528062500e+14 2.158277228580866921e-45
1.309535020482670312e+14 8.248718135361340488e-46
1.336983741824945156e+14 3.117064546291599649e-46
1.365007806546013906e+14 1.164478425500895804e-46
1.393619274224143594e+14 4.300015477585250010e-47
1.422830457214349062e+14 1.569208942419703920e-47
1.452653925946778125e+14 5.658397461496457312e-48
1.483102514336102812e+14 2.015813518112367657e-48
1.514189325304351875e+14 7.093711467373480823e-49
1.545927736419478438e+14 2.465344552381253028e-49
1.578331405652119688e+14 8.460339544329374581e-50
1.611414277253023125e+14 2.866435260039852867e-50
1.645190587753660625e+14 9.586449975738467923e-51
1.679674872092653125e+14 3.164059117921274736e-51
1.714881969870540938e+14 1.030439897455091458e-51
1.750827031735719688e+14 3.310744387420143710e-52
1.787525525904231875e+14 1.049217379145170366e-52
1.824993244816150312e+14 3.279039795386980378e-53
1.863246311931559688e+14 1.010378722456551081e-53
1.902301188668945625e+14 3.069069885118240549e-54
1.942174681489028438e+14 9.187995673284644260e-55
1.982883949127075312e+14 2.710348709794356438e-55
2.024446509976801875e+14 7.876425748957030966e-56
2.066880249629082188e+14 2.254532175414041090e-56
2.110203428568596562e+14 6.354878951911690647e-57
2.154434690031877812e+14 1.763496968871279509e-57
2.199593068030070312e+14 4.816836590308846408e-58
2.245697995539771562e+14 1.294753035232664966e-58
2.292769312865648750e+14 3.424078608587291857e-59
2.340827276178294375e+14 8.906742622985180819e-60
2.389892566231052500e+14 2.278290655536084037e-60
2.439986297259555000e+14 5.729629238117431218e-61
2.491130026067785938e+14 1.416309403741028290e-61
2.543345761304648125e+14 3.440200788557124463e-62
2.596655972934872500e+14 8.209054885379109980e-63
2.651083601908530625e+14 1.923941973274739742e-63
2.706652070033235938e+14 4.427513743093594477e-64
2.763385290053167188e+14 1.000160083887503667e-64
2.821307675939470625e+14 2.217190268100046966e-65
2.880444153396298125e+14 4.822354380279594842e-66
2.940820170587066250e+14 1.028749864851201721e-66
3.002461709085555000e+14 2.151888083730230557e-67
3.065395295056535625e+14 4.412278815440840859e-68
3.129648010670750625e+14 8.866068778988692702e-69
3.195247505759213750e+14 1.745369767610214713e-69
3.262222009711659375e+14 3.365025539207706200e-70
3.330600343624581250e+14 6.351837407183323076e-71
3.400411932703702500e+14 1.173556668196440058e-71
3.471686818926559375e+14 2.121566629251638938e-72
3.544455673970435625e+14 3.751497115323139846e-73
3.618749812411283750e+14 6.486406364352437201e-74
3.694601205199310000e+14 1.096302437223728094e-74
3.772042493417008750e+14 1.810621898374226194e-75
3.851107002325568750e+14 2.921017463706113652e-76
3.931828755705770000e+14 4.601462046459900879e-77
4.014242490499310000e+14 7.075853044644157158e-78
4.098383671757253125e+14 1.061737181462685650e-78
4.184288507901576250e+14 1.553953706976431289e-79
4.271993966306776875e+14 2.217571179775882648e-80
4.361537789208005625e+14 3.084548838645860917e-81
4.452958509942660000e+14 4.180257709424635987e-82
4.546295469532408750e+14 5.517322220179627706e-83
4.641588833612791250e+14 7.089108752595093581e-84
4.738879609717650625e+14 8.864179150183472302e-85
4.838209664925956875e+14 1.078151124752613667e-85
4.939621743878305000e+14 1.275028074661322920e-86
5.043159487171348125e+14 1.465448606325226979e-87
5.148867450137486875e+14 1.636313156732841436e-88
5.256791122018418750e+14 1.774209357633225630e-89
5.366976945540476250e+14 1.867144911533396769e-90
5.479472336900293125e+14 1.906269693271362269e-91
5.594325706169389375e+14 1.887321380219642960e-92
5.711586478126446250e+14 1.811115781487126099e-93
5.831305113526218750e+14 1.683696963758525315e-94
5.953533130814370000e+14 1.515594863740429067e-95
6.078323128297211250e+14 1.320421869508275633e-96
6.205728806776487500e+14 1.112810648671953809e-97
6.335804992658241250e+14 9.067190824609958084e-99
6.468607661546320000e+14 7.138975111113106803e-100
6.604193962330305000e+14 5.428819197207714019e-101
6.742622241778348750e+14 3.985049170750775030e-102
6.883952069645510000e+14 2.822078357321324126e-103
7.028244264308366250e+14 1.926919805876189538e-104
7.175560918936921250e+14 1.267934890236806342e-105
7.325965428215230000e+14 8.035334628590712107e-107
7.479522515621797500e+14 4.901354863566449469e-108
7.636298261282225000e+14 2.875859873533366734e-109
7.796360130405220000e+14 1.622265202930559002e-110
7.959777002314977500e+14 8.792142697121841631e-112
8.126619200091946250e+14 4.575090987926468902e-113
8.296958520834916250e+14 2.284293135126299485e-114
8.470868266557420000e+14 1.093695780499742714e-115
8.648423275731745000e+14 5.017990068685444942e-117
8.829699955494082500e+14 2.204680081887904828e-118
9.014776314524917500e+14 9.269110605523138082e-120
9.203731996618230000e+14 3.726779944894171229e-121
9.396648314954671250e+14 1.431880537771597963e-122
9.593608287093126250e+14 5.253276329987874021e-124
9.794696670695385000e+14 1.838975358923744092e-125
1.000000000000000000e+15 6.138323585315006871e-127
1.020960662306047500e+15 1.952101952436303862e-128
1.042360673976403250e+15 5.909961676915967663e-130
1.064209244064722375e+15 1.701938635515163595e-131
1.086515774652537375e+15 4.658693115763970871e-133
1.109289864895222875e+15 1.211073690989623762e-134
1.132541315152812750e+15 2.987374889124692775e-136
1.156280131207377750e+15 6.986233560959751462e-138
1.180516528568803000e+15 1.547714260235567887e-139
1.205260936870841250e+15 3.245119591093900917e-141
1.230524004359261500e+15 6.433736584265740434e-143
1.256316602474121500e+15 1.204985613429093701e-144
1.282649830528062500e+15 2.130202387882331085e-146
1.309535020482665000e+15 3.550983810236729263e-148
1.336983741824945250e+15 5.576192156392626350e-150
1.365007806546013750e+15 8.240450283548347203e-152
1.393619274224143500e+15 1.144972407738379305e-153
1.422830457214354750e+15 1.494192249467410312e-155
1.452653925946778250e+15 1.829479482391863028e-157
1.483102514336102750e+15 2.099366774068165899e-159
1.514189325304352000e+15 2.255618251705884677e-161
1.545927736419478500e+15 2.266529945603576720e-163
1.578331405652119500e+15 2.127578664431216126e-165
1.611414277253016750e+15 1.863514166018875451e-167
1.645190587753660750e+15 1.521413269459914509e-169
1.679674872092653250e+15 1.156362483043708558e-171
1.714881969870541000e+15 8.172365431123869494e-174
1.750827031735726750e+15 5.363703652980014059e-176
1.787525525904231750e+15 3.265537460914617468e-178
1.824993244816150500e+15 1.841798441552428305e-180
1.863246311931559750e+15 9.610899053642234555e-183
1.902301188668945750e+15 4.633776941094794800e-185
1.942174681489028250e+15 2.061709628014248316e-187
1.982883949127067250e+15 8.453222141782715839e-190
2.024446509976801750e+15 3.189449405417783798e-192
2.066880249629082000e+15 1.105802607084894164e-194
2.110203428568596500e+15 3.518352994652665568e-197
2.154434690031886500e+15 1.025735085981717359e-199
2.199593068030070500e+15 2.736007986826923435e-202
2.245697995539771750e+15 6.666640970899985445e-205
2.292769312865648500e+15 1.481807883358441918e-207
2.340827276178294500e+15 2.999542679490100519e-210
2.389892566231052500e+15 5.520793394474890013e-213
2.439986297259545000e+15 9.223586971584342080e-216
2.491130026067786000e+15 1.396658615057845345e-218
2.543345761304648500e+15 1.913378207005789295e-221
2.596655972934872000e+15 2.367475101432949105e-224
2.651083601908541500e+15 2.640922667180298558e-227
2.706652070033235500e+15 2.651554416453526775e-230
2.763385290053167000e+15 2.391599245579158828e-233
2.821307675939470500e+15 1.934274148206521581e-236
2.880444153396297500e+15 1.400036370611674213e-239
2.940820170587066500e+15 9.052860696378061907e-243
3.002461709085543000e+15 5.218688354129021039e-246
3.065395295056523500e+15 2.676733412602688576e-249
3.129648010670750500e+15 1.218990022536629974e-252
3.195247505759214000e+15 4.919490844799845065e-256
3.262222009711673500e+15 1.755492126410100782e-259
3.330600343624582000e+15 5.527277815101282194e-263
3.400411932703702500e+15 1.532032341386981329e-266
3.471686818926559500e+15 3.730592310155709780e-270
3.544455673970435500e+15 7.961569918430354348e-274
3.618749812411284000e+15 1.485717541347034642e-277
3.694601205199294500e+15 2.418367839909723671e-281
3.772042493416993500e+15 3.426068545886200791e-285
3.851107002325568500e+15 4.213401792463895054e-289
3.931828755705770000e+15 4.487076056734458739e-293
4.014242490499326000e+15 4.126999570271568323e-297
4.098383671757253000e+15 3.270462637427697101e-301
4.184288507901576000e+15 2.226763274286280288e-305
4.271993966306776500e+15 1.299207774010176930e-309
4.361537789208006000e+15 6.477047736763752600e-314
4.452958509942660000e+15 2.752014816526161026e-318
4.546295469532390000e+15 9.881312916824930884e-323
4.641588833612773000e+15 0.000000000000000000e+00
4.738879609717651000e+15 0.000000000000000000e+00
4.838209664925957000e+15 0.000000000000000000e+00
4.939621743878326000e+15 0.000000000000000000e+00
5.043159487171349000e+15 0.000000000000000000e+00
5.148867450137487000e+15 0.000000000000000000e+00
5.256791122018419000e+15 0.000000000000000000e+00
5.366976945540476000e+15 0.000000000000000000e+00
5.479472336900292000e+15 0.000000000000000000e+00
5.594325706169389000e+15 0.000000000000000000e+00
5.711586478126423000e+15 0.000000000000000000e+00
5.831305113526218000e+15 0.000000000000000000e+00
5.953533130814370000e+15 0.000000000000000000e+00
6.078323128297236000e+15 0.000000000000000000e+00
6.205728806776513000e+15 0.000000000000000000e+00
6.335804992658241000e+15 0.000000000000000000e+00
6.468607661546321000e+15 0.000000000000000000e+00
6.604193962330306000e+15 0.000000000000000000e+00
6.742622241778349000e+15 0.000000000000000000e+00
6.883952069645510000e+15 0.000000000000000000e+00
7.028244264308338000e+15 0.000000000000000000e+00
7.175560918936921000e+15 0.000000000000000000e+00
7.325965428215230000e+15 0.000000000000000000e+00
7.479522515621829000e+15 0.000000000000000000e+00
7.636298261282257000e+15 0.000000000000000000e+00
7.796360130405221000e+15 0.000000000000000000e+00
7.959777002314978000e+15 0.000000000000000000e+00
8.126619200091945000e+15 0.000000000000000000e+00
8.296958520834915000e+15 0.000000000000000000e+00
8.470868266557420000e+15 0.000000000000000000e+00
8.648423275731709000e+15 0.000000000000000000e+00
8.829699955494083000e+15 0.000000000000000000e+00
9.014776314524918000e+15 0.000000000000000000e+00
9.203731996618230000e+15 0.000000000000000000e+00
9.396648314954710000e+15 0.000000000000000000e+00
9.593608287093126000e+15 0.000000000000000000e+00
9.794696670695384000e+15 0.000000000000000000e+00
