1.020960662306047603e+07 9.933596977133478845e+01
1.042360673976401053e+07 9.693935785745406974e+01
1.064209244064724632e+07 9.459828640199987149e+01
1.086515774652537145e+07 9.231192271389122084e+01
1.109289864895222709e+07 9.007893232567157327e+01
1.132541315152812563e+07 8.789771613365320491e+01
1.156280131207375228e+07 8.576720557927174582e+01
1.180516528568805568e+07 8.368663634878355140e+01
1.205260936870841496e+07 8.165478764448620552e+01
1.230524004359261692e+07 7.967019813729729094e+01
1.256316602474121563e+07 7.773188944465891836e+01
1.282649830528059974e+07 7.583916010475141434e+01
1.309535020482667536e+07 7.399089352189969304e+01
1.336983741824945062e+07 7.218575456258832901e+01
1.365007806546013802e+07 7.042284756500662013e+01
1.393619274224143475e+07 6.870152883494841944e+01
1.422830457214351930e+07 6.702077728645325294e+01
1.452653925946781226e+07 6.537937335415334417e+01
1.483102514336102828e+07 6.377649724915667662e+01
1.514189325304351933e+07 6.221155836774156001e+01
1.545927736419478431e+07 6.068362315229819615e+01
1.578331405652116425e+07 5.919157785573558073e+01
1.611414277253019996e+07 5.773467227120828937e+01
1.645190587753660791e+07 5.631236458262144851e+01
1.679674872092653066e+07 5.492380143385845770e+01
1.714881969870540872e+07 5.356796595106219883e+01
1.750827031735723466e+07 5.224417173200997411e+01
1.787525525904235244e+07 5.095192178986098952e+01
1.824993244816150516e+07 4.969043624460332609e+01
1.863246311931559816e+07 4.845878689057377642e+01
1.902301188668945804e+07 4.725634582380809690e+01
1.942174681489024311e+07 4.608265724611071334e+01
1.982883949127071351e+07 4.493700858149430388e+01
2.024446509976801649e+07 4.381855276670798816e+01
2.066880249629081786e+07 4.272671552315878785e+01
2.110203428568596393e+07 4.166107889310564616e+01
2.154434690031882003e+07 4.062099194023776505e+01
2.199593068030074611e+07 3.960568184235152955e+01
2.245697995539776236e+07 3.861462347254776262e+01
2.292769312865648791e+07 3.764743363338704540e+01
2.340827276178294048e+07 3.670351783144707980e+01
2.389892566231048107e+07 3.578217115768387657e+01
2.439986297259550542e+07 3.488291352939970835e+01
2.491130026067791134e+07 3.400539367724082496e+01
2.543345761304648221e+07 3.314906878257290401e+01
2.596655972934872285e+07 3.231329604847903880e+01
2.651083601908536255e+07 3.149763666599707079e+01
2.706652070033241063e+07 3.070176868926661840e+01
2.763385290053172782e+07 2.992519660031343065e+01
2.821307675939470530e+07 2.916733439740043465e+01
2.880444153396297619e+07 2.842778108439897267e+01
2.940820170587060601e+07 2.770624164358993013e+01
3.002461709085549042e+07 2.700226384647783462e+01
3.065395295056529716e+07 2.631531361326918628e+01
3.129648010670750216e+07 2.564502458422408893e+01
3.195247505759213492e+07 2.499112646776704949e+01
3.262222009711666778e+07 2.435320664589115935e+01
3.330600343624588847e+07 2.373077849558818997e+01
3.400411932703709602e+07 2.312350737875805606e+01
3.471686818926559389e+07 2.253114570485594825e+01
3.544455673970435560e+07 2.195331709345080284e+01
3.618749812411276251e+07 2.138957828750004708e+01
3.694601205199302733e+07 2.083962369588110874e+01
3.772042493417001516e+07 2.030322656784942836e+01
3.851107002325568348e+07 1.978004366786737123e+01
3.931828755705770105e+07 1.926967135756282445e+01
4.014242490499317646e+07 1.877183063941857100e+01
4.098383671757261455e+07 1.828631389087299652e+01
4.184288507901584357e+07 1.781280818662859744e+01
4.271993966306776553e+07 1.735094607533996225e+01
4.361537789208005369e+07 1.690047290221231080e+01
4.452958509942659736e+07 1.646119859976704802e+01
4.546295469532398880e+07 1.603283795498084174e+01
4.641588833612781763e+07 1.561505656107511797e+01
4.738879609717650712e+07 1.520762204154809005e+01
4.838209664925957471e+07 1.481036043820057557e+01
4.939621743878325820e+07 1.442301186942232860e+01
5.043159487171358615e+07 1.404527209620391659e+01
5.148867450137497485e+07 1.367692912714150211e+01
5.256791122018418461e+07 1.331782378432084357e+01
5.366976945540475845e+07 1.296771933636531671e+01
5.479472336900292337e+07 1.262633907876569239e+01
5.594325706169377267e+07 1.229348966923080511e+01
5.711586478126434237e+07 1.196902548881492123e+01
5.831305113526218385e+07 1.165273095824598215e+01
5.953533130814369768e+07 1.134435449769190996e+01
6.078323128297235817e+07 1.104371982241669592e+01
6.205728806776500493e+07 1.075069375020483520e+01
6.335804992658253759e+07 1.046508002367114898e+01
6.468607661546321213e+07 1.018664998281524348e+01
6.604193962330305576e+07 9.915242941553424671e+00
6.742622241778348386e+07 9.650737123145233909e+00
6.883952069645495713e+07 9.392953916160022843e+00
7.028244264308351278e+07 9.141685563456261931e+00
7.175560918936920166e+07 8.896785640392401717e+00
7.325965428215231001e+07 8.658142828336456986e+00
7.479522515621829033e+07 8.425594627300235118e+00
7.636298261282241344e+07 8.198952338339491774e+00
7.796360130405236781e+07 7.978082572833459452e+00
7.959777002314977348e+07 7.762883599853144467e+00
8.126619200091944635e+07 7.553207626258139129e+00
8.296958520834915340e+07 7.348883324464100752e+00
8.470868266557401419e+07 7.149789219103035443e+00
8.648423275731725991e+07 6.955832367498394397e+00
8.829699955494081974e+07 6.766878397682805968e+00
9.014776314524917305e+07 6.582771811420409236e+00
9.203731996618229151e+07 6.403402018018897301e+00
9.396648314954690635e+07 6.228684128725205049e+00
9.593608287093147635e+07 6.058496016291213593e+00
9.794696670695386827e+07 5.892696602470486766e+00
1.000000000000000000e+08 5.731185239110854646e+00
1.020960662306047529e+08 5.573884416961826460e+00
1.042360673976403177e+08 5.420683177224173477e+00
1.064209244064722359e+08 5.271453573764576461e+00
1.086515774652537256e+08 5.126104038143422414e+00
1.109289864895222783e+08 4.984563821387585136e+00
1.132541315152812600e+08 4.846732148616840874e+00
1.156280131207377762e+08 4.712493029277140089e+00
1.180516528568803072e+08 4.581763184628050212e+00
1.205260936870841384e+08 4.454478057370788946e+00
1.230524004359261543e+08 4.330546156218781917e+00
1.256316602474121451e+08 4.209862371617488996e+00
1.282649830528062433e+08 4.092350991281479722e+00
1.309535020482665002e+08 3.977953127589649363e+00
1.336983741824945360e+08 3.866585749657950100e+00
1.365007806546013653e+08 3.758153647729398195e+00
1.393619274224143326e+08 3.652588013978951498e+00
1.422830457214354575e+08 3.549835151315857917e+00
1.452653925946778059e+08 3.449819736746706944e+00
1.483102514336102903e+08 3.352455564602165872e+00
1.514189325304352045e+08 3.257680125721214903e+00
1.545927736419478357e+08 3.165444473759256638e+00
1.578331405652119517e+08 3.075680305901718814e+00
1.611414277253016531e+08 2.988309603080486099e+00
1.645190587753660679e+08 2.903275600530168532e+00
1.679674872092653215e+08 2.820533699090424840e+00
1.714881969870540798e+08 2.740021987740425047e+00
1.750827031735726893e+08 2.661669888163958664e+00
1.787525525904231668e+08 2.585425872959964178e+00
1.824993244816150367e+08 2.511249319843240624e+00
1.863246311931559741e+08 2.439084135594891567e+00
1.902301188668946028e+08 2.368866502310545741e+00
1.942174681489028633e+08 2.300549666230274237e+00
1.982883949127075374e+08 2.234096642241334418e+00
2.024446509976801872e+08 2.169456630696181332e+00
2.066880249629082084e+08 2.106571953714706513e+00
2.110203428568596542e+08 2.045400207176123253e+00
2.154434690031886399e+08 1.985907731528543163e+00
2.199593068030070364e+08 1.928048542055982972e+00
2.245697995539771616e+08 1.871770535341657826e+00
2.292769312865648568e+08 1.817035269290823596e+00
2.340827276178294122e+08 1.763812124125846204e+00
2.389892566231052577e+08 1.712059493169009627e+00
2.439986297259555161e+08 1.661730332028286128e+00
2.491130026067785919e+08 1.612789806374335111e+00
2.543345761304648221e+08 1.565210074155991782e+00
2.596655972934872508e+08 1.518953508031279931e+00
2.651083601908541918e+08 1.473977653039674651e+00
2.706652070033235550e+08 1.430250958899909941e+00
2.763385290053166747e+08 1.387748121044305893e+00
2.821307675939470530e+08 1.346435127735545745e+00
2.880444153396297693e+08 1.306273685729307354e+00
2.940820170587067008e+08 1.267235233072011580e+00
3.002461709085555673e+08 1.229296782470194360e+00
3.065395295056523085e+08 1.192427606041961630e+00
3.129648010670750141e+08 1.156593182821077370e+00
3.195247505759213567e+08 1.121767669108534093e+00
3.262222009711673260e+08 1.087930193074833296e+00
3.330600343624581695e+08 1.055053008198897802e+00
3.400411932703702450e+08 1.023105011330373015e+00
3.471686818926559091e+08 9.920628304248608753e-01
3.544455673970435262e+08 9.619075242079248023e-01
3.618749812411283851e+08 9.326140517921632789e-01
3.694601205199309587e+08 9.041544053117130941e-01
3.772042493416993618e+08 8.765074592814989796e-01
3.851107002325568795e+08 8.496560335907050732e-01
3.931828755705770254e+08 8.235775417315439606e-01
4.014242490499325991e+08 7.982467777556100375e-01
4.098383671757252812e+08 7.736446573134266869e-01
4.184288507901575565e+08 7.497556063295360840e-01
4.271993966306776404e+08 7.265592637882191118e-01
4.361537789208005667e+08 7.040329589080649431e-01
4.452958509942659736e+08 6.821594610704991846e-01
4.546295469532408714e+08 6.609246601906604290e-01
4.641588833612772226e+08 6.403102123052774042e-01
4.738879609717651010e+08 6.202957393417828369e-01
4.838209664925957322e+08 6.008656934919458514e-01
4.939621743878325820e+08 5.820072986352129440e-01
5.043159487171348333e+08 5.637040380992379696e-01
5.148867450137487054e+08 5.459376062267242702e-01
5.256791122018419504e+08 5.286939821828643415e-01
5.366976945540476441e+08 5.119616048098855066e-01
5.479472336900292635e+08 4.957256120363267016e-01
5.594325706169389486e+08 4.799695705407049928e-01
5.711586478126422167e+08 4.646808444177039643e-01
5.831305113526217937e+08 4.498489785968934340e-01
5.953533130814369917e+08 4.354606085040559349e-01
6.078323128297235966e+08 4.215009915068569923e-01
6.205728806776486635e+08 4.079587471995291259e-01
6.335804992658240795e+08 3.948244270159532165e-01
6.468607661546320915e+08 3.820860210084786601e-01
6.604193962330304384e+08 3.697303123852972995e-01
6.742622241778348684e+08 3.577470583492862177e-01
6.883952069645509720e+08 3.461277257776064209e-01
7.028244264308338165e+08 3.348615294701580147e-01
7.175560918936921358e+08 3.239366289383495690e-01
7.325965428215229511e+08 3.133438116468257317e-01
7.479522515621827841e+08 3.030753766772796287e-01
7.636298261282258034e+08 2.931216455529403464e-01
7.796360130405220985e+08 2.834720184980583091e-01
7.959777002314977646e+08 2.741182155291490563e-01
8.126619200091946125e+08 2.650532918655832404e-01
8.296958520834914446e+08 2.562685685482826714e-01
8.470868266557419300e+08 2.477545636240772176e-01
8.648423275731709003e+08 2.395038407569873296e-01
8.829699955494083166e+08 2.315101418152799573e-01
9.014776314524917603e+08 2.237656900186104914e-01
9.203731996618230343e+08 2.162620099080269920e-01
9.396648314954710007e+08 2.089924279322414868e-01
9.593608287093126774e+08 2.019513091543529149e-01
9.794696670695385933e+08 1.951316906278466878e-01
1.000000000000000000e+09 1.885260025811148210e-01
1.020960662306047559e+09 1.821282607314027857e-01
1.042360673976403356e+09 1.759333954109925657e-01
1.064209244064726830e+09 1.699351773627397200e-01
1.086515774652537346e+09 1.641268512677452052e-01
1.109289864895222664e+09 1.585030553009272036e-01
1.132541315152812481e+09 1.530592322073320577e-01
1.156280131207372904e+09 1.477898137469859097e-01
1.180516528568803072e+09 1.426887765224958415e-01
1.205260936870841503e+09 1.377513204762588206e-01
1.230524004359261513e+09 1.329733525550766682e-01
1.256316602474121332e+09 1.283498996698108907e-01
1.282649830528062582e+09 1.238755957262788060e-01
1.309535020482670307e+09 1.195461473293269322e-01
1.336983741824945211e+09 1.153578816712208521e-01
1.365007806546013832e+09 1.113063611463006863e-01
1.393619274224143505e+09 1.073868095347696866e-01
1.422830457214349031e+09 1.035953900929891952e-01
1.452653925946778297e+09 9.992881020114163793e-02
1.483102514336102724e+09 9.638311371145474871e-02
1.514189325304351807e+09 9.295405338034737341e-02
1.545927736419478655e+09 8.963820375030860654e-02
1.578331405652119875e+09 8.643261590130602023e-02
1.611414277253023148e+09 8.333376625263708148e-02
1.645190587753660679e+09 8.033788156785216794e-02
1.679674872092653036e+09 7.744190654545340946e-02
1.714881969870540857e+09 7.464320274470900851e-02
1.750827031735726833e+09 7.193863493192025060e-02
1.787525525904231787e+09 6.932485428975485031e-02
1.824993244816150427e+09 6.679913840182827300e-02
1.863246311931559801e+09 6.435912907716297149e-02
1.902301188668945789e+09 6.200203945596891725e-02
1.942174681489028454e+09 5.972490043363862244e-02
1.982883949127075434e+09 5.752528872387644571e-02
2.024446509976801872e+09 5.540109889233134355e-02
2.066880249629082203e+09 5.334985634064878801e-02
2.110203428568596601e+09 5.136893139643172040e-02
2.154434690031886578e+09 4.945616935027817573e-02
2.199593068030070305e+09 4.760969253459398226e-02
2.245697995539771557e+09 4.582730600720425623e-02
2.292769312865648746e+09 4.410668325906508258e-02
2.340827276178294182e+09 4.244591051900066525e-02
2.389892566231052876e+09 4.084331518509460440e-02
2.439986297259555340e+09 3.929695255160272488e-02
2.491130026067785740e+09 3.780476663776527468e-02
2.543345761304647923e+09 3.636505962427686450e-02
2.596655972934872150e+09 3.497634336590593751e-02
2.651083601908541679e+09 3.363689686538099549e-02
2.706652070033235550e+09 3.234490532524318673e-02
2.763385290053166866e+09 3.109886430414936925e-02
2.821307675939470768e+09 2.989745141622050795e-02
2.880444153396297932e+09 2.873914546841022447e-02
2.940820170587066650e+09 2.762234647931035778e-02
3.002461709085555077e+09 2.654572300490937869e-02
3.065395295056523800e+09 2.550810146734841521e-02
3.129648010670750618e+09 2.450813895342562540e-02
3.195247505759213448e+09 2.354442662335567288e-02
3.262222009711673260e+09 2.261578764326748966e-02
3.330600343624581814e+09 2.172118188625633481e-02
3.400411932703702450e+09 2.085942535160326822e-02
3.471686818926559448e+09 2.002927910122201394e-02
3.544455673970435619e+09 1.922970433489690212e-02
3.618749812411283970e+09 1.845978047443653722e-02
3.694601205199309826e+09 1.771846501870177545e-02
3.772042493416993618e+09 1.700466989081483513e-02
3.851107002325568676e+09 1.631747939168917347e-02
3.931828755705770016e+09 1.565607991672054652e-02
4.014242490499325752e+09 1.501955482132820083e-02
4.098383671757252693e+09 1.440694983514946917e-02
4.184288507901576042e+09 1.381745891962065514e-02
4.271993966306777000e+09 1.325036407857878296e-02
4.361537789208005905e+09 1.270486048263440304e-02
4.452958509942660332e+09 1.218011240537252363e-02
4.546295469532408714e+09 1.167541138119491950e-02
4.641588833612771988e+09 1.119012475979983684e-02
4.738879609717651367e+09 1.072354693448726928e-02
4.838209664925957680e+09 1.027494707615536108e-02
4.939621743878325462e+09 9.843703431179524899e-03
5.043159487171347618e+09 9.429259436794413737e-03
5.148867450137486458e+09 9.030997426055162314e-03
5.256791122018419266e+09 8.648279276911002844e-03
5.366976945540475845e+09 8.280560197865017083e-03
5.479472336900292397e+09 7.927351369430485351e-03
5.594325706169388771e+09 7.588112964570909412e-03
5.711586478126422882e+09 7.262288689573274773e-03
5.831305113526218414e+09 6.949401971216391180e-03
5.953533130814370155e+09 6.649024220530815737e-03
6.078323128297236443e+09 6.360684418605507158e-03
6.205728806776488304e+09 6.083898401629254937e-03
6.335804992658241272e+09 5.818249981025843190e-03
6.468607661546320915e+09 5.563364041461522046e-03
6.604193962330305099e+09 5.318830303869746291e-03
6.742622241778348923e+09 5.084228097335054611e-03
6.883952069645509720e+09 4.859194607236203001e-03
7.028244264308338165e+09 4.643402121638357839e-03
7.175560918936921120e+09 4.436493901663090232e-03
7.325965428215229988e+09 4.238105085996631514e-03
7.479522515621828079e+09 4.047919966814047740e-03
7.636298261282225609e+09 3.865652788666404990e-03
7.796360130405220985e+09 3.690993935610445940e-03
7.959777002314977646e+09 3.523627528932685941e-03
8.126619200091945648e+09 3.363279371689033553e-03
8.296958520834915161e+09 3.209700783368504406e-03
8.470868266557419777e+09 3.062623557932521359e-03
8.648423275731708527e+09 2.921774740404650163e-03
8.829699955494083405e+09 2.786916654321180530e-03
9.014776314524917603e+09 2.657833324921212402e-03
9.203731996618228912e+09 2.534292876335952644e-03
9.396648314954671860e+09 2.416059906931783061e-03
9.593608287093128204e+09 2.302928816057139491e-03
9.794696670695384979e+09 2.194712429434184965e-03
1.000000000000000000e+10 2.091210690626912026e-03
1.020960662306047440e+10 1.992220997442163428e-03
1.042360673976403236e+10 1.897565871781783193e-03
1.064209244064726830e+10 1.807083454232840053e-03
1.086515774652537155e+10 1.720601507823412649e-03
1.109289864895222664e+10 1.637946027376390584e-03
1.132541315152812576e+10 1.558964146165405223e-03
1.156280131207373047e+10 1.483516213256991104e-03
1.180516528568803024e+10 1.411454269188472431e-03
1.205260936870841217e+10 1.342629196214605025e-03
1.230524004359261703e+10 1.276909625081941837e-03
1.256316602474121475e+10 1.214175349281874537e-03
1.282649830528062630e+10 1.154299555200456262e-03
1.309535020482670403e+10 1.097154742893793932e-03
1.336983741824945259e+10 1.042628283331297097e-03
1.365007806546013641e+10 9.906169590407083291e-04
1.393619274224143410e+10 9.410123377331203014e-04
1.422830457214348984e+10 8.937056599341593579e-04
1.452653925946778107e+10 8.486005993918329608e-04
1.483102514336102867e+10 8.056087502577664785e-04
1.514189325304351997e+10 7.646376251719680991e-04
1.545927736419478416e+10 7.255946771997671615e-04
1.578331405652119637e+10 6.883977318371517409e-04
1.611414277253023148e+10 6.529712674599023360e-04
1.645190587753660774e+10 6.192365981522256722e-04
1.679674872092653275e+10 5.871151723808621129e-04
1.714881969870541000e+10 5.565370725479745328e-04
1.750827031735726929e+10 5.274379584111826228e-04
1.787525525904231644e+10 4.997510631351103055e-04
1.824993244816150284e+10 4.734098895451055921e-04
1.863246311931559753e+10 4.483551109424630606e-04
1.902301188668945694e+10 4.245320670222894454e-04
1.942174681489028549e+10 4.018842601323094408e-04
1.982883949127075195e+10 3.803555513397500316e-04
2.024446509976801682e+10 3.598957429469071159e-04
2.066880249629082108e+10 3.404585334912066949e-04
2.110203428568596649e+10 3.219962512560486391e-04
2.154434690031886673e+10 3.044616363917438924e-04
2.199593068030070114e+10 2.878123400806399473e-04
2.245697995539771652e+10 2.720092598423539906e-04
2.292769312865648651e+10 2.570122900626971535e-04
2.340827276178294373e+10 2.427817627050889919e-04
2.389892566231052399e+10 2.292820593338705038e-04
2.439986297259555435e+10 2.164802604869692758e-04
2.491130026067786026e+10 2.043427293456557723e-04
2.543345761304648209e+10 1.928362718516861494e-04
2.596655972934872437e+10 1.819310249110773548e-04
2.651083601908541489e+10 1.715993643027138448e-04
2.706652070033235550e+10 1.618131684603038025e-04
2.763385290053166962e+10 1.525447488208984720e-04
2.821307675939470673e+10 1.437691496929798256e-04
2.880444153396297836e+10 1.354632682874639413e-04
2.940820170587066650e+10 1.276036716814305048e-04
3.002461709085555267e+10 1.201673397320743308e-04
3.065395295056523514e+10 1.131334886021709865e-04
3.129648010670750427e+10 1.064828642438658590e-04
3.195247505759213638e+10 1.001960076237500073e-04
3.262222009711672974e+10 9.425384533940410145e-05
3.330600343624581909e+10 8.863912904017442280e-05
3.400411932703702927e+10 8.333587024870897923e-05
3.471686818926559448e+10 7.832796743047571928e-05
3.544455673970435333e+10 7.359967337138381043e-05
3.618749812411283875e+10 6.913672617075019655e-05
3.694601205199309540e+10 6.492589882033314983e-05
3.772042493416993713e+10 6.095391720330454896e-05
3.851107002325569153e+10 5.720782817290027641e-05
3.931828755705770111e+10 5.367588396293844786e-05
4.014242490499325562e+10 5.034718460042417095e-05
4.098383671757252502e+10 4.721082886173346354e-05
4.184288507901576233e+10 4.425620269793414588e-05
4.271993966306776428e+10 4.147366739746171857e-05
4.361537789208005524e+10 3.885427681351004561e-05
4.452958509942659760e+10 3.638911407234167412e-05
4.546295469532408905e+10 3.406951640062385656e-05
4.641588833612772369e+10 3.188760783220884263e-05
4.738879609717650604e+10 2.983607649563997538e-05
4.838209664925956726e+10 2.790765879314597043e-05
4.939621743878325653e+10 2.609531369477067692e-05
5.043159487171348572e+10 2.439263290204444568e-05
5.148867450137487030e+10 2.279366615908343840e-05
5.256791122018418884e+10 2.129252198802289656e-05
5.366976945540475464e+10 1.988350203393972836e-05
5.479472336900292206e+10 1.856141511855461331e-05
5.594325706169388580e+10 1.732144079444617994e-05
5.711586478126422882e+10 1.615882178020018015e-05
5.831305113526218414e+10 1.506896689032979484e-05
5.953533130814369965e+10 1.404769010699812720e-05
6.078323128297235870e+10 1.309110446168515721e-05
6.205728806776487732e+10 1.219538627354120135e-05
6.335804992658241272e+10 1.135685351207429959e-05
6.468607661546320343e+10 1.057214669060816344e-05
6.604193962330305481e+10 9.838146695463488345e-06
6.742622241778349304e+10 9.151794974876446132e-06
6.883952069645510864e+10 8.510152801112191688e-06
7.028244264308338928e+10 7.910537280991390688e-06
7.175560918936921692e+10 7.350458012198020122e-06
7.325965428215229797e+10 6.827480652369124224e-06
7.479522515621827698e+10 6.339271421327880531e-06
7.636298261282226562e+10 5.883698691590576471e-06
7.796360130405221558e+10 5.458784380089149187e-06
7.959777002314976501e+10 5.062600978693462887e-06
8.126619200091944885e+10 4.693304723976047823e-06
8.296958520834915161e+10 4.349210955306425858e-06
8.470868266557418823e+10 4.028756986928936696e-06
8.648423275731707764e+10 3.730424813128055722e-06
8.829699955494082642e+10 3.452765635870663646e-06
9.014776314524917603e+10 3.194455360102464234e-06
9.203731996618229675e+10 2.954266368516220210e-06
9.396648314954670715e+10 2.731009820184663589e-06
9.593608287093125916e+10 2.523553634801401604e-06
9.794696670695385742e+10 2.330863050199984903e-06
1.000000000000000000e+11 2.151979268118758329e-06
1.020960662306047516e+11 1.985976622643380632e-06
1.042360673976403351e+11 1.831975647598199505e-06
1.064209244064726715e+11 1.689172480009755464e-06
1.086515774652537231e+11 1.556822783163865535e-06
1.109289864895222778e+11 1.434210135959938617e-06
1.132541315152812653e+11 1.320655435394529662e-06
1.156280131207372894e+11 1.215538033449330070e-06
1.180516528568803101e+11 1.118283693409422250e-06
1.205260936870841370e+11 1.028341397466411593e-06
1.230524004359261475e+11 9.451900409041574264e-07
1.256316602474121399e+11 8.683534905002763704e-07
1.282649830528062439e+11 7.973916078831335193e-07
1.309535020482670288e+11 7.318833352514807343e-07
1.336983741824945221e+11 6.714314065732689763e-07
1.365007806546013794e+11 6.156729734263995535e-07
1.393619274224143372e+11 5.642729487534858441e-07
1.422830457214349060e+11 5.169117462585840397e-07
1.452653925946778259e+11 4.732885540498342509e-07
1.483102514336102905e+11 4.331287564587706220e-07
1.514189325304352112e+11 3.961790242176913829e-07
1.545927736419478455e+11 3.621984820846370673e-07
1.578331405652119751e+11 3.309609515048044280e-07
1.611414277253023071e+11 3.022600779453784184e-07
1.645190587753660583e+11 2.759057285819147070e-07
1.679674872092653198e+11 2.517176694939835217e-07
1.714881969870540771e+11 2.295270775741118668e-07
1.750827031735719604e+11 2.091800409642474416e-07
1.787525525904231873e+11 1.905349304126241223e-07
1.824993244816150513e+11 1.734579017852323667e-07
1.863246311931559753e+11 1.578238966847367933e-07
1.902301188668945618e+11 1.435190015325335380e-07
1.942174681489028320e+11 1.304385400570950431e-07
1.982883949127075500e+11 1.184838947946599902e-07
2.024446509976802063e+11 1.075631550891438532e-07
2.066880249629082031e+11 9.759268455353095973e-08
2.110203428568596497e+11 8.849574470322776808e-08
2.154434690031877747e+11 8.020026327913654921e-08
2.199593068030070190e+11 7.263924298029608220e-08
2.245697995539771729e+11 6.575178662387017615e-08
2.292769312865648804e+11 5.948210979333430875e-08
2.340827276178294067e+11 5.377798428387985806e-08
2.389892566231052551e+11 4.859098748375135618e-08
2.439986297259555054e+11 4.387716101000589246e-08
2.491130026067796021e+11 3.959630664469098805e-08
2.543345761304648132e+11 3.571090791368487940e-08
2.596655972934872437e+11 3.218627563953774071e-08
2.651083601908530884e+11 2.899096251140188498e-08
2.706652070033235779e+11 2.609626411230432223e-08
2.763385290053167114e+11 2.347547680656830034e-08
2.821307675939470825e+11 2.110397740756544119e-08
2.880444153396297607e+11 1.895947789811212539e-08
2.940820170587066650e+11 1.702167404998214413e-08
3.002461709085555420e+11 1.527173823157818101e-08
3.065395295056536255e+11 1.369235863461706654e-08
3.129648010670750732e+11 1.226789124859905745e-08
3.195247505759213257e+11 1.098411404295138729e-08
3.262222009711659546e+11 9.827882730409918186e-09
3.330600343624581909e+11 8.787146241147839657e-09
3.400411932703702393e+11 7.851034071444953901e-09
3.471686818926559448e+11 7.009685490949505308e-09
3.544455673970435181e+11 6.254017548780859775e-09
3.618749812411284180e+11 5.575727453093637036e-09
3.694601205199309692e+11 4.967340301226314309e-09
3.772042493417008667e+11 4.422091260684358581e-09
3.851107002325568848e+11 3.933770339081081354e-09
3.931828755705770264e+11 3.496718252611959433e-09
4.014242490499309692e+11 3.105850620882090778e-09
4.098383671757252808e+11 2.756577298212157027e-09
4.184288507901575928e+11 2.444699266795640343e-09
4.271993966306776123e+11 2.166401885745298320e-09
4.361537789208005371e+11 1.918265659349436445e-09
4.452958509942659912e+11 1.697211437846264027e-09
4.546295469532408447e+11 1.500432445548290457e-09
4.641588833612791138e+11 1.325387071110952663e-09
4.738879609717650757e+11 1.169802391208676445e-09
4.838209664925957031e+11 1.031637252242242745e-09
4.939621743878305664e+11 9.090378071514522495e-10
5.043159487171348267e+11 8.003309311339847688e-10
5.148867450137487183e+11 7.040241554487709344e-10
5.256791122018419189e+11 6.187810123608289501e-10
5.366976945540476074e+11 5.433921828907207011e-10
5.479472336900292969e+11 4.767699816838292372e-10
5.594325706169388428e+11 4.179467683733094898e-10
5.711586478126446533e+11 3.660586340418755018e-10
5.831305113526218262e+11 3.203268351264834982e-10
5.953533130814368896e+11 2.800534330356659498e-10
6.078323128297211914e+11 2.446192824171327235e-10
6.205728806776488037e+11 2.134733423309127938e-10
6.335804992658240967e+11 1.861208335504282186e-10
6.468607661546320801e+11 1.621199373049590682e-10
6.604193962330305176e+11 1.410798905735644197e-10
6.742622241778348389e+11 1.226540550998762744e-10
6.883952069645510254e+11 1.065324327846476327e-10
7.028244264308366699e+11 9.243925268247306820e-11
7.175560918936921387e+11 8.013138453583078223e-11
7.325965428215229492e+11 6.939389381026643368e-11
7.479522515621828613e+11 6.003535739238696132e-11
7.636298261282225342e+11 5.188615237557577017e-11
7.796360130405220947e+11 4.479723235001630763e-11
7.959777002314978027e+11 3.863730994063883079e-11
8.126619200091945801e+11 3.328995534155671929e-11
8.296958520834915771e+11 2.865241525291200462e-11
8.470868266557419434e+11 2.463471869071570534e-11
8.648423275731743164e+11 2.115791316196633731e-11
8.829699955494082031e+11 1.815228722093924881e-11
9.014776314524916992e+11 1.555657552928545693e-11
9.203731996618229980e+11 1.331733247502156443e-11
9.396648314954670410e+11 1.138784240015619885e-11
9.593608287093126221e+11 9.727043481561429372e-12
9.794696670695385742e+11 8.299005283490415961e-12
1.000000000000000000e+12 7.072505238473190308e-12
1.020960662306047485e+12 6.020364661199596823e-12
1.042360673976403198e+12 5.118805374521948001e-12
1.064209244064726929e+12 4.347114175574685780e-12
1.086515774652537354e+12 3.687365285009340974e-12
1.109289864895222656e+12 3.124021716661141391e-12
1.132541315152812744e+12 2.643555759738002004e-12
1.156280131207372803e+12 2.234238310900369026e-12
1.180516528568802979e+12 1.885962115839685764e-12
1.205260936870841309e+12 1.590006155379546906e-12
1.230524004359261719e+12 1.338814962172647175e-12
1.256316602474121338e+12 1.125869291771336844e-12
1.282649830528062500e+12 9.455765517353024670e-13
1.309535020482670410e+12 7.931338182372085615e-13
1.336983741824945068e+12 6.644014622642810029e-13
1.365007806546013672e+12 5.558255239447566525e-13
1.393619274224143311e+12 4.643715344222931292e-13
1.422830457214348877e+12 3.874462495232797037e-13
1.452653925946778320e+12 3.228264535377498687e-13
1.483102514336102783e+12 2.686134150565621860e-13
1.514189325304351807e+12 2.231939226578215611e-13
1.545927736419478516e+12 1.851963801022955482e-13
1.578331405652119873e+12 1.534513866161933974e-13
1.611414277253023193e+12 1.269656258970571411e-13
1.645190587753660889e+12 1.048994975890188940e-13
1.679674872092653076e+12 8.654295959978540469e-14
1.714881969870540771e+12 7.129410142022035244e-14
1.750827031735719727e+12 5.864452328305792428e-14
1.787525525904231689e+12 4.816681629976272984e-14
1.824993244816150391e+12 3.950153779116301895e-14
1.863246311931559814e+12 3.234579055119482575e-14
1.902301188668945801e+12 2.644523131566530768e-14
1.942174681489028320e+12 2.158724044741967939e-14
1.982883949127075439e+12 1.759404818678324841e-14
2.024446509976801758e+12 1.431677213318597070e-14
2.066880249629082031e+12 1.163115629278794501e-14
2.110203428568596680e+12 9.433940496276132719e-15
2.154434690031877930e+12 7.639313340528543187e-15
2.199593068030070312e+12 6.175866775319539645e-15
2.245697995539771484e+12 4.984381602530816118e-15
2.292769312865648926e+12 4.015948326742239160e-15
2.340827276178293945e+12 3.230179406468898123e-15
2.389892566231052246e+12 2.593689358198340560e-15
2.439986297259555176e+12 2.078973832280174874e-15
2.491130026067796387e+12 1.663463161803310627e-15
2.543345761304647949e+12 1.328643325997222365e-15
2.596655972934872070e+12 1.059315683669758659e-15
2.651083601908530762e+12 8.430448789036674395e-16
2.706652070033235840e+12 6.696953492826656701e-16
2.763385290053166992e+12 5.310101627850090304e-16
2.821307675939470703e+12 4.202596118353451162e-16
2.880444153396297852e+12 3.319768749953619349e-16
2.940820170587066406e+12 2.617375190139511256e-16
3.002461709085555176e+12 2.059631186128089569e-16
3.065395295056536133e+12 1.617588885428879146e-16
3.129648010670750488e+12 1.267907818782096458e-16
3.195247505759213867e+12 9.918368791528500688e-17
3.262222009711660156e+12 7.743243225664054123e-17
3.330600343624582031e+12 6.032885334103662962e-17
3.400411932703702637e+12 4.690637613122083747e-17
3.471686818926559082e+12 3.639444719909793034e-17
3.544455673970435547e+12 2.817938360754864049e-17
3.618749812411284180e+12 2.177258247399031694e-17
3.694601205199310059e+12 1.678630446182555701e-17
3.772042493417008789e+12 1.291392591935584505e-17
3.851107002325568848e+12 9.913245049392065144e-18
3.931828755705770020e+12 7.593049527848303801e-18
4.014242490499309570e+12 5.802879116292478346e-18
4.098383671757252930e+12 4.424748492505949523e-18
4.184288507901576172e+12 3.366257645513361441e-18
4.271993966306776855e+12 2.555099259410178801e-18
4.361537789208005859e+12 1.934876944060171906e-18
4.452958509942660156e+12 1.461754538219584842e-18
4.546295469532409180e+12 1.101708206738866126e-18
4.641588833612791016e+12 8.283562757170801919e-19
4.738879609717650391e+12 6.213110652412083594e-19
4.838209664925957031e+12 4.648707274881675864e-19
4.939621743878305664e+12 3.469617220031964291e-19
5.043159487171347656e+12 2.583116660961669026e-19
5.148867450137486328e+12 1.918235078052556694e-19
5.256791122018418945e+12 1.420837082059332117e-19
5.366976945540475586e+12 1.049701886875883928e-19
5.479472336900291992e+12 7.734872180275779439e-20
5.594325706169388672e+12 5.684435876111621658e-20
5.711586478126446289e+12 4.166365589418098824e-20
5.831305113526218750e+12 3.045490491930929706e-20
5.953533130814370117e+12 2.220100188980293725e-20
6.078323128297210938e+12 1.613928365819372626e-20
6.205728806776487305e+12 1.169985218605540001e-20
6.335804992658241211e+12 8.457743303651507153e-21
6.468607661546321289e+12 6.096653818798665647e-21
6.604193962330305664e+12 4.381992702854064831e-21
6.742622241778348633e+12 3.140380483039247162e-21
6.883952069645509766e+12 2.243966643873606095e-21
7.028244264308366211e+12 1.598667773736605878e-21
7.175560918936920898e+12 1.135499995206960549e-21
7.325965428215229492e+12 8.040626251601202792e-22
7.479522515621797852e+12 5.676215057742894930e-22
7.636298261282225586e+12 3.994638333465841457e-22
7.796360130405220703e+12 2.802362615564336821e-22
7.959777002314977539e+12 1.959681218142341793e-22
8.126619200091945312e+12 1.366005768609906593e-22
8.296958520834915039e+12 9.490919062415281260e-23
8.470868266557419922e+12 6.572496552557019437e-23
8.648423275731745117e+12 4.536323698370461617e-23
8.829699955494082031e+12 3.120472601404341232e-23
9.014776314524917969e+12 2.139248128236312768e-23
9.203731996618228516e+12 1.461514817188259441e-23
9.396648314954669922e+12 9.950180181044269431e-24
9.593608287093126953e+12 6.750480768099313186e-24
9.794696670695386719e+12 4.563471980845882639e-24
1.000000000000000000e+13 3.073893882599753247e-24
1.020960662306047461e+13 2.062997305887118923e-24
1.042360673976403125e+13 1.379476708162480208e-24
1.064209244064726758e+13 9.190009187357157408e-25
1.086515774652537305e+13 6.099275508169513728e-25
1.109289864895222656e+13 4.032588158492360783e-25
1.132541315152812695e+13 2.655960460036398158e-25
1.156280131207373047e+13 1.742490403400179113e-25
1.180516528568803125e+13 1.138686181155300231e-25
1.205260936870841211e+13 7.411466826572740477e-26
1.230524004359261523e+13 4.804616079362706269e-26
1.256316602474121484e+13 3.102026424723737799e-26
1.282649830528062695e+13 1.994514830686829870e-26
1.309535020482670312e+13 1.277069627699929048e-26
1.336983741824945312e+13 8.142624975186025654e-27
1.365007806546013672e+13 5.169679221881020864e-27
1.393619274224143359e+13 3.268011513643241146e-27
1.422830457214349023e+13 2.056855715688177460e-27
1.452653925946778320e+13 1.288873784585737938e-27
1.483102514336102734e+13 8.040421791468066713e-28
1.514189325304351953e+13 4.993205248817942651e-28
1.545927736419478516e+13 3.086671594222206701e-28
1.578331405652119727e+13 1.899314388261788158e-28
1.611414277253023242e+13 1.163249899873750519e-28
1.645190587753660742e+13 7.090679733045747310e-29
1.679674872092653125e+13 4.301485140410413403e-29
1.714881969870541016e+13 2.596860347244897404e-29
1.750827031735719922e+13 1.560096077163026555e-29
1.787525525904231641e+13 9.325974666700842024e-30
1.824993244816150391e+13 5.546933551298253177e-30
1.863246311931559766e+13 3.282541790269996939e-30
1.902301188668945703e+13 1.932580920701037577e-30
1.942174681489028516e+13 1.131882424666357715e-30
1.982883949127075391e+13 6.594402558596719457e-31
2.024446509976801562e+13 3.821567849802926965e-31
2.066880249629082031e+13 2.202772912407111601e-31
2.110203428568596484e+13 1.262770524764970365e-31
2.154434690031877734e+13 7.199105129692871294e-32
2.199593068030070312e+13 4.081427648406725172e-32
2.245697995539771484e+13 2.300878336383410458e-32
2.292769312865648828e+13 1.289692123580729121e-32
2.340827276178294141e+13 7.187212907052811105e-33
2.389892566231052344e+13 3.981949597397043667e-33
2.439986297259555078e+13 2.193100636692783670e-33
2.491130026067785938e+13 1.200632358124871535e-33
2.543345761304648438e+13 6.533106748920292801e-34
2.596655972934872656e+13 3.533172935766284239e-34
2.651083601908530859e+13 1.898936483617349389e-34
2.706652070033235938e+13 1.014181445666213031e-34
2.763385290053166797e+13 5.382057339168760983e-35
2.821307675939470703e+13 2.837814518678859758e-35
2.880444153396297656e+13 1.486571440462986525e-35
2.940820170587066797e+13 7.735902225354771064e-36
3.002461709085555078e+13 3.998760767733512185e-36
3.065395295056535938e+13 2.053066457799378134e-36
3.129648010670750391e+13 1.046898959121392142e-36
3.195247505759213672e+13 5.301343445419161492e-37
3.262222009711659766e+13 2.665694383798807097e-37
3.330600343624581641e+13 1.330914192511094988e-37
3.400411932703702734e+13 6.597264954476545478e-38
3.471686818926559766e+13 3.246422206538705347e-38
3.544455673970435938e+13 1.585750861791809193e-38
3.618749812411284375e+13 7.688185971143067357e-39
3.694601205199309375e+13 3.699375117872907025e-39
3.772042493417008594e+13 1.766440954566393034e-39
3.851107002325568750e+13 8.369423170788154284e-40
3.931828755705770312e+13 3.934464045889827790e-40
4.014242490499309375e+13 1.834946692963880161e-40
4.098383671757252344e+13 8.489016058071482186e-41
4.184288507901575781e+13 3.895329807041042723e-41
4.271993966306776562e+13 1.772759708362280339e-41
4.361537789208005469e+13 8.000660570004235316e-42
4.452958509942659375e+13 3.580286121285731277e-42
4.546295469532408594e+13 1.588473173260227553e-42
4.641588833612791406e+13 6.986758125597954807e-43
4.738879609717650781e+13 3.046169231435998059e-43
4.838209664925957031e+13 1.316308311991508235e-43
4.939621743878305469e+13 5.636870706495513216e-44
5.043159487171348438e+13 2.391972937686652884e-44
5.148867450137487500e+13 1.005675975560741097e-44
5.256791122018419531e+13 4.188739250154739797e-45
5.366976945540475781e+13 1.728146825148386230e-45
5.479472336900292188e+13 7.061682652886566648e-46
5.594325706169388281e+13 2.857648222675739186e-46
5.711586478126446875e+13 1.145035624667329097e-46
5.831305113526218750e+13 4.542389510615534955e-47
5.953533130814369531e+13 1.783857637592333540e-47
6.078323128297210938e+13 6.934032826154108767e-48
6.205728806776487500e+13 2.667440684804697223e-48
6.335804992658241406e+13 1.015380799501838178e-48
6.468607661546320312e+13 3.824200465253785198e-49
6.604193962330304688e+13 1.424838918730388279e-49
6.742622241778349219e+13 5.250903385525391380e-50
6.883952069645510938e+13 1.913744553835564882e-50
7.028244264308367188e+13 6.897068398351589181e-51
7.175560918936920312e+13 2.457580944883236052e-51
7.325965428215229688e+13 8.656449201992500153e-52
7.479522515621796875e+13 3.013665995837703931e-52
7.636298261282225000e+13 1.036857950962431069e-52
7.796360130405220312e+13 3.524847196053110157e-53
7.959777002314978125e+13 1.183804789759223586e-53
8.126619200091945312e+13 3.927075972613635654e-54
8.296958520834914062e+13 1.286617951055599608e-54
8.470868266557418750e+13 4.162409255505625326e-55
8.648423275731743750e+13 1.329451166875310836e-55
8.829699955494082812e+13 4.191396374667293526e-56
9.014776314524917188e+13 1.304191846447680490e-56
9.203731996618229688e+13 4.004421809506283230e-57
9.396648314954671875e+13 1.213016551768817765e-57
9.593608287093126562e+13 3.624464516095813382e-58
9.794696670695385938e+13 1.068081954012860091e-58
1.000000000000000000e+14 3.103581750208582803e-59
1.020960662306047656e+14 8.890532642339652565e-60
1.042360673976403281e+14 2.510238748717135404e-60
1.064209244064726875e+14 6.984796097354301677e-61
1.086515774652537188e+14 1.914930191392212058e-61
1.109289864895222656e+14 5.171488358989543387e-62
1.132541315152812656e+14 1.375475680376647921e-62
1.156280131207372969e+14 3.602375115003966123e-63
1.180516528568803125e+14 9.288104038886117410e-64
1.205260936870841250e+14 2.357027511296244608e-64
1.230524004359261562e+14 5.885825294478899569e-65
1.256316602474121406e+14 1.446018546657106600e-65
1.282649830528062500e+14 3.494311637075741680e-66
1.309535020482670312e+14 8.303516924025345375e-67
1.336983741824945156e+14 1.939879739349098523e-67
1.365007806546013906e+14 4.454642536272269747e-68
1.393619274224143594e+14 1.005234401195722123e-68
1.422830457214349062e+14 2.228554828968969453e-69
1.452653925946778125e+14 4.852593697878129472e-70
1.483102514336102812e+14 1.037590957704793438e-70
1.514189325304351875e+14 2.178032477486242739e-71
1.545927736419478438e+14 4.487110479360082250e-72
1.578331405652119688e+14 9.070256931482162325e-73
1.611414277253023125e+14 1.798553702561300278e-73
1.645190587753660625e+14 3.497479702974349090e-74
1.679674872092653125e+14 6.667853806839255193e-75
1.714881969870540938e+14 1.245933164323746922e-75
1.750827031735719688e+14 2.281260679605746771e-76
1.787525525904231875e+14 4.091624204567108555e-77
1.824993244816150312e+14 7.186552691913475282e-78
1.863246311931559688e+14 1.235720662858136720e-78
1.902301188668945625e+14 2.079606259852579090e-79
1.942174681489028438e+14 3.424237132694781127e-80
1.982883949127075312e+14 5.514721935958034955e-81
2.024446509976801875e+14 8.684057867339397757e-82
2.066880249629082188e+14 1.336717015311854444e-82
2.110203428568596562e+14 2.010600370683464058e-83
2.154434690031877812e+14 2.954118503370240048e-84
2.199593068030070312e+14 4.238371542380248764e-85
2.245697995539771562e+14 5.936206253961362144e-86
2.292769312865648750e+14 8.113346470865264715e-87
2.340827276178294375e+14 1.081705628945822159e-87
2.389892566231052500e+14 1.406304812470818531e-88
2.439986297259555000e+14 1.782263564717909899e-89
2.491130026067785938e+14 2.200991875107005306e-90
2.543345761304648125e+14 2.647560341496776827e-91
2.596655972934872500e+14 3.100894391362147030e-92
2.651083601908530625e+14 3.535027447331716424e-93
2.706652070033235938e+14 3.920886190305699866e-94
2.763385290053167188e+14 4.229386825447416964e-95
2.821307675939470625e+14 4.435001682864403944e-96
2.880444153396298125e+14 4.519328726720247033e-97
2.940820170587066250e+14 4.473288802983002256e-98
3.002461709085555000e+14 4.298900177410288260e-99
3.065395295056535625e+14 4.009355630737602774e-100
3.129648010670750625e+14 3.627504090690637001e-101
3.195247505759213750e+14 3.182392683677279955e-102
3.262222009711659375e+14 2.705853916958631365e-103
3.330600343624581250e+14 2.228722684844253657e-104
3.400411932703702500e+14 1.777567416850922637e-105
3.471686818926559375e+14 1.372136408896027039e-106
3.544455673970435625e+14 1.024586462078091070e-107
3.618749812411283750e+14 7.397117018063594602e-109
3.694601205199310000e+14 5.161111186908117684e-110
3.772042493417008750e+14 3.478235438780350497e-111
3.851107002325568750e+14 2.262947821060300952e-112
3.931828755705770000e+14 1.420552713758744363e-113
4.014242490499310000e+14 8.599987225335086651e-115
4.098383671757253125e+14 5.018204821434927263e-116
4.184288507901576250e+14 2.820711345983241017e-117
4.271993966306776875e+14 1.526440684185048588e-118
4.361537789208005625e+14 7.948545945066223589e-120
4.452958509942660000e+14 3.980315866870080354e-121
4.546295469532408750e+14 1.915590732945711139e-122
4.641588833612791250e+14 8.854770019822223347e-124
4.738879609717650625e+14 3.929167989929949760e-125
4.838209664925956875e+14 1.672592564211054075e-126
4.939621743878305000e+14 6.825928394987829899e-128
5.043159487171348125e+14 2.668890213670620084e-129
5.148867450137486875e+14 9.991696309081036199e-131
5.256791122018418750e+14 3.579194443576609124e-132
5.366976945540476250e+14 1.225930585145531956e-133
5.479472336900293125e+14 4.012142746013881654e-135
5.594325706169389375e+14 1.253834858179835063e-136
5.711586478126446250e+14 3.738822348474251991e-138
5.831305113526218750e+14 1.063008304913952273e-139
5.953533130814370000e+14 2.879517100210096956e-141
6.078323128297211250e+14 7.426555643214205047e-143
6.205728806776487500e+14 1.822193540268797571e-144
6.335804992658241250e+14 4.250069321812956196e-146
6.468607661546320000e+14 9.415483293717760728e-148
6.604193962330305000e+14 1.979777720805527675e-149
6.742622241778348750e+14 3.947732411723384943e-151
6.883952069645510000e+14 7.458789445862046037e-153
7.028244264308366250e+14 1.334148036481202083e-154
7.175560918936921250e+14 2.257427119121217948e-156
7.325965428215230000e+14 3.609953582629216262e-158
7.479522515621797500e+14 5.450979861102572618e-160
7.636298261282225000e+14 7.764819771378112353e-162
7.796360130405220000e+14 1.042572241766694998e-163
7.959777002314977500e+14 1.318180524204568122e-165
8.126619200091946250e+14 1.567897378208817733e-167
8.296958520834916250e+14 1.752686156597222126e-169
8.470868266557420000e+14 1.839677967672469941e-171
8.648423275731745000e+14 1.811241018254757102e-173
8.829699955494082500e+14 1.670931478059063515e-175
9.014776314524917500e+14 1.442871017803244441e-177
9.203731996618230000e+14 1.165095045988952778e-179
9.396648314954671250e+14 8.787658166903851398e-182
9.593608287093126250e+14 6.184192660792217557e-184
9.794696670695385000e+14 4.055979370772991251e-186
1.000000000000000000e+15 2.476616495191053270e-188
1.020960662306047500e+15 1.406208832155276982e-190
1.042360673976403250e+15 7.415758769183149976e-193
1.064209244064722375e+15 3.627810026931100215e-195
1.086515774652537375e+15 1.644487554653852962e-197
1.109289864895222875e+15 6.898481224867661193e-200
1.132541315152812750e+15 2.674631296185270696e-202
1.156280131207377750e+15 9.571745059007770553e-205
1.180516528568803000e+15 3.158005900630356564e-207
1.205260936870841250e+15 9.592417679705411645e-210
1.230524004359261500e+15 2.678850752672970084e-212
1.256316602474121500e+15 6.868487676144818533e-215
1.282649830528062500e+15 1.614748279576129902e-217
1.309535020482665000e+15 3.475634373021365924e-220
1.336983741824945250e+15 6.839417773724031040e-223
1.365007806546013750e+15 1.228573423497478930e-225
1.393619274224143500e+15 2.011763872864749205e-228
1.422830457214354750e+15 2.998150547687100911e-231
1.452653925946778250e+15 4.060277576473396291e-234
1.483102514336102750e+15 4.988564625686365944e-237
1.514189325304352000e+15 5.552195813914586506e-240
1.545927736419478500e+15 5.588281036016833025e-243
1.578331405652119500e+15 5.078002229530626435e-246
1.611414277253016750e+15 4.158599179362144906e-249
1.645190587753660750e+15 3.064387136517167353e-252
1.679674872092653250e+15 2.028064609568366637e-255
1.714881969870541000e+15 1.203334114949527157e-258
1.750827031735726750e+15 6.389069121360723003e-262
1.787525525904231750e+15 3.030302690203925200e-265
1.824993244816150500e+15 1.281357693284159077e-268
1.863246311931559750e+15 4.821244090164319077e-272
1.902301188668945750e+15 1.610906897544538493e-275
1.942174681489028250e+15 4.770870179430045652e-279
1.982883949127067250e+15 1.249724381449217857e-282
2.024446509976801750e+15 2.889536000529868698e-286
2.066880249629082000e+15 5.884233470392042633e-290
2.110203428568596500e+15 1.053249888390641685e-293
2.154434690031886500e+15 1.653315652002488250e-297
2.199593068030070500e+15 2.270937783710191139e-301
2.245697995539771750e+15 2.723061386403608327e-305
2.292769312865648500e+15 2.844315965028662512e-309
2.340827276178294500e+15 2.581625218898324999e-313
2.389892566231052500e+15 2.031304954771221930e-317
2.439986297259545000e+15 1.383383808355490324e-321
2.491130026067786000e+15 0.000000000000000000e+00
2.543345761304648500e+15 0.000000000000000000e+00
2.596655972934872000e+15 0.000000000000000000e+00
2.651083601908541500e+15 0.000000000000000000e+00
2.706652070033235500e+15 0.000000000000000000e+00
2.763385290053167000e+15 0.000000000000000000e+00
2.821307675939470500e+15 0.000000000000000000e+00
2.880444153396297500e+15 0.000000000000000000e+00
2.940820170587066500e+15 0.000000000000000000e+00
3.002461709085543000e+15 0.000000000000000000e+00
3.065395295056523500e+15 0.000000000000000000e+00
3.129648010670750500e+15 0.000000000000000000e+00
3.195247505759214000e+15 0.000000000000000000e+00
3.262222009711673500e+15 0.000000000000000000e+00
3.330600343624582000e+15 0.000000000000000000e+00
3.400411932703702500e+15 0.000000000000000000e+00
3.471686818926559500e+15 0.000000000000000000e+00
3.544455673970435500e+15 0.000000000000000000e+00
3.618749812411284000e+15 0.000000000000000000e+00
3.694601205199294500e+15 0.000000000000000000e+00
3.772042493416993500e+15 0.000000000000000000e+00
3.851107002325568500e+15 0.000000000000000000e+00
3.931828755705770000e+15 0.000000000000000000e+00
4.014242490499326000e+15 0.000000000000000000e+00
4.098383671757253000e+15 0.000000000000000000e+00
4.184288507901576000e+15 0.000000000000000000e+00
4.271993966306776500e+15 0.000000000000000000e+00
4.361537789208006000e+15 0.000000000000000000e+00
4.452958509942660000e+15 0.000000000000000000e+00
4.546295469532390000e+15 0.000000000000000000e+00
4.641588833612773000e+15 0.000000000000000000e+00
4.738879609717651000e+15 0.000000000000000000e+00
4.838209664925957000e+15 0.000000000000000000e+00
4.939621743878326000e+15 0.000000000000000000e+00
5.043159487171349000e+15 0.000000000000000000e+00
5.148867450137487000e+15 0.000000000000000000e+00
5.256791122018419000e+15 0.000000000000000000e+00
5.366976945540476000e+15 0.000000000000000000e+00
5.479472336900292000e+15 0.000000000000000000e+00
5.594325706169389000e+15 0.000000000000000000e+00
5.711586478126423000e+15 0.000000000000000000e+00
5.831305113526218000e+15 0.000000000000000000e+00
5.953533130814370000e+15 0.000000000000000000e+00
6.078323128297236000e+15 0.000000000000000000e+00
6.205728806776513000e+15 0.000000000000000000e+00
6.335804992658241000e+15 0.000000000000000000e+00
6.468607661546321000e+15 0.000000000000000000e+00
6.604193962330306000e+15 0.000000000000000000e+00
6.742622241778349000e+15 0.000000000000000000e+00
6.883952069645510000e+15 0.000000000000000000e+00
7.028244264308338000e+15 0.000000000000000000e+00
7.175560918936921000e+15 0.000000000000000000e+00
7.325965428215230000e+15 0.000000000000000000e+00
7.479522515621829000e+15 0.000000000000000000e+00
7.636298261282257000e+15 0.000000000000000000e+00
7.796360130405221000e+15 0.000000000000000000e+00
7.959777002314978000e+15 0.000000000000000000e+00
8.126619200091945000e+15 0.000000000000000000e+00
8.296958520834915000e+15 0.000000000000000000e+00
8.470868266557420000e+15 0.000000000000000000e+00
8.648423275731709000e+15 0.000000000000000000e+00
8.829699955494083000e+15 0.000000000000000000e+00
9.014776314524918000e+15 0.000000000000000000e+00
9.203731996618230000e+15 0.000000000000000000e+00
9.396648314954710000e+15 0.000000000000000000e+00
9.593608287093126000e+15 0.000000000000000000e+00
9.794696670695384000e+15 0.000000000000000000e+00
