1.020960662306047603e+07 1.726251027895792163e+02
1.042360673976401053e+07 1.693969519962213326e+02
1.064209244064724632e+07 1.662291323718572755e+02
1.086515774652537145e+07 1.631212384908538695e+02
1.109289864895222709e+07 1.600719638692625608e+02
1.132541315152812563e+07 1.570794970847814511e+02
1.156280131207375228e+07 1.541429387196680239e+02
1.180516528568805568e+07 1.512619163337877524e+02
1.205260936870841496e+07 1.484352187604042683e+02
1.230524004359261692e+07 1.456611647295513023e+02
1.256316602474121563e+07 1.429389217207501872e+02
1.282649830528059974e+07 1.402681476467560628e+02
1.309535020482667536e+07 1.376477196724671614e+02
1.336983741824945062e+07 1.350760772710240190e+02
1.365007806546013802e+07 1.325524498347938334e+02
1.393619274224143475e+07 1.300765232029613401e+02
1.422830457214351930e+07 1.276472564024996501e+02
1.452653925946781226e+07 1.252632009215288775e+02
1.483102514336102828e+07 1.229236434545694010e+02
1.514189325304351933e+07 1.206282955327984610e+02
1.545927736419478431e+07 1.183761920500197817e+02
1.578331405652116425e+07 1.161659884180579780e+02
1.611414277253019996e+07 1.139970243655860429e+02
1.645190587753660791e+07 1.118690350573419749e+02
1.679674872092653066e+07 1.097811256996754565e+02
1.714881969870540872e+07 1.077320481242084895e+02
1.750827031735723466e+07 1.057211911452658200e+02
1.787525525904235244e+07 1.037483116648374306e+02
1.824993244816150516e+07 1.018125800556238119e+02
1.863246311931559816e+07 9.991283761055272805e+01
1.902301188668945804e+07 9.804851857462661258e+01
1.942174681489024311e+07 9.621939984155980596e+01
1.982883949127071351e+07 9.442471218314373971e+01
2.024446509976801649e+07 9.266337989947348319e+01
2.066880249629081786e+07 9.093487928351804328e+01
2.110203428568596393e+07 8.923900561412061450e+01
2.154434690031882003e+07 8.757504564425269677e+01
2.199593068030074611e+07 8.594200069538486275e+01
2.245697995539776236e+07 8.433938597910453439e+01
2.292769312865648791e+07 8.276701367850156998e+01
2.340827276178294048e+07 8.122422243544563969e+01
2.389892566231048107e+07 7.971008504098644210e+01
2.439986297259550542e+07 7.822415272873951153e+01
2.491130026067791134e+07 7.676625322363518933e+01
2.543345761304648221e+07 7.533577326376752126e+01
2.596655972934872285e+07 7.393185196063730302e+01
2.651083601908536255e+07 7.255407388955904935e+01
2.706652070033241063e+07 7.120228106291892800e+01
2.763385290053172782e+07 6.987590480000798721e+01
2.821307675939470530e+07 6.857414575757610464e+01
2.880444153396297619e+07 6.729661937193544929e+01
2.940820170587060601e+07 6.604318078750411303e+01
3.002461709085549042e+07 6.481330264925145457e+01
3.065395295056529716e+07 6.360624272883761421e+01
3.129648010670750216e+07 6.242164502745521304e+01
3.195247505759213492e+07 6.125937675918387271e+01
3.262222009711666778e+07 6.011894887674196042e+01
3.330600343624588847e+07 5.899967215771771123e+01
3.400411932703709602e+07 5.790121704352719689e+01
3.471686818926559389e+07 5.682346183881391966e+01
3.544455673970435560e+07 5.576595300847741754e+01
3.618749812411276251e+07 5.472805052435811035e+01
3.694601205199302733e+07 5.370944930114988125e+01
3.772042493417001516e+07 5.271003783441877744e+01
3.851107002325568348e+07 5.172939550952828824e+01
3.931828755705770105e+07 5.076692795636458300e+01
4.014242490499317646e+07 4.982235274363912936e+01
4.098383671757261455e+07 4.889556772843939569e+01
4.184288507901584357e+07 4.798618281543804898e+01
4.271993966306776553e+07 4.709364601276014639e+01
4.361537789208005369e+07 4.621769585845863304e+01
4.452958509942659736e+07 4.535823880861484270e+01
4.546295469532398880e+07 4.451491306202788678e+01
4.641588833612781763e+07 4.368720596178872739e+01
4.738879609717650712e+07 4.287487545625362628e+01
4.838209664925957471e+07 4.207783589924690659e+01
4.939621743878325820e+07 4.129575172098023472e+01
5.043159487171358615e+07 4.052814677646333763e+01
5.148867450137497485e+07 3.977479698149933540e+01
5.256791122018418461e+07 3.903562394200908869e+01
5.366976945540475845e+07 3.831031640848228648e+01
5.479472336900292337e+07 3.759843212851404104e+01
5.594325706169377267e+07 3.689976364983782986e+01
5.711586478126434237e+07 3.621423923662281652e+01
5.831305113526218385e+07 3.554157018830817805e+01
5.953533130814369768e+07 3.488134571484394542e+01
6.078323128297235817e+07 3.423337375984677777e+01
6.205728806776500493e+07 3.359758869968395345e+01
6.335804992658253759e+07 3.297372274066786701e+01
6.468607661546321213e+07 3.236139430041517784e+01
6.604193962330305576e+07 3.176042557452448989e+01
6.742622241778348386e+07 3.117075654905480064e+01
6.883952069645495713e+07 3.059213881548171798e+01
7.028244264308351278e+07 3.002421790694157622e+01
7.175560918936920166e+07 2.946682921204837058e+01
7.325965428215231001e+07 2.891991786476614124e+01
7.479522515621829033e+07 2.838325343111387511e+01
7.636298261282241344e+07 2.785650661855927979e+01
7.796360130405236781e+07 2.733952502855692046e+01
7.959777002314977348e+07 2.683225851805864792e+01
8.126619200091944635e+07 2.633449332053072567e+01
8.296958520834915340e+07 2.584592351614939787e+01
8.470868266557401419e+07 2.536640801207175500e+01
8.648423275731725991e+07 2.489590099783258736e+01
8.829699955494081974e+07 2.443420416234046755e+01
9.014776314524917305e+07 2.398103328689483149e+01
9.203731996618229151e+07 2.353625774470328835e+01
9.396648314954690635e+07 2.309983569880834864e+01
9.593608287093147635e+07 2.267158317017468860e+01
9.794696670695386827e+07 2.225123609005671099e+01
1.000000000000000000e+08 2.183867352050146593e+01
1.020960662306047529e+08 2.143385726787981582e+01
1.042360673976403177e+08 2.103661664406149256e+01
1.064209244064722359e+08 2.064670629057171425e+01
1.086515774652537256e+08 2.026401423880853514e+01
1.109289864895222783e+08 1.988850563529555515e+01
1.132541315152812600e+08 1.952002211742899718e+01
1.156280131207377762e+08 1.915833570094472904e+01
1.180516528568803072e+08 1.880334272069536539e+01
1.205260936870841384e+08 1.845501138455140122e+01
1.230524004359261543e+08 1.811319476066145739e+01
1.256316602474121451e+08 1.777768099894491982e+01
1.282649830528062433e+08 1.744837412128925536e+01
1.309535020482665002e+08 1.712524514076728721e+01
1.336983741824945360e+08 1.680815772675737918e+01
1.365007806546013653e+08 1.649691501248625158e+01
1.393619274224143326e+08 1.619142813624752364e+01
1.422830457214354575e+08 1.589167068103773062e+01
1.452653925946778059e+08 1.559751614836025446e+01
1.483102514336102903e+08 1.530878158658421562e+01
1.514189325304352045e+08 1.502538472224846977e+01
1.545927736419478357e+08 1.474730149207282714e+01
1.578331405652119517e+08 1.447441451673312685e+01
1.611414277253016531e+08 1.420655376815638071e+01
1.645190587753660679e+08 1.394364307223464650e+01
1.679674872092653215e+08 1.368566052093172125e+01
1.714881969870540798e+08 1.343249719300454714e+01
1.750827031735726893e+08 1.318399506362013263e+01
1.787525525904231668e+08 1.294008360542558478e+01
1.824993244816150367e+08 1.270074288326270917e+01
1.863246311931559741e+08 1.246587182118150672e+01
1.902301188668946028e+08 1.223532354320980176e+01
1.942174681489028633e+08 1.200903274974158563e+01
1.982883949127075374e+08 1.178698131116464154e+01
2.024446509976801872e+08 1.156907542854257542e+01
2.066880249629082084e+08 1.135517858167951388e+01
2.110203428568596542e+08 1.114523031090868521e+01
2.154434690031886399e+08 1.093921413848170054e+01
2.199593068030070364e+08 1.073704301557291529e+01
2.245697995539771616e+08 1.053859004152085355e+01
2.292769312865648568e+08 1.034379923758605102e+01
2.340827276178294122e+08 1.015265563680381078e+01
2.389892566231052577e+08 9.965078451956314254e+00
2.439986297259555161e+08 9.780949718351466871e+00
2.491130026067785919e+08 9.600217605852213509e+00
2.543345761304648221e+08 9.422868528837291535e+00
2.596655972934872508e+08 9.248827508672416542e+00
2.651083601908541918e+08 9.077984882082450468e+00
2.706652070033235550e+08 8.910292659815699068e+00
2.763385290053166747e+08 8.745738518828096275e+00
2.821307675939470530e+08 8.584252869052379609e+00
2.880444153396297693e+08 8.425733759419582469e+00
2.940820170587067008e+08 8.270136756715896098e+00
3.002461709085555673e+08 8.117450691534441987e+00
3.065395295056523085e+08 7.967610972863722552e+00
3.129648010670750141e+08 7.820522814762207453e+00
3.195247505759213567e+08 7.676145076405274992e+00
3.262222009711673260e+08 7.534467642093059858e+00
3.330600343624581695e+08 7.395430558620821770e+00
3.400411932703702450e+08 7.258945697249787443e+00
3.471686818926559091e+08 7.124974965426708273e+00
3.544455673970435262e+08 6.993509209521230119e+00
3.618749812411283851e+08 6.864492779160837443e+00
3.694601205199309587e+08 6.737843731133533964e+00
3.772042493416993618e+08 6.613526795201884134e+00
3.851107002325568795e+08 6.491533695752715438e+00
3.931828755705770254e+08 6.371812774616260278e+00
4.014242490499325991e+08 6.254287836133640255e+00
4.098383671757252812e+08 6.138926223131806026e+00
4.184288507901575565e+08 6.025720461033283293e+00
4.271993966306776404e+08 5.914622595763089130e+00
4.361537789208005667e+08 5.805561772479193472e+00
4.452958509942659736e+08 5.698507753385666064e+00
4.546295469532408714e+08 5.593453794364028120e+00
4.641588833612772226e+08 5.490355378246936091e+00
4.738879609717651010e+08 5.389146613280156650e+00
4.838209664925957322e+08 5.289799501730202635e+00
4.939621743878325820e+08 5.192307965298779138e+00
5.043159487171348333e+08 5.096630675881749006e+00
5.148867450137487054e+08 5.002706354023507274e+00
5.256791122018419504e+08 4.910509076061239320e+00
5.366976945540476441e+08 4.820033370266815886e+00
5.479472336900292635e+08 4.731240867758697455e+00
5.594325706169389486e+08 4.644074575582838094e+00
5.711586478126422167e+08 4.558510490450890629e+00
5.831305113526217937e+08 4.474543692965130326e+00
5.953533130814369917e+08 4.392138560275147263e+00
6.078323128297235966e+08 4.311242083344559717e+00
6.205728806776486635e+08 4.231832036939300323e+00
6.335804992658240795e+08 4.153904004356224533e+00
6.468607661546320915e+08 4.077424911033062926e+00
6.604193962330304384e+08 4.002345450775957048e+00
6.742622241778348684e+08 3.928645044672242292e+00
6.883952069645509720e+08 3.856319733261881932e+00
7.028244264308338165e+08 3.785338806845046644e+00
7.175560918936921358e+08 3.715656401001488529e+00
7.325965428215229511e+08 3.647253461169902344e+00
7.479522515621827841e+08 3.580126443565322170e+00
7.636298261282258034e+08 3.514246833184747842e+00
7.796360130405220985e+08 3.449571964877850228e+00
7.959777002314977646e+08 3.386084195508886729e+00
8.126619200091946125e+08 3.323780358930062739e+00
8.296958520834914446e+08 3.262633976998363661e+00
8.470868266557419300e+08 3.202605358556245285e+00
8.648423275731709003e+08 3.143678167346071639e+00
8.829699955494083166e+08 3.085849580063847242e+00
9.014776314524917603e+08 3.029095009017806817e+00
9.203731996618230343e+08 2.973377527763652051e+00
9.396648314954710007e+08 2.918682010105537294e+00
9.593608287093126774e+08 2.865005943807249711e+00
9.794696670695385933e+08 2.812326495785223202e+00
1.000000000000000000e+09 2.760609309879143769e+00
1.020960662306047559e+09 2.709840380333797150e+00
1.042360673976403356e+09 2.660017476922000412e+00
1.064209244064726830e+09 2.611119395150213407e+00
1.086515774652537346e+09 2.563114168512123925e+00
1.109289864895222664e+09 2.515988828706995584e+00
1.132541315152812481e+09 2.469741400976260159e+00
1.156280131207372904e+09 2.424352192507146508e+00
1.180516528568803072e+09 2.379791458611515864e+00
1.205260936870841503e+09 2.336047191607277362e+00
1.230524004359261513e+09 2.293117647975703832e+00
1.256316602474121332e+09 2.250984538107988708e+00
1.282649830528062582e+09 2.209620183197483545e+00
1.309535020482670307e+09 2.169013465044415945e+00
1.336983741824945211e+09 2.129162849239469857e+00
1.365007806546013832e+09 2.090051348742928639e+00
1.393619274224143505e+09 2.051653205730158636e+00
1.422830457214349031e+09 2.013958125613970029e+00
1.452653925946778297e+09 1.976964762913851814e+00
1.483102514336102724e+09 1.940657339775226031e+00
1.514189325304351807e+09 1.905011884712584980e+00
1.545927736419478655e+09 1.870018865760162408e+00
1.578331405652119875e+09 1.835677107960146603e+00
1.611414277253023148e+09 1.801971955997443864e+00
1.645190587753660679e+09 1.768881099602242157e+00
1.679674872092653036e+09 1.736395712962841342e+00
1.714881969870540857e+09 1.704514774860887094e+00
1.750827031735726833e+09 1.673224672123225565e+00
1.787525525904231787e+09 1.642504639415692580e+00
1.824993244816150427e+09 1.612346504793360058e+00
1.863246311931559801e+09 1.582749385485559657e+00
1.902301188668945789e+09 1.553700635854233347e+00
1.942174681489028454e+09 1.525180927439300227e+00
1.982883949127075434e+09 1.497182693748419391e+00
2.024446509976801872e+09 1.469705176528248947e+00
2.066880249629082203e+09 1.442736628448449965e+00
2.110203428568596601e+09 1.416259057483745476e+00
2.154434690031886578e+09 1.390265457767676294e+00
2.199593068030070305e+09 1.364755182887213980e+00
2.245697995539771557e+09 1.339717319570988829e+00
2.292769312865648746e+09 1.315135118879928511e+00
2.340827276178294182e+09 1.291002094063701922e+00
2.389892566231052876e+09 1.267317699016446975e+00
2.439986297259555340e+09 1.244071794902029016e+00
2.491130026067785740e+09 1.221248789098484666e+00
2.543345761304647923e+09 1.198842675538364544e+00
2.596655972934872150e+09 1.176852997935443401e+00
2.651083601908541679e+09 1.155270336556868838e+00
2.706652070033235550e+09 1.134080174438953037e+00
2.763385290053166866e+09 1.113276950610738059e+00
2.821307675939470768e+09 1.092860289075720637e+00
2.880444153396297932e+09 1.072821437846267045e+00
2.940820170587066650e+09 1.053146880646289141e+00
3.002461709085555077e+09 1.033831468646094986e+00
3.065395295056523800e+09 1.014874897482075822e+00
3.129648010670750618e+09 9.962690352512586500e-01
3.195247505759213448e+09 9.780012966632891658e-01
3.262222009711673260e+09 9.600669145173071906e-01
3.330600343624581814e+09 9.424656482294747617e-01
3.400411932703702450e+09 9.251899417401739933e-01
3.471686818926559448e+09 9.082280759469326670e-01
3.544455673970435619e+09 8.915756370243350659e-01
3.618749812411283970e+09 8.752324410456204795e-01
3.694601205199309826e+09 8.591914667303757192e-01
3.772042493416993618e+09 8.434418009215494116e-01
3.851107002325568676e+09 8.279793570056620533e-01
3.931828755705770016e+09 8.128040012592525621e-01
4.014242490499325752e+09 7.979092090672847970e-01
4.098383671757252693e+09 7.832848172023292310e-01
4.184288507901576042e+09 7.689270420383622628e-01
4.271993966306777000e+09 7.548357942121921571e-01
4.361537789208005905e+09 7.410050103905312380e-01
4.452958509942660332e+09 7.274252251973448713e-01
4.546295469532408714e+09 7.140929355604374029e-01
4.641588833612771988e+09 7.010080911887586197e-01
4.738879609717651367e+09 6.881650571889408319e-01
4.838209664925957680e+09 6.755550176069297086e-01
4.939621743878325462e+09 6.631747291527169130e-01
5.043159487171347618e+09 6.510241758297882209e-01
5.148867450137486458e+09 6.390981206940217207e-01
5.256791122018419266e+09 6.273883521799673568e-01
5.366976945540475845e+09 6.158918675450372193e-01
5.479472336900292397e+09 6.046086807734869506e-01
5.594325706169388771e+09 5.935339245645672168e-01
5.711586478126422882e+09 5.826599498626756635e-01
5.831305113526218414e+09 5.719839766607894838e-01
5.953533130814370155e+09 5.615060450333712039e-01
6.078323128297236443e+09 5.512216310452712209e-01
6.205728806776488304e+09 5.411236092015470067e-01
6.335804992658241272e+09 5.312094057386155255e-01
6.468607661546320915e+09 5.214790833160920513e-01
6.604193962330305099e+09 5.119284369654372169e-01
6.742622241778348923e+09 5.025508285302476841e-01
6.883952069645509720e+09 4.933438752177882747e-01
7.028244264308338165e+09 4.843076591175134449e-01
7.175560918936921120e+09 4.754382715762364153e-01
7.325965428215229988e+09 4.667295280847473249e-01
7.479522515621828079e+09 4.581792226791119305e-01
7.636298261282225609e+09 4.497874540438990820e-01
7.796360130405220985e+09 4.415505888085643482e-01
7.959777002314977646e+09 4.334628647739502405e-01
8.126619200091945648e+09 4.255222397085222097e-01
8.296958520834915161e+09 4.177288263487397568e-01
8.470868266557419777e+09 4.100792470776408183e-01
8.648423275731708527e+09 4.025681328555721916e-01
8.829699955494083405e+09 3.951935930569484001e-01
9.014776314524917603e+09 3.879557521911268791e-01
9.203731996618228912e+09 3.808514702609313018e-01
9.396648314954671860e+09 3.738757442689142341e-01
9.593608287093128204e+09 3.670268239663537213e-01
9.794696670695384979e+09 3.603048435972988628e-01
1.000000000000000000e+10 3.537068839443534563e-01
1.020960662306047440e+10 3.472282828265670362e-01
1.042360673976403236e+10 3.408674199734301191e-01
1.064209244064726830e+10 3.346244375430669216e-01
1.086515774652537155e+10 3.284966214610408608e-01
1.109289864895222664e+10 3.224796268932840770e-01
1.132541315152812576e+10 3.165719539187297205e-01
1.156280131207373047e+10 3.107737509877116500e-01
1.180516528568803024e+10 3.050824946466263454e-01
1.205260936870841217e+10 2.994941355727298027e-01
1.230524004359261703e+10 2.940072852777157464e-01
1.256316602474121475e+10 2.886220970624278626e-01
1.282649830528062630e+10 2.833362246073201085e-01
1.309535020482670403e+10 2.781458937842200552e-01
1.336983741824945259e+10 2.730498192806277702e-01
1.365007806546013641e+10 2.680481579692032823e-01
1.393619274224143410e+10 2.631387281392352784e-01
1.422830457214348984e+10 2.583180119515619544e-01
1.452653925946778107e+10 2.535848196241928809e-01
1.483102514336102867e+10 2.489393104706231485e-01
1.514189325304351997e+10 2.443794557550162672e-01
1.545927736419478416e+10 2.399019763359976354e-01
1.578331405652119637e+10 2.355057708817165363e-01
1.611414277253023148e+10 2.311910001487874899e-01
1.645190587753660774e+10 2.269557775714674819e-01
1.679674872092653275e+10 2.227970463349144281e-01
1.714881969870541000e+10 2.187137870015146701e-01
1.750827031735726929e+10 2.147061608943213740e-01
1.787525525904231644e+10 2.107724135809916632e-01
1.824993244816150284e+10 2.069096953378058157e-01
1.863246311931559753e+10 2.031170625503553040e-01
1.902301188668945694e+10 1.993946763405854417e-01
1.942174681489028549e+10 1.957409050868756384e-01
1.982883949127075195e+10 1.921530919769106338e-01
2.024446509976801682e+10 1.886303635974737325e-01
2.066880249629082108e+10 1.851728802004995178e-01
2.110203428568596649e+10 1.817791243152760694e-01
2.154434690031886673e+10 1.784466188424687350e-01
2.199593068030070114e+10 1.751745553645866482e-01
2.245697995539771652e+10 1.719630926834351259e-01
2.292769312865648651e+10 1.688108194341001178e-01
2.340827276178294373e+10 1.657154259455870804e-01
2.389892566231052399e+10 1.626761639756395261e-01
2.439986297259555435e+10 1.596931903754505166e-01
2.491130026067786026e+10 1.567651924124250085e-01
2.543345761304648209e+10 1.538900164084449629e-01
2.596655972934872437e+10 1.510669698327934407e-01
2.651083601908541489e+10 1.482962071575131269e-01
2.706652070033235550e+10 1.455765073390717923e-01
2.763385290053166962e+10 1.429058620467404672e-01
2.821307675939470673e+10 1.402836303280677321e-01
2.880444153396297836e+10 1.377099639119479524e-01
2.940820170587066650e+10 1.351837269930899477e-01
3.002461709085555267e+10 1.327030466776910889e-01
3.065395295056523514e+10 1.302673297639374284e-01
3.129648010670750427e+10 1.278767249315914956e-01
3.195247505759213638e+10 1.255301756202063246e-01
3.262222009711672974e+10 1.232259351456247987e-01
3.330600343624581909e+10 1.209634545127687838e-01
3.400411932703702927e+10 1.187428790978770909e-01
3.471686818926559448e+10 1.165632260164662370e-01
3.544455673970435333e+10 1.144228662029862509e-01
3.618749812411283875e+10 1.123212915873222917e-01
3.694601205199309540e+10 1.102586440340526802e-01
3.772042493416993713e+10 1.082340091602591869e-01
3.851107002325569153e+10 1.062458675194891261e-01
3.931828755705770111e+10 1.042937489278147334e-01
4.014242490499325562e+10 1.023777915713115910e-01
4.098383671757252502e+10 1.004971447603556917e-01
4.184288507901576233e+10 9.865039121853580451e-02
4.271993966306776428e+10 9.683709583435061441e-02
4.361537789208005524e+10 9.505739298524241987e-02
4.452958509942659760e+10 9.331049120669926422e-02
4.546295469532408905e+10 9.159506845555633048e-02
4.641588833612772369e+10 8.991072208720342351e-02
4.738879609717650604e+10 8.825758257293349340e-02
4.838209664925956726e+10 8.663491352116135802e-02
4.939621743878325653e+10 8.504148166147608434e-02
5.043159487171348572e+10 8.347691440377673355e-02
5.148867450137487030e+10 8.194133824450293424e-02
5.256791122018418884e+10 8.043406800612570851e-02
5.366976945540475464e+10 7.895395317410246194e-02
5.479472336900292206e+10 7.750064897897622485e-02
5.594325706169388580e+10 7.607427789916668126e-02
5.711586478126422882e+10 7.467420238481864425e-02
5.831305113526218414e+10 7.329934907303187197e-02
5.953533130814369965e+10 7.194939894667293223e-02
6.078323128297235870e+10 7.062447044531573737e-02
6.205728806776487732e+10 6.932397031356382633e-02
6.335804992658241272e+10 6.804689711993182344e-02
6.468607661546320343e+10 6.679295568448913312e-02
6.604193962330305481e+10 6.556226040688224732e-02
6.742622241778349304e+10 6.435425922801767118e-02
6.883952069645510864e+10 6.316801778510187926e-02
7.028244264308338928e+10 6.200326296211604998e-02
7.175560918936921692e+10 6.086010513485456963e-02
7.325965428215229797e+10 5.973803056086714885e-02
7.479522515621827698e+10 5.863616741586856473e-02
7.636298261282226562e+10 5.755426300596713785e-02
7.796360130405221558e+10 5.649242371410883451e-02
7.959777002314976501e+10 5.545017143765122725e-02
8.126619200091944885e+10 5.442669267035064873e-02
8.296958520834915161e+10 5.342175362030549685e-02
8.470868266557418823e+10 5.243545672150844855e-02
8.648423275731707764e+10 5.146735702278980307e-02
8.829699955494082642e+10 5.051669540376092088e-02
9.014776314524917603e+10 4.958325556703803427e-02
9.203731996618229675e+10 4.866713605261144271e-02
9.396648314954670715e+10 4.776792274759501800e-02
9.593608287093125916e+10 4.688490725355107247e-02
9.794696670695385742e+10 4.601788946448169548e-02
1.000000000000000000e+11 4.516696409082334579e-02
1.020960662306047516e+11 4.433174570747015764e-02
1.042360673976403351e+11 4.351157322382863402e-02
1.064209244064726715e+11 4.270626151877613547e-02
1.086515774652537231e+11 4.191590154562144926e-02
1.109289864895222778e+11 4.114013456771108829e-02
1.132541315152812653e+11 4.037834362070685801e-02
1.156280131207372894e+11 3.963035745140140731e-02
1.180516528568803101e+11 3.889626333503450051e-02
1.205260936870841370e+11 3.817572736450920712e-02
1.230524004359261475e+11 3.746817373674204282e-02
1.256316602474121399e+11 3.677344403229349662e-02
1.282649830528062439e+11 3.609162193289900539e-02
1.309535020482670288e+11 3.542239663264377947e-02
1.336983741824945221e+11 3.476523072631490519e-02
1.365007806546013794e+11 3.411997767081959704e-02
1.393619274224143372e+11 3.348671764339620355e-02
1.422830457214349060e+11 3.286516133221486363e-02
1.452653925946778259e+11 3.225480715426640166e-02
1.483102514336102905e+11 3.165551955646699750e-02
1.514189325304352112e+11 3.106737530406166944e-02
1.545927736419478455e+11 3.049010508490872240e-02
1.578331405652119751e+11 2.992324073737932452e-02
1.611414277253023071e+11 2.936665687784140166e-02
1.645190587753660583e+11 2.882042695473344129e-02
1.679674872092653198e+11 2.828430026594006691e-02
1.714881969870540771e+11 2.775783983319117521e-02
1.750827031735719604e+11 2.724092968268854859e-02
1.787525525904231873e+11 2.673364004319233114e-02
1.824993244816150513e+11 2.623573753028857203e-02
1.863246311931559753e+11 2.574681426268076931e-02
1.902301188668945618e+11 2.526676297319969608e-02
1.942174681489028320e+11 2.479565076935623391e-02
1.982883949127075500e+11 2.433326038255816115e-02
2.024446509976802063e+11 2.387921108334848178e-02
2.066880249629082031e+11 2.343340366023066376e-02
2.110203428568596497e+11 2.299590219859361240e-02
2.154434690031877747e+11 2.256650442787423716e-02
2.199593068030070190e+11 2.214485495686615082e-02
2.245697995539771729e+11 2.173086202717404783e-02
2.292769312865648804e+11 2.132458680140638177e-02
2.340827276178294067e+11 2.092584096738236629e-02
2.389892566231052551e+11 2.053429278111423145e-02
2.439986297259555054e+11 2.014985737950645769e-02
2.491130026067796021e+11 1.977259310152183411e-02
2.543345761304648132e+11 1.940232462635601771e-02
2.596655972934872437e+11 1.903874228034255559e-02
2.651083601908530884e+11 1.868176757938846272e-02
2.706652070033235779e+11 1.833145613732431803e-02
2.763385290053167114e+11 1.798764472523537578e-02
2.821307675939470825e+11 1.765004426923892644e-02
2.880444153396297607e+11 1.731858218635624544e-02
2.940820170587066650e+11 1.699331146285376626e-02
3.002461709085555420e+11 1.667408012497784142e-02
3.065395295056536255e+11 1.636061832720047890e-02
3.129648010670750732e+11 1.605285894531671698e-02
3.195247505759213257e+11 1.575085243436717339e-02
3.262222009711659546e+11 1.545445729739421820e-02
3.330600343624581909e+11 1.516342163809678185e-02
3.400411932703702393e+11 1.487768338164784272e-02
3.471686818926559448e+11 1.459729054672710170e-02
3.544455673970435181e+11 1.432211138905052812e-02
3.618749812411284180e+11 1.405191076845868116e-02
3.694601205199309692e+11 1.378663128057649144e-02
3.772042493417008667e+11 1.352631860091866277e-02
3.851107002325568848e+11 1.327085006418008903e-02
3.931828755705770264e+11 1.302000617341571125e-02
4.014242490499309692e+11 1.277373384402507792e-02
4.098383671757252808e+11 1.253207649968608034e-02
4.184288507901575928e+11 1.229491992727622419e-02
4.271993966306776123e+11 1.206205923484543474e-02
4.361537789208005371e+11 1.183344533302030724e-02
4.452958509942659912e+11 1.160911948297783242e-02
4.546295469532408447e+11 1.138897534057984468e-02
4.641588833612791138e+11 1.117282165027820573e-02
4.738879609717650757e+11 1.096061301758379652e-02
4.838209664925957031e+11 1.075238862838755020e-02
4.939621743878305664e+11 1.054804946487562789e-02
5.043159487171348267e+11 1.034741700420849925e-02
5.148867450137487183e+11 1.015044926883857702e-02
5.256791122018419189e+11 9.957183454381110521e-03
5.366976945540476074e+11 9.767527364383627245e-03
5.479472336900292969e+11 9.581314365510825229e-03
5.594325706169388428e+11 9.398505639958448787e-03
5.711586478126446533e+11 9.219136475787410509e-03
5.831305113526218262e+11 9.043121028005786377e-03
5.953533130814368896e+11 8.870303765953751335e-03
6.078323128297211914e+11 8.700648793584989452e-03
6.205728806776488037e+11 8.534189571791989809e-03
6.335804992658240967e+11 8.370846169738651449e-03
6.468607661546320801e+11 8.210473425177342369e-03
6.604193962330305176e+11 8.053038143609284397e-03
6.742622241778348389e+11 7.898572036773451877e-03
6.883952069645510254e+11 7.747000681003154456e-03
7.028244264308366699e+11 7.598188597204617867e-03
7.175560918936921387e+11 7.452105088678669109e-03
7.325965428215229492e+11 7.308780193622700302e-03
7.479522515621828613e+11 7.168144616752870554e-03
7.636298261282225342e+11 7.030071922557195284e-03
7.796360130405220947e+11 6.894533723626163763e-03
7.959777002314978027e+11 6.761558457823933256e-03
8.126619200091945801e+11 6.631081605690401087e-03
8.296958520834915771e+11 6.502985178320544284e-03
8.470868266557419434e+11 6.377242923188627954e-03
8.648423275731743164e+11 6.253881748632527694e-03
8.829699955494082031e+11 6.132841582849017301e-03
9.014776314524916992e+11 6.014012326282945978e-03
9.203731996618229980e+11 5.897369699954246001e-03
9.396648314954670410e+11 5.782939151082145887e-03
9.593608287093126221e+11 5.670664750044759547e-03
9.794696670695385742e+11 5.560443766425184585e-03
1.000000000000000000e+12 5.452253745535019791e-03
1.020960662306047485e+12 5.346118739508649159e-03
1.042360673976403198e+12 5.241986676541183013e-03
1.064209244064726929e+12 5.139761709684133144e-03
1.086515774652537354e+12 5.039423070475645625e-03
1.109289864895222656e+12 4.940993479655336577e-03
1.132541315152812744e+12 4.844424458505283172e-03
1.156280131207372803e+12 4.749626590090958583e-03
1.180516528568802979e+12 4.656580664472772385e-03
1.205260936870841309e+12 4.565308132372782567e-03
1.230524004359261719e+12 4.475763861695012009e-03
1.256316602474121338e+12 4.387864442114797030e-03
1.282649830528062500e+12 4.301592104099027057e-03
1.309535020482670410e+12 4.216967087453507394e-03
1.336983741824945068e+12 4.133947377237329711e-03
1.365007806546013672e+12 4.052455174357614230e-03
1.393619274224143311e+12 3.972474040445909786e-03
1.422830457214348877e+12 3.894023061264689431e-03
1.452653925946778320e+12 3.817063125371537684e-03
1.483102514336102783e+12 3.741521675674383453e-03
1.514189325304351807e+12 3.667383503941297734e-03
1.545927736419478516e+12 3.594666596580312762e-03
1.578331405652119873e+12 3.523334546704674514e-03
1.611414277253023193e+12 3.453319694381993144e-03
1.645190587753660889e+12 3.384607968091177949e-03
1.679674872092653076e+12 3.317216307443022431e-03
1.714881969870540771e+12 3.251110824852850283e-03
1.750827031735719727e+12 3.186228435460003710e-03
1.787525525904231689e+12 3.122556118066569832e-03
1.824993244816150391e+12 3.060109815963784480e-03
1.863246311931559814e+12 2.998857988352050113e-03
1.902301188668945801e+12 2.938741824589219745e-03
1.942174681489028320e+12 2.879749273920843063e-03
1.982883949127075439e+12 2.821895331772018758e-03
2.024446509976801758e+12 2.765150643467420479e-03
2.066880249629082031e+12 2.709460391536239968e-03
2.110203428568596680e+12 2.654813421816762300e-03
2.154434690031877930e+12 2.601223828354224353e-03
2.199593068030070312e+12 2.548664292966315234e-03
2.245697995539771484e+12 2.497083728792884750e-03
2.292769312865648926e+12 2.446471809989837331e-03
2.340827276178293945e+12 2.396841773797835952e-03
2.389892566231052246e+12 2.348168199163800339e-03
2.439986297259555176e+12 2.300403484527141409e-03
2.491130026067796387e+12 2.253538069246904460e-03
2.543345761304647949e+12 2.207584376481942692e-03
2.596655972934872070e+12 2.162518752499051778e-03
2.651083601908530762e+12 2.118296851825016754e-03
2.706652070033235840e+12 2.074909820681945793e-03
2.763385290053166992e+12 2.032369309077063438e-03
2.821307675939470703e+12 1.990653309680562658e-03
2.880444153396297852e+12 1.949720518920308905e-03
2.940820170587066406e+12 1.909562735960165054e-03
3.002461709085555176e+12 1.870190876850172639e-03
3.065395295056536133e+12 1.831584468026650888e-03
3.129648010670750488e+12 1.793705047655909423e-03
3.195247505759213867e+12 1.756545018010686240e-03
3.262222009711660156e+12 1.720114598702979355e-03
3.330600343624582031e+12 1.684394745001792110e-03
3.400411932703702637e+12 1.649349649740942947e-03
3.471686818926559082e+12 1.614972272251383439e-03
3.544455673970435547e+12 1.581272171607293582e-03
3.618749812411284180e+12 1.548231634150242040e-03
3.694601205199310059e+12 1.515817332530259871e-03
3.772042493417008789e+12 1.484022740585137258e-03
3.851107002325568848e+12 1.452856791190213588e-03
3.931828755705770020e+12 1.422303010676248709e-03
4.014242490499309570e+12 1.392330388067375326e-03
4.098383671757252930e+12 1.362932872393632019e-03
4.184288507901576172e+12 1.334118803166051050e-03
4.271993966306776855e+12 1.305872861837388370e-03
4.361537789208005859e+12 1.278166201015120199e-03
4.452958509942660156e+12 1.250993208601494959e-03
4.546295469532409180e+12 1.224361662128994411e-03
4.641588833612791016e+12 1.198257319092325794e-03
4.738879609717650391e+12 1.172653352836395147e-03
4.838209664925957031e+12 1.147544556586073796e-03
4.939621743878305664e+12 1.122938175886893349e-03
5.043159487171347656e+12 1.098820970583983328e-03
5.148867450137486328e+12 1.075168001200751998e-03
5.256791122018418945e+12 1.051974435296688676e-03
5.366976945540475586e+12 1.029247015081958530e-03
5.479472336900291992e+12 1.006973434077846133e-03
5.594325706169388672e+12 9.851305150992007830e-04
5.711586478126446289e+12 9.637137714227984094e-04
5.831305113526218750e+12 9.427294692866618371e-04
5.953533130814370117e+12 9.221661718856669207e-04
6.078323128297210938e+12 9.020023475386621838e-04
6.205728806776487305e+12 8.822338288144002030e-04
6.335804992658241211e+12 8.628664321054157951e-04
6.468607661546321289e+12 8.438895306286048684e-04
6.604193962330305664e+12 8.252831289844898702e-04
6.742622241778348633e+12 8.070433546359856349e-04
6.883952069645509766e+12 7.891755990700792750e-04
7.028244264308366211e+12 7.716699899263908605e-04
7.175560918936920898e+12 7.545079659304784704e-04
7.325965428215229492e+12 7.376859269172976593e-04
7.479522515621797852e+12 7.212088632694285814e-04
7.636298261282225586e+12 7.050676052235023677e-04
7.796360130405220703e+12 6.892449300744061527e-04
7.959777002314977539e+12 6.737374892408772931e-04
8.126619200091945312e+12 6.585498947107395508e-04
8.296958520834915039e+12 6.436736310068753202e-04
8.470868266557419922e+12 6.290927246048355929e-04
8.648423275731745117e+12 6.148040593222236106e-04
8.829699955494082031e+12 6.008118904155058991e-04
9.014776314524917969e+12 5.871083116569631799e-04
9.203731996618228516e+12 5.736785150750734049e-04
9.396648314954669922e+12 5.605195991843185807e-04
9.593608287093126953e+12 5.476354831707215152e-04
9.794696670695386719e+12 5.350188280687067635e-04
1.000000000000000000e+13 5.226559132161390101e-04
1.020960662306047461e+13 5.105440354932699269e-04
1.042360673976403125e+13 4.986867977172236869e-04
1.064209244064726758e+13 4.870773890389657954e-04
1.086515774652537305e+13 4.757031028937233359e-04
1.109289864895222656e+13 4.645614194648171012e-04
1.132541315152812695e+13 4.536556439834690010e-04
1.156280131207373047e+13 4.429794572192815075e-04
1.180516528568803125e+13 4.325210981958531970e-04
1.205260936870841211e+13 4.222782165088140760e-04
1.230524004359261523e+13 4.122538377076765672e-04
1.256316602474121484e+13 4.024421001494919779e-04
1.282649830528062695e+13 3.928321243328353912e-04
1.309535020482670312e+13 3.834217164588645129e-04
1.336983741824945312e+13 3.742136394585917399e-04
1.365007806546013672e+13 3.652024575441938483e-04
1.393619274224143359e+13 3.563781126859594359e-04
1.422830457214349023e+13 3.477385558859952177e-04
1.452653925946778320e+13 3.392863037162555996e-04
1.483102514336102734e+13 3.310163166547745077e-04
1.514189325304351953e+13 3.229193019836925174e-04
1.545927736419478516e+13 3.149933446282689674e-04
1.578331405652119727e+13 3.072407302923504837e-04
1.611414277253023242e+13 2.996567881281073510e-04
1.645190587753660742e+13 2.922329381639859132e-04
1.679674872092653125e+13 2.849673892279347247e-04
1.714881969870541016e+13 2.778622109117064791e-04
1.750827031735719922e+13 2.709130753124288867e-04
1.787525525904231641e+13 2.641120660019758521e-04
1.824993244816150391e+13 2.574575064826114916e-04
1.863246311931559766e+13 2.509512642879939046e-04
1.902301188668945703e+13 2.445893304676715371e-04
1.942174681489028516e+13 2.383644060799660095e-04
1.982883949127075391e+13 2.322749208061575114e-04
2.024446509976801562e+13 2.263225535045122359e-04
2.066880249629082031e+13 2.205035918044379603e-04
2.110203428568596484e+13 2.148113111384307211e-04
2.154434690031877734e+13 2.092442395492988044e-04
2.199593068030070312e+13 2.038038799614518904e-04
2.245697995539771484e+13 1.984867957230240353e-04
2.292769312865648828e+13 1.932867962850461530e-04
2.340827276178294141e+13 1.882025008615092478e-04
2.389892566231052344e+13 1.832352485719410150e-04
2.439986297259555078e+13 1.783818590324490953e-04
2.491130026067785938e+13 1.736366379387060271e-04
2.543345761304648438e+13 1.689982890657781877e-04
2.596655972934872656e+13 1.644679992717449496e-04
2.651083601908530859e+13 1.600428263065902868e-04
2.706652070033235938e+13 1.557175367554125642e-04
2.763385290053166797e+13 1.514909128812662949e-04
2.821307675939470703e+13 1.473640002650201096e-04
2.880444153396297656e+13 1.433340778862810634e-04
2.940820170587066797e+13 1.393963401312883603e-04
3.002461709085555078e+13 1.355496421752908889e-04
3.065395295056535938e+13 1.317948987716759178e-04
3.129648010670750391e+13 1.281295943739758653e-04
3.195247505759213672e+13 1.245493202068020488e-04
3.262222009711659766e+13 1.210529992420327243e-04
3.330600343624581641e+13 1.176414253442008268e-04
3.400411932703702734e+13 1.143122737585127114e-04
3.471686818926559766e+13 1.110615035789667065e-04
3.544455673970435938e+13 1.078881008846607677e-04
3.618749812411284375e+13 1.047927481011131300e-04
3.694601205199309375e+13 1.017732975864322245e-04
3.772042493417008594e+13 9.882604920621488676e-05
3.851107002325568750e+13 9.595004785209525298e-05
3.931828755705770312e+13 9.314587349273065100e-05
4.014242490499309375e+13 9.041154285889300925e-05
4.098383671757252344e+13 8.774367124712306059e-05
4.184288507901575781e+13 8.514135843245650267e-05
4.271993966306776562e+13 8.260509046108141474e-05
4.361537789208005469e+13 8.013303657425429954e-05
4.452958509942659375e+13 7.772210380959896378e-05
4.546295469532408594e+13 7.537144323500373369e-05
4.641588833612791406e+13 7.308145507937429037e-05
4.738879609717650781e+13 7.085045005404279447e-05
4.838209664925957031e+13 6.867560479964775698e-05
4.939621743878305469e+13 6.655611839969695223e-05
5.043159487171348438e+13 6.449231295925942427e-05
5.148867450137487500e+13 6.248263038877103896e-05
5.256791122018419531e+13 6.052449625353705480e-05
5.366976945540475781e+13 5.861715466579528548e-05
5.479472336900292188e+13 5.676085690521617599e-05
5.594325706169388281e+13 5.495416653141290954e-05
5.711586478126446875e+13 5.319473873023618205e-05
5.831305113526218750e+13 5.148185992467774739e-05
5.953533130814369531e+13 4.981571748785815131e-05
6.078323128297210938e+13 4.819498775441556583e-05
6.205728806776487500e+13 4.661753752083021870e-05
6.335804992658241406e+13 4.508269305149825679e-05
6.468607661546320312e+13 4.359058436637770989e-05
6.604193962330304688e+13 4.213999233415002994e-05
6.742622241778349219e+13 4.072897857140554868e-05
6.883952069645510938e+13 3.935690694409229001e-05
7.028244264308367188e+13 3.802385631980886301e-05
7.175560918936920312e+13 3.672870445375940265e-05
7.325965428215229688e+13 3.546969214178973922e-05
7.479522515621796875e+13 3.424621882329977534e-05
7.636298261282225000e+13 3.305831807403951329e-05
7.796360130405220312e+13 3.190495744475606467e-05
7.959777002314978125e+13 3.078454235424450442e-05
8.126619200091945312e+13 2.969650598216736363e-05
8.296958520834914062e+13 2.864084214348302430e-05
8.470868266557418750e+13 2.761660161488169621e-05
8.648423275731743750e+13 2.662234090491070207e-05
8.829699955494082812e+13 2.565752527889432702e-05
9.014776314524917188e+13 2.472211400235125502e-05
9.203731996618229688e+13 2.381523499656568901e-05
9.396648314954671875e+13 2.293558329197304085e-05
9.593608287093126562e+13 2.208265474785889288e-05
9.794696670695385938e+13 2.125637898049534643e-05
1.000000000000000000e+14 2.045595543099500770e-05
1.020960662306047656e+14 1.968020599433052537e-05
1.042360673976403281e+14 1.892865577952433407e-05
1.064209244064726875e+14 1.820120935010999542e-05
1.086515774652537188e+14 1.749713246877323709e-05
1.109289864895222656e+14 1.681536309642545188e-05
1.132541315152812656e+14 1.615545438035007433e-05
1.156280131207372969e+14 1.551729013083579965e-05
1.180516528568803125e+14 1.490019763168275224e-05
1.205260936870841250e+14 1.430322092056384039e-05
1.230524004359261562e+14 1.372594008963246362e-05
1.256316602474121406e+14 1.316822220397548353e-05
1.282649830528062500e+14 1.262945163799664158e-05
1.309535020482670312e+14 1.210876927899454855e-05
1.336983741824945156e+14 1.160578117403715893e-05
1.365007806546013906e+14 1.112034136409322252e-05
1.393619274224143594e+14 1.065188722654342210e-05
1.422830457214349062e+14 1.019964798749902125e-05
1.452653925946778125e+14 9.763254747758508303e-06
1.483102514336102812e+14 9.342551961870950447e-06
1.514189325304351875e+14 8.937026239022699786e-06
1.545927736419478438e+14 8.545987305450196325e-06
1.578331405652119688e+14 8.169090488701005810e-06
1.611414277253023125e+14 7.806173814246876214e-06
1.645190587753660625e+14 7.456769642788647078e-06
1.679674872092653125e+14 7.120260991347913584e-06
1.714881969870540938e+14 6.796326646945015959e-06
1.750827031735719688e+14 6.484801085288851534e-06
1.787525525904231875e+14 6.185259203959918954e-06
1.824993244816150312e+14 5.897150688896408089e-06
1.863246311931559688e+14 5.620177064509884838e-06
1.902301188668945625e+14 5.354171860020880537e-06
1.942174681489028438e+14 5.098749536399725122e-06
1.982883949127075312e+14 4.853420373393210570e-06
2.024446509976801875e+14 4.617907941689545996e-06
2.066880249629082188e+14 4.392047153042239727e-06
2.110203428568596562e+14 4.175489275404087483e-06
2.154434690031877812e+14 3.967799613971794673e-06
2.199593068030070312e+14 3.768723111443196963e-06
2.245697995539771562e+14 3.578098118615297697e-06
2.292769312865648750e+14 3.395610147670782551e-06
2.340827276178294375e+14 3.220874428584854582e-06
2.389892566231052500e+14 3.053656605075283132e-06
2.439986297259555000e+14 2.893800253124111188e-06
2.491130026067785938e+14 2.741022737456997031e-06
2.543345761304648125e+14 2.594984541768196066e-06
2.596655972934872500e+14 2.455471330198421290e-06
2.651083601908530625e+14 2.322333422446516478e-06
2.706652070033235938e+14 2.195317793496147466e-06
2.763385290053167188e+14 2.074125902276995353e-06
2.821307675939470625e+14 1.958562731211092671e-06
2.880444153396298125e+14 1.848486598444064697e-06
2.940820170587066250e+14 1.743671976057981222e-06
3.002461709085555000e+14 1.643857376869810313e-06
3.065395295056535625e+14 1.548866367574299113e-06
3.129648010670750625e+14 1.458566261159868581e-06
3.195247505759213750e+14 1.372757024244766445e-06
3.262222009711659375e+14 1.291210625584065133e-06
3.330600343624581250e+14 1.213768441594472609e-06
3.400411932703702500e+14 1.140307525327267478e-06
3.471686818926559375e+14 1.070651429252938931e-06
3.544455673970435625e+14 1.004602271726161943e-06
3.618749812411283750e+14 9.420184171787610516e-07
3.694601205199310000e+14 8.827871620892201584e-07
3.772042493417008750e+14 8.267538155309942972e-07
3.851107002325568750e+14 7.737476013107098794e-07
3.931828755705770000e+14 7.236429988149943060e-07
4.014242490499310000e+14 6.763378212408081485e-07
4.098383671757253125e+14 6.316973726030884325e-07
4.184288507901576250e+14 5.895751735584925262e-07
4.271993966306776875e+14 5.498608926431468574e-07
4.361537789208005625e+14 5.124629175731852013e-07
4.452958509942660000e+14 4.772648443520780547e-07
4.546295469532408750e+14 4.441418939412890166e-07
4.641588833612791250e+14 4.129979471098087918e-07
4.738879609717650625e+14 3.837518258498332196e-07
4.838209664925956875e+14 3.563037681022936719e-07
4.939621743878305000e+14 3.305482904957524453e-07
5.043159487171348125e+14 3.064024627560687305e-07
5.148867450137486875e+14 2.837952232077152653e-07
5.256791122018418750e+14 2.626418520091831302e-07
5.366976945540476250e+14 2.428539321510852173e-07
5.479472336900293125e+14 2.243606605653648103e-07
5.594325706169389375e+14 2.071006193144166882e-07
5.711586478126446250e+14 1.910025819368239671e-07
5.831305113526218750e+14 1.759931307734331971e-07
5.953533130814370000e+14 1.620125005355612200e-07
6.078323128297211250e+14 1.490083152023350063e-07
6.205728806776487500e+14 1.369213472408909561e-07
6.335804992658241250e+14 1.256912640389422489e-07
6.468607661546320000e+14 1.152682343668481682e-07
6.604193962330305000e+14 1.056082203386576217e-07
6.742622241778348750e+14 9.666255932687119071e-08
6.883952069645510000e+14 8.838223569969381175e-08
7.028244264308366250e+14 8.072624966545512400e-08
7.175560918936921250e+14 7.365812411269078204e-08
7.325965428215230000e+14 6.713839573636339984e-08
7.479522515621797500e+14 6.112774020713502479e-08
7.636298261282225000e+14 5.559290433057337747e-08
7.796360130405220000e+14 5.050414946027701332e-08
7.959777002314977500e+14 4.582992374608895981e-08
8.126619200091946250e+14 4.153910902582825531e-08
8.296958520834916250e+14 3.760514878778980105e-08
8.470868266557420000e+14 3.400420351503620625e-08
8.648423275731745000e+14 3.071143237044822654e-08
8.829699955494082500e+14 2.770257813401055939e-08
9.014776314524917500e+14 2.495678261423615546e-08
9.203731996618230000e+14 2.245527519673929368e-08
9.396648314954671250e+14 2.017882225029147726e-08
9.593608287093126250e+14 1.810882190141265710e-08
9.794696670695385000e+14 1.622918260650246141e-08
1.000000000000000000e+15 1.452540488459758537e-08
1.020960662306047500e+15 1.298286297597458926e-08
1.042360673976403250e+15 1.158754363768741183e-08
1.064209244064722375e+15 1.032726975689809526e-08
1.086515774652537375e+15 9.191067354919230042e-09
1.109289864895222875e+15 8.168029360070106051e-09
1.132541315152812750e+15 7.247801346469558559e-09
1.156280131207377750e+15 6.421357499308810229e-09
1.180516528568803000e+15 5.680571151933126379e-09
1.205260936870841250e+15 5.017477773899104538e-09
1.230524004359261500e+15 4.424585038824120729e-09
1.256316602474121500e+15 3.895350346067335527e-09
1.282649830528062500e+15 3.423894095048419425e-09
1.309535020482665000e+15 3.004530898857324060e-09
1.336983741824945250e+15 2.631960899610016969e-09
1.365007806546013750e+15 2.301553726553543342e-09
1.393619274224143500e+15 2.009160136765320473e-09
1.422830457214354750e+15 1.750819670403168799e-09
1.452653925946778250e+15 1.522874067402594632e-09
1.483102514336102750e+15 1.322129501452678781e-09
1.514189325304352000e+15 1.145734828986468770e-09
1.545927736419478500e+15 9.910028289872800699e-10
1.578331405652119500e+15 8.554742535476697562e-10
1.611414277253016750e+15 7.370061572348723978e-10
1.645190587753660750e+15 6.336944691647350088e-10
1.679674872092653250e+15 5.437667798967705502e-10
1.714881969870541000e+15 4.656163466771186120e-10
1.750827031735726750e+15 3.978473470816993122e-10
1.787525525904231750e+15 3.392264423001429786e-10
1.824993244816150500e+15 2.886196718252835303e-10
1.863246311931559750e+15 2.450090414892447859e-10
1.902301188668945750e+15 2.075138686239661169e-10
1.942174681489028250e+15 1.753609909713363429e-10
1.982883949127067250e+15 1.478482908386334648e-10
2.024446509976801750e+15 1.243517858743888751e-10
2.066880249629082000e+15 1.043344927756320206e-10
2.110203428568596500e+15 8.732842992737943155e-11
2.154434690031886500e+15 7.291390203065398274e-11
2.199593068030070500e+15 6.072182132938247580e-11
2.245697995539771750e+15 5.043657016799168392e-11
2.292769312865648500e+15 4.178533901015193876e-11
2.340827276178294500e+15 3.452656627183673718e-11
2.389892566231052500e+15 2.845014399519341024e-11
2.439986297259545000e+15 2.337773280838566704e-11
2.491130026067786000e+15 1.915658267515528769e-11
2.543345761304648500e+15 1.565319847394002733e-11
2.596655972934872000e+15 1.275280384682158207e-11
2.651083601908541500e+15 1.035880318869396218e-11
2.706652070033235500e+15 8.389289377517922168e-12
2.763385290053167000e+15 6.773641920082579385e-12
2.821307675939470500e+15 5.451880301238710400e-12
2.880444153396297500e+15 4.374008457600295990e-12
2.940820170587066500e+15 3.498097807411881349e-12
3.002461709085543000e+15 2.788502385842824268e-12
3.065395295056523500e+15 2.215336180276361311e-12
3.129648010670750500e+15 1.753954447655542707e-12
3.195247505759214000e+15 1.383936483824685935e-12
3.262222009711673500e+15 1.088174851706614129e-12
3.330600343624582000e+15 8.525223331018727291e-13
3.400411932703702500e+15 6.654509352101411062e-13
3.471686818926559500e+15 5.175328021404762656e-13
3.544455673970435500e+15 4.009907837214121947e-13
3.618749812411284000e+15 3.094869331506716429e-13
3.694601205199294500e+15 2.379240128094097798e-13
3.772042493416993500e+15 1.821922001419825551e-13
3.851107002325568500e+15 1.389560118303606061e-13
3.931828755705770000e+15 1.055393384934047315e-13
4.014242490499326000e+15 7.982065179582826089e-14
4.098383671757253000e+15 6.011551778406184745e-14
4.184288507901576000e+15 4.508022181743766930e-14
4.271993966306776500e+15 3.365452538348618761e-14
4.361537789208006000e+15 2.501098959322621929e-14
4.452958509942660000e+15 1.850349279580203481e-14
4.546295469532390000e+15 1.362594621723680835e-14
4.641588833612773000e+15 9.986096837134843856e-15
4.738879609717651000e+15 7.283001694434519167e-15
4.838209664925957000e+15 5.285849778847085047e-15
4.939621743878326000e+15 3.817336045572339633e-15
5.043159487171349000e+15 2.742641851378680365e-15
5.148867450137487000e+15 1.960231971130844675e-15
5.256791122018419000e+15 1.393729094447188202e-15
5.366976945540476000e+15 9.856657120418215827e-16
5.479472336900292000e+15 6.932325038771758839e-16
5.594325706169389000e+15 4.848301255994567909e-16
5.711586478126423000e+15 3.371809479962000326e-16
5.831305113526218000e+15 2.331541892964719410e-16
5.953533130814370000e+15 1.602666365393211004e-16
6.078323128297236000e+15 1.095021798491368786e-16
6.205728806776513000e+15 7.436726106683253859e-17
6.335804992658241000e+15 5.019495223346074731e-17
6.468607661546321000e+15 3.366398210698319135e-17
6.604193962330306000e+15 2.243130084414094194e-17
6.742622241778349000e+15 1.484994039083440125e-17
6.883952069645510000e+15 9.765884588086119614e-18
7.028244264308338000e+15 6.378487311623604545e-18
7.175560918936921000e+15 4.137093712710811262e-18
7.325965428215230000e+15 2.664650316109345108e-18
7.479522515621829000e+15 1.704051662327358420e-18
7.636298261282257000e+15 1.081732403811361323e-18
7.796360130405221000e+15 6.815526427990841228e-19
7.959777002314978000e+15 4.262013119086388556e-19
8.126619200091945000e+15 2.644789633488170339e-19
8.296958520834915000e+15 1.628242974308230639e-19
8.470868266557420000e+15 9.943566221954260480e-20
8.648423275731709000e+15 6.023525594846840966e-20
8.829699955494083000e+15 3.618798503940979375e-20
9.014776314524918000e+15 2.155595550319623562e-20
9.203731996618230000e+15 1.272908899796661595e-20
9.396648314954710000e+15 7.451478440210510534e-21
9.593608287093126000e+15 4.323304663802412276e-21
9.794696670695384000e+15 2.485390527546187834e-21
