1.020960662306047603e+07 1.967264658717268446e+02
1.042360673976401053e+07 1.930388473370280735e+02
1.064209244064724632e+07 1.894202587581800401e+02
1.086515774652537145e+07 1.858702314529397768e+02
1.109289864895222709e+07 1.823872700474325939e+02
1.132541315152812563e+07 1.789693040564312980e+02
1.156280131207375228e+07 1.756153023269773996e+02
1.180516528568805568e+07 1.723248341769420051e+02
1.205260936870841496e+07 1.690965134336585720e+02
1.230524004359261692e+07 1.659284185944505055e+02
1.256316602474121563e+07 1.628195952248561582e+02
1.282649830528059974e+07 1.597696476156172594e+02
1.309535020482667536e+07 1.567772907874882833e+02
1.336983741824945062e+07 1.538407414399553659e+02
1.365007806546013802e+07 1.509591161398113570e+02
1.393619274224143475e+07 1.481320513602308324e+02
1.422830457214351930e+07 1.453583558993136080e+02
1.452653925946781226e+07 1.426363746591304960e+02
1.483102514336102828e+07 1.399652899191773372e+02
1.514189325304351933e+07 1.373447677651996059e+02
1.545927736419478431e+07 1.347737039004770736e+02
1.578331405652116425e+07 1.322505621601121106e+02
1.611414277253019996e+07 1.297745856408716350e+02
1.645190587753660791e+07 1.273454676734072564e+02
1.679674872092653066e+07 1.249621844996557201e+02
1.714881969870540872e+07 1.226233102915026620e+02
1.750827031735723466e+07 1.203281444340478572e+02
1.787525525904235244e+07 1.180764053214476235e+02
1.824993244816150516e+07 1.158671438357185508e+02
1.863246311931559816e+07 1.136990365144722546e+02
1.902301188668945804e+07 1.115714348389222863e+02
1.942174681489024311e+07 1.094840802585569151e+02
1.982883949127071351e+07 1.074360928313966781e+02
2.024446509976801649e+07 1.054262440678381267e+02
2.066880249629081786e+07 1.034539336653103447e+02
2.110203428568596393e+07 1.015189242800869067e+02
2.154434690031882003e+07 9.962040008270005842e+01
2.199593068030074611e+07 9.775722070021335242e+01
2.245697995539776236e+07 9.592883045699856837e+01
2.292769312865648791e+07 9.413501151204245332e+01
2.340827276178294048e+07 9.237500745825791171e+01
2.389892566231048107e+07 9.064775968069275791e+01
2.439986297259550542e+07 8.895275380839440516e+01
2.491130026067791134e+07 8.728978993512694728e+01
2.543345761304648221e+07 8.565816672958992228e+01
2.596655972934872285e+07 8.405690143764566358e+01
2.651083601908536255e+07 8.248551791882205464e+01
2.706652070033241063e+07 8.094383275787006937e+01
2.763385290053172782e+07 7.943119567103165934e+01
2.821307675939470530e+07 7.794669429636377345e+01
2.880444153396297619e+07 7.648988787867634187e+01
2.940820170587060601e+07 7.506060816366455413e+01
3.002461709085549042e+07 7.365825218439297828e+01
3.065395295056529716e+07 7.228197289773854095e+01
3.129648010670750216e+07 7.093136230033515233e+01
3.195247505759213492e+07 6.960626607572187652e+01
3.262222009711666778e+07 6.830612511548153520e+01
3.330600343624588847e+07 6.703015299021333817e+01
3.400411932703709602e+07 6.577797201159530971e+01
3.471686818926559389e+07 6.454944067365056526e+01
3.544455673970435560e+07 6.334404052310289046e+01
3.618749812411276251e+07 6.216104137988520506e+01
3.694601205199302733e+07 6.100009361485611237e+01
3.772042493417001516e+07 5.986106749648599390e+01
3.851107002325568348e+07 5.874348225698457071e+01
3.931828755705770105e+07 5.764665991690409896e+01
4.014242490499317646e+07 5.657027681981554679e+01
4.098383671757261455e+07 5.551421405337647030e+01
4.184288507901584357e+07 5.447802578409098118e+01
4.271993966306776553e+07 5.346108247821675263e+01
4.361537789208005369e+07 5.246308451995891176e+01
4.452958509942659736e+07 5.148392293778320550e+01
4.546295469532398880e+07 5.052318428303431119e+01
4.641588833612781763e+07 4.958028398379956059e+01
4.738879609717650712e+07 4.865494467695447867e+01
4.838209664925957471e+07 4.774706652385050631e+01
4.939621743878325820e+07 4.685626609747841798e+01
5.043159487171358615e+07 4.598200055621099835e+01
5.148867450137497485e+07 4.512401313489762344e+01
5.256791122018418461e+07 4.428221238380603353e+01
5.366976945540475845e+07 4.345624270813672752e+01
5.479472336900292337e+07 4.264559999841166871e+01
5.594325706169377267e+07 4.185004655588398492e+01
5.711586478126434237e+07 4.106949863534043743e+01
5.831305113526218385e+07 4.030362644501975211e+01
5.953533130814369768e+07 3.955196182611229005e+01
6.078323128297235817e+07 3.881428472880089942e+01
6.205728806776500493e+07 3.809051848296892473e+01
6.335804992658253759e+07 3.738035721888791585e+01
6.468607661546321213e+07 3.668336614804390905e+01
6.604193962330305576e+07 3.599934155776855960e+01
6.742622241778348386e+07 3.532821327371408415e+01
6.883952069645495713e+07 3.466969760514777477e+01
7.028244264308351278e+07 3.402339073968612126e+01
7.175560918936920166e+07 3.338910408745433500e+01
7.325965428215231001e+07 3.276677343738592185e+01
7.479522515621829033e+07 3.215613566204367402e+01
7.636298261282241344e+07 3.155681570393712221e+01
7.796360130405236781e+07 3.096863897200553950e+01
7.959777002314977348e+07 3.039154672840223625e+01
8.126619200091944635e+07 2.982529491193763960e+01
8.296958520834915340e+07 2.926953515865088207e+01
8.470868266557401419e+07 2.872410583608801460e+01
8.648423275731725991e+07 2.818895322926870506e+01
8.829699955494081974e+07 2.766385095519791903e+01
9.014776314524917305e+07 2.714847543102529315e+01
9.203731996618229151e+07 2.664267702010265992e+01
9.396648314954690635e+07 2.614640661602067340e+01
9.593608287093147635e+07 2.565945422749156535e+01
9.794696670695386827e+07 2.518151927827670278e+01
1.000000000000000000e+08 2.471246323635147490e+01
1.020960662306047529e+08 2.425224122284222261e+01
1.042360673976403177e+08 2.380065844592558832e+01
1.064209244064722359e+08 2.335743568916030455e+01
1.086515774652537256e+08 2.292244470017047320e+01
1.109289864895222783e+08 2.249564447766082864e+01
1.132541315152812600e+08 2.207685432387035718e+01
1.156280131207377762e+08 2.166581485401344054e+01
1.180516528568803072e+08 2.126240733185409226e+01
1.205260936870841384e+08 2.086659431177761803e+01
1.230524004359261543e+08 2.047820816559243795e+01
1.256316602474121451e+08 2.009700792200093034e+01
1.282649830528062433e+08 1.972288365414559763e+01
1.309535020482665002e+08 1.935580117628544272e+01
1.336983741824945360e+08 1.899560498007977216e+01
1.365007806546013653e+08 1.864207119163725324e+01
1.393619274224143326e+08 1.829509803923658140e+01
1.422830457214354575e+08 1.795465432523051419e+01
1.452653925946778059e+08 1.762059578064426191e+01
1.483102514336102903e+08 1.729271440761662859e+01
1.514189325304352045e+08 1.697091598402594670e+01
1.545927736419478357e+08 1.665517205051257932e+01
1.578331405652119517e+08 1.634534876132270753e+01
1.611414277253016531e+08 1.604125286093169933e+01
1.645190587753660679e+08 1.574279711631754886e+01
1.679674872092653215e+08 1.544995557701228073e+01
1.714881969870540798e+08 1.516260406376171410e+01
1.750827031735726893e+08 1.488056301127383207e+01
1.787525525904231668e+08 1.460375165675125686e+01
1.824993244816150367e+08 1.433214634778700969e+01
1.863246311931559741e+08 1.406563187024568329e+01
1.902301188668946028e+08 1.380404137245151652e+01
1.942174681489028633e+08 1.354730008148004927e+01
1.982883949127075374e+08 1.329538644947407100e+01
2.024446509976801872e+08 1.304819357703090255e+01
2.066880249629082084e+08 1.280556641963898201e+01
2.110203428568596542e+08 1.256743574967530819e+01
2.154434690031886399e+08 1.233378194605280598e+01
2.199593068030070364e+08 1.210450582111750251e+01
2.245697995539771616e+08 1.187946329613378893e+01
2.292769312865648568e+08 1.165859027723188035e+01
2.340827276178294122e+08 1.144186890684055413e+01
2.389892566231052577e+08 1.122920715005929715e+01
2.439986297259555161e+08 1.102047111283235026e+01
2.491130026067785919e+08 1.081560145409878615e+01
2.543345761304648221e+08 1.061458192996618699e+01
2.596655972934872508e+08 1.041732713993449266e+01
2.651083601908541918e+08 1.022371264962333193e+01
2.706652070033235550e+08 1.003368351805699987e+01
2.763385290053166747e+08 9.847224977491709552e+00
2.821307675939470530e+08 9.664257781282364235e+00
2.880444153396297693e+08 9.484666281608298277e+00
2.940820170587067008e+08 9.308399611080304226e+00
3.002461709085555673e+08 9.135444351904197902e+00
3.065395295056523085e+08 8.965726965685213656e+00
3.129648010670750141e+08 8.799139966257589762e+00
3.195247505759213567e+08 8.635636257627705703e+00
3.262222009711673260e+08 8.475203656144296716e+00
3.330600343624581695e+08 8.317773918428432722e+00
3.400411932703702450e+08 8.163247139863019086e+00
3.471686818926559091e+08 8.011579716055729605e+00
3.544455673970435262e+08 7.862760591258307841e+00
3.618749812411283851e+08 7.716726433963448706e+00
3.694601205199309587e+08 7.573384382468876019e+00
3.772042493416993618e+08 7.432694065014201712e+00
3.851107002325568795e+08 7.294645456267707218e+00
3.931828755705770254e+08 7.159179781328694148e+00
4.014242490499325991e+08 7.026210721330322428e+00
4.098383671757252812e+08 6.895700897329789747e+00
4.184288507901575565e+08 6.767641225084161327e+00
4.271993966306776404e+08 6.641977156824521167e+00
4.361537789208005667e+08 6.518628452172475995e+00
4.452958509942659736e+08 6.397560503033476564e+00
4.546295469532408714e+08 6.278765084320115264e+00
4.641588833612772226e+08 6.162191569875337116e+00
4.738879609717651010e+08 6.047765366640088125e+00
4.838209664925957322e+08 5.935454431877897008e+00
4.939621743878325820e+08 5.825251324579087786e+00
5.043159487171348333e+08 5.717109056826093827e+00
5.148867450137487054e+08 5.610958282520188689e+00
5.256791122018419504e+08 5.506769334067588062e+00
5.366976945540476441e+08 5.404535485683651608e+00
5.479472336900292635e+08 5.304213124929510137e+00
5.594325706169389486e+08 5.205737780887740307e+00
5.711586478126422167e+08 5.109081984989246372e+00
5.831305113526217937e+08 5.014239663609090236e+00
5.953533130814369917e+08 4.921170336086594155e+00
6.078323128297235966e+08 4.829814061449280160e+00
6.205728806776486635e+08 4.740145407077727135e+00
6.335804992658240795e+08 4.652158893760582892e+00
6.468607661546320915e+08 4.565816946599087878e+00
6.604193962330304384e+08 4.481063833921512973e+00
6.742622241778348684e+08 4.397876008119976809e+00
6.883952069645509720e+08 4.316248531487886453e+00
7.028244264308338165e+08 4.236146525260391371e+00
7.175560918936921358e+08 4.157518169293293653e+00
7.325965428215229511e+08 4.080341661244456297e+00
7.479522515621827841e+08 4.004612556492424424e+00
7.636298261282258034e+08 3.930298477955646685e+00
7.796360130405220985e+08 3.857351240465682896e+00
7.959777002314977646e+08 3.785750657568430544e+00
8.126619200091946125e+08 3.715492733391213331e+00
8.296958520834914446e+08 3.646547412194657500e+00
8.470868266557419300e+08 3.578869886923632837e+00
8.648423275731709003e+08 3.512441467238547776e+00
8.829699955494083166e+08 3.447258565433107602e+00
9.014776314524917603e+08 3.383293279846742774e+00
9.203731996618230343e+08 3.320503942957667931e+00
9.396648314954710007e+08 3.258873249630030333e+00
9.593608287093126774e+08 3.198397983232148967e+00
9.794696670695385933e+08 3.139052241009599786e+00
1.000000000000000000e+09 3.080797273363352851e+00
1.020960662306047559e+09 3.023617057697464361e+00
1.042360673976403356e+09 2.967508714509674128e+00
1.064209244064726830e+09 2.912448196020335445e+00
1.086515774652537346e+09 2.858399464708834881e+00
1.109289864895222664e+09 2.805347685460697793e+00
1.132541315152812481e+09 2.753290284874074789e+00
1.156280131207372904e+09 2.702204936634017507e+00
1.180516528568803072e+09 2.652058124070517220e+00
1.205260936870841503e+09 2.602836111541482200e+00
1.230524004359261513e+09 2.554536603394207184e+00
1.256316602474121332e+09 2.507138870915268658e+00
1.282649830528062582e+09 2.460611740649305101e+00
1.309535020482670307e+09 2.414942494949729568e+00
1.336983741824945211e+09 2.370129089994239546e+00
1.365007806546013832e+09 2.326152279777681020e+00
1.393619274224143505e+09 2.282983069029360657e+00
1.422830457214349031e+09 2.240609682657455970e+00
1.452653925946778297e+09 2.199030305011439701e+00
1.483102514336102724e+09 2.158227066194917665e+00
1.514189325304351807e+09 2.118172995804568970e+00
1.545927736419478655e+09 2.078857191453724162e+00
1.578331405652119875e+09 2.040278044063306151e+00
1.611414277253023148e+09 2.002418960952462079e+00
1.645190587753660679e+09 1.965254854137511664e+00
1.679674872092653036e+09 1.928775629271426650e+00
1.714881969870540857e+09 1.892979864129678225e+00
1.750827031735726833e+09 1.857852151498732063e+00
1.787525525904231787e+09 1.823369153462972792e+00
1.824993244816150427e+09 1.789521523839755712e+00
1.863246311931559801e+09 1.756308009273714221e+00
1.902301188668945789e+09 1.723714302891826033e+00
1.942174681489028454e+09 1.691718693876188562e+00
1.982883949127075434e+09 1.660312528771494600e+00
2.024446509976801872e+09 1.629494706687682148e+00
2.066880249629082203e+09 1.599251942115711644e+00
2.110203428568596601e+09 1.569564037064782758e+00
2.154434690031886578e+09 1.540422979480548404e+00
2.199593068030070305e+09 1.511827805990795692e+00
2.245697995539771557e+09 1.483766179165700416e+00
2.292769312865648746e+09 1.456219307662389939e+00
2.340827276178294182e+09 1.429179773301805678e+00
2.389892566231052876e+09 1.402646736612179312e+00
2.439986297259555340e+09 1.376608740244851248e+00
2.491130026067785740e+09 1.351048300832882632e+00
2.543345761304647923e+09 1.325958550071641984e+00
2.596655972934872150e+09 1.301338759989000504e+00
2.651083601908541679e+09 1.277178290224588730e+00
2.706652070033235550e+09 1.253460873686145671e+00
2.763385290053166866e+09 1.230180151204222305e+00
2.821307675939470768e+09 1.207335495020325444e+00
2.880444153396297932e+09 1.184917023211111253e+00
2.940820170587066650e+09 1.162909599745472145e+00
3.002461709085555077e+09 1.141307336864438859e+00
3.065395295056523800e+09 1.120109696754349571e+00
3.129648010670750618e+09 1.099307501602464709e+00
3.195247505759213448e+09 1.078886667234276064e+00
3.262222009711673260e+09 1.058841742374915906e+00
3.330600343624581814e+09 1.039172269823412931e+00
3.400411932703702450e+09 1.019869725458045107e+00
3.471686818926559448e+09 1.000921003348019811e+00
3.544455673970435619e+09 9.823210563640080162e-01
3.618749812411283970e+09 9.640694994377003724e-01
3.694601205199309826e+09 9.461584153483910686e-01
3.772042493416993618e+09 9.285756079893990877e-01
3.851107002325568676e+09 9.113164044323603941e-01
3.931828755705770016e+09 8.943804840424236513e-01
4.014242490499325752e+09 8.777604930798135197e-01
4.098383671757252693e+09 8.614450816602455818e-01
4.184288507901576042e+09 8.454299233326426632e-01
4.271993966306777000e+09 8.297147549098990993e-01
4.361537789208005905e+09 8.142927458314572764e-01
4.452958509942660332e+09 7.991533333208543644e-01
4.546295469532408714e+09 7.842925117319008432e-01
4.641588833612771988e+09 7.697100689884928126e-01
4.738879609717651367e+09 7.553996603100221474e-01
4.838209664925957680e+09 7.413514550709604523e-01
4.939621743878325462e+09 7.275617446610075367e-01
5.043159487171347618e+09 7.140303623756169005e-01
5.148867450137486458e+09 7.007514144995433680e-01
5.256791122018419266e+09 6.877157514700208418e-01
5.366976945540475845e+09 6.749199397037480841e-01
5.479472336900292397e+09 6.623638526715983632e-01
5.594325706169388771e+09 6.500420155033569403e-01
5.711586478126422882e+09 6.379459122038808605e-01
5.831305113526218414e+09 6.260723638374918742e-01
5.953533130814370155e+09 6.144212793505166026e-01
6.078323128297236443e+09 6.029875728124233225e-01
6.205728806776488304e+09 5.917633176366864367e-01
6.335804992658241272e+09 5.807455706670308082e-01
6.468607661546320915e+09 5.699342720777214044e-01
6.604193962330305099e+09 5.593246971169499870e-01
6.742622241778348923e+09 5.489094675524960332e-01
6.883952069645509720e+09 5.386858585357341411e-01
7.028244264308338165e+09 5.286538376324005917e-01
7.175560918936921120e+09 5.188090155027504924e-01
7.325965428215229988e+09 5.091445240953402784e-01
7.479522515621828079e+09 4.996578406918685267e-01
7.636298261282225609e+09 4.903489567901133661e-01
7.796360130405220985e+09 4.812137945425074004e-01
7.959777002314977646e+09 4.722459605839787744e-01
8.126619200091945648e+09 4.634431193464393917e-01
8.296958520834915161e+09 4.548052831435482335e-01
8.470868266557419777e+09 4.463286634153547094e-01
8.648423275731708527e+09 4.380073084766625824e-01
8.829699955494083405e+09 4.298390560398740456e-01
9.014776314524917603e+09 4.218239364300059302e-01
9.203731996618228912e+09 4.139584297615981345e-01
9.396648314954671860e+09 4.062369953357143348e-01
9.593608287093128204e+09 3.986576313027936913e-01
9.794696670695384979e+09 3.912203834790132229e-01
1.000000000000000000e+10 3.839219815157935978e-01
1.020960662306047440e+10 3.767572671580039501e-01
1.042360673976403236e+10 3.697243871022874995e-01
1.064209244064726830e+10 3.628234003932079288e-01
1.086515774652537155e+10 3.560512684532797234e-01
1.109289864895222664e+10 3.494031889254436418e-01
1.132541315152812576e+10 3.428774460419081183e-01
1.156280131207373047e+10 3.364741100482395719e-01
1.180516528568803024e+10 3.301903576430775256e-01
1.205260936870841217e+10 3.240217176791350129e-01
1.230524004359261703e+10 3.179666017285888158e-01
1.256316602474121475e+10 3.120250894243695172e-01
1.282649830528062630e+10 3.061945574263921777e-01
1.309535020482670403e+10 3.004708428348638050e-01
1.336983741824945259e+10 2.948524751213740802e-01
1.365007806546013641e+10 2.893395416863491221e-01
1.393619274224143410e+10 2.839296049318998927e-01
1.422830457214348984e+10 2.786187888468202312e-01
1.452653925946778107e+10 2.734057320614879383e-01
1.483102514336102867e+10 2.682905282998738206e-01
1.514189325304351997e+10 2.632709125027652974e-01
1.545927736419478416e+10 2.583432756814505460e-01
1.578331405652119637e+10 2.535063575309772221e-01
1.611414277253023148e+10 2.487602568139994086e-01
1.645190587753660774e+10 2.441028687509891881e-01
1.679674872092653275e+10 2.395308328950198351e-01
1.714881969870541000e+10 2.350429825117658078e-01
1.750827031735726929e+10 2.306394202624511003e-01
1.787525525904231644e+10 2.263181902631061504e-01
1.824993244816150284e+10 2.220761634173040455e-01
1.863246311931559753e+10 2.179122596220873231e-01
1.902301188668945694e+10 2.138265844279842176e-01
1.942174681489028549e+10 2.098173202755164723e-01
1.982883949127075195e+10 2.058815534256011326e-01
2.024446509976801682e+10 2.020182839811168474e-01
2.066880249629082108e+10 1.982276194911839484e-01
2.110203428568596649e+10 1.945078709044051612e-01
2.154434690031886673e+10 1.908563249592943600e-01
2.199593068030070114e+10 1.872720560155213265e-01
2.245697995539771652e+10 1.837551728371033533e-01
2.292769312865648651e+10 1.803041057640411282e-01
2.340827276178294373e+10 1.769163281691325529e-01
2.389892566231052399e+10 1.735909831601866460e-01
2.439986297259555435e+10 1.703281800287416992e-01
2.491130026067786026e+10 1.671264600400129696e-01
2.543345761304648209e+10 1.639834703206808908e-01
2.596655972934872437e+10 1.608984176261495647e-01
2.651083601908541489e+10 1.578714111753543592e-01
2.706652070033235550e+10 1.549010952958221055e-01
2.763385290053166962e+10 1.519852788832152801e-01
2.821307675939470673e+10 1.491232276178961480e-01
2.880444153396297836e+10 1.463150501246313073e-01
2.940820170587066650e+10 1.435594864905092305e-01
3.002461709085555267e+10 1.408544962282055890e-01
3.065395295056523514e+10 1.381993995699780653e-01
3.129648010670750427e+10 1.355943040957196533e-01
3.195247505759213638e+10 1.330380388695276694e-01
3.262222009711672974e+10 1.305287036430966829e-01
3.330600343624581909e+10 1.280656691519403423e-01
3.400411932703702927e+10 1.256490415437093167e-01
3.471686818926559448e+10 1.232777325596334378e-01
3.544455673970435333e+10 1.209499725329444692e-01
3.618749812411283875e+10 1.186651789535253382e-01
3.694601205199309540e+10 1.164234562064366679e-01
3.772042493416993713e+10 1.142237928585653206e-01
3.851107002325569153e+10 1.120645408368748375e-01
3.931828755705770111e+10 1.099451609145637165e-01
4.014242490499325562e+10 1.078657554349092274e-01
4.098383671757252502e+10 1.058253843550630846e-01
4.184288507901576233e+10 1.038225128308696843e-01
4.271993966306776428e+10 1.018566417050426609e-01
4.361537789208005524e+10 9.992787104562034228e-02
4.452958509942659760e+10 9.803532715101782868e-02
4.546295469532408905e+10 9.617758062062616020e-02
4.641588833612772369e+10 9.435416939092611255e-02
4.738879609717650604e+10 9.256519106214107506e-02
4.838209664925956726e+10 9.080983358386110482e-02
4.939621743878325653e+10 8.908676575236097739e-02
5.043159487171348572e+10 8.739555984291368096e-02
5.148867450137487030e+10 8.573631083172716938e-02
5.256791122018418884e+10 8.410826396255530191e-02
5.366976945540475464e+10 8.251017948337102670e-02
5.479472336900292206e+10 8.094166145732399620e-02
5.594325706169388580e+10 7.940280211287226164e-02
5.711586478126422882e+10 7.789289994026167563e-02
5.831305113526218414e+10 7.641080036030650779e-02
5.953533130814369965e+10 7.495613686231074324e-02
6.078323128297235870e+10 7.352899883192637320e-02
6.205728806776487732e+10 7.212873424553883916e-02
6.335804992658241272e+10 7.075426785172175825e-02
6.468607661546320343e+10 6.940526037929138636e-02
6.604193962330305481e+10 6.808179830158996027e-02
6.742622241778349304e+10 6.678327558749277970e-02
6.883952069645510864e+10 6.550869087192651152e-02
7.028244264308338928e+10 6.425773009865443086e-02
7.175560918936921692e+10 6.303047678167510159e-02
7.325965428215229797e+10 6.182636763652843426e-02
7.479522515621827698e+10 6.064447011843979857e-02
7.636298261282226562e+10 5.948449351180412625e-02
7.796360130405221558e+10 5.834651834403552922e-02
7.959777002314976501e+10 5.723002106150772844e-02
8.126619200091944885e+10 5.613413322311970599e-02
8.296958520834915161e+10 5.505858571856980799e-02
8.470868266557418823e+10 5.400345607879148552e-02
8.648423275731707764e+10 5.296825767884087710e-02
8.829699955494082642e+10 5.195218178977193541e-02
9.014776314524917603e+10 5.095497929996972014e-02
9.203731996618229675e+10 4.997672474912331908e-02
9.396648314954670715e+10 4.901696583729660273e-02
9.593608287093125916e+10 4.807494945860964902e-02
9.794696670695385742e+10 4.715044501270789640e-02
1.000000000000000000e+11 4.624352406650428932e-02
1.020960662306047516e+11 4.535376622569792238e-02
1.042360673976403351e+11 4.448047019984854855e-02
1.064209244064726715e+11 4.362342252279886173e-02
1.086515774652537231e+11 4.278269181854954528e-02
1.109289864895222778e+11 4.195788735026614175e-02
1.132541315152812653e+11 4.114835609719941917e-02
1.156280131207372894e+11 4.035390045259480696e-02
1.180516528568803101e+11 3.957458613716646756e-02
1.205260936870841370e+11 3.881004998236509823e-02
1.230524004359261475e+11 3.805968393519640336e-02
1.256316602474121399e+11 3.732330506809272003e-02
1.282649830528062439e+11 3.660097624648026016e-02
1.309535020482670288e+11 3.589235992862700036e-02
1.336983741824945221e+11 3.519688995421268313e-02
1.365007806546013794e+11 3.451439698225599456e-02
1.393619274224143372e+11 3.384494107796230666e-02
1.422830457214349060e+11 3.318820852215264433e-02
1.452653925946778259e+11 3.254367218321557731e-02
1.483102514336102905e+11 3.191117529531526525e-02
1.514189325304352112e+11 3.129077518440539357e-02
1.545927736419478455e+11 3.068218027705075027e-02
1.578331405652119751e+11 3.008489980291768895e-02
1.611414277253023071e+11 2.949878863497932061e-02
1.645190587753660583e+11 2.892390142579391588e-02
1.679674872092653198e+11 2.835996718926375726e-02
1.714881969870540771e+11 2.780652903180981170e-02
1.750827031735719604e+11 2.726345259844456526e-02
1.787525525904231873e+11 2.673078993814912568e-02
1.824993244816150513e+11 2.620828920375440491e-02
1.863246311931559753e+11 2.569552506418582016e-02
1.902301188668945618e+11 2.519237313412208204e-02
1.942174681489028320e+11 2.469888293193820208e-02
1.982883949127075500e+11 2.421482040315759560e-02
2.024446509976802063e+11 2.373978962348343574e-02
2.066880249629082031e+11 2.327367543452332072e-02
2.110203428568596497e+11 2.281652489941380854e-02
2.154434690031877747e+11 2.236812050508416028e-02
2.199593068030070190e+11 2.192809372584108782e-02
2.245697995539771729e+11 2.149633794270389142e-02
2.292769312865648804e+11 2.107289784071083444e-02
2.340827276178294067e+11 2.065757128511652024e-02
2.389892566231052551e+11 2.025001527804736259e-02
2.439986297259555054e+11 1.985013110351225435e-02
2.491130026067796021e+11 1.945796114681416084e-02
2.543345761304648132e+11 1.907331757041097822e-02
2.596655972934872437e+11 1.869588116134446310e-02
2.651083601908530884e+11 1.832556051754753376e-02
2.706652070033235779e+11 1.796239580364194025e-02
2.763385290053167114e+11 1.760621247431481615e-02
2.821307675939470825e+11 1.725671347771319183e-02
2.880444153396297607e+11 1.691381418045236062e-02
2.940820170587066650e+11 1.657755260578728726e-02
3.002461709085555420e+11 1.624776656640930170e-02
3.065395295056536255e+11 1.592417965866642707e-02
3.129648010670750732e+11 1.560671351317332103e-02
3.195247505759213257e+11 1.529540409101056569e-02
3.262222009711659546e+11 1.499010069441099845e-02
3.330600343624581909e+11 1.469054615824959970e-02
3.400411932703702393e+11 1.439666791003787159e-02
3.471686818926559448e+11 1.410849992741936010e-02
3.544455673970435181e+11 1.382590219479959588e-02
3.618749812411284180e+11 1.354863547207100713e-02
3.694601205199309692e+11 1.327663255129942453e-02
3.772042493417008667e+11 1.300992550469625385e-02
3.851107002325568848e+11 1.274838424824201351e-02
3.931828755705770264e+11 1.249178624287007426e-02
4.014242490499309692e+11 1.224006924507536204e-02
4.098383671757252808e+11 1.199326349863685283e-02
4.184288507901575928e+11 1.175124815328309688e-02
4.271993966306776123e+11 1.151381623040119428e-02
4.361537789208005371e+11 1.128091008059233478e-02
4.452958509942659912e+11 1.105255819500448010e-02
4.546295469532408447e+11 1.082864830832181401e-02
4.641588833612791138e+11 1.060898793946255664e-02
4.738879609717650757e+11 1.039352369041394650e-02
4.838209664925957031e+11 1.018228237410543323e-02
4.939621743878305664e+11 9.975159706955144534e-03
5.043159487171348267e+11 9.771976714831405800e-03
5.148867450137487183e+11 9.572683933931402933e-03
5.256791122018419189e+11 9.377306571848962463e-03
5.366976945540476074e+11 9.185747765869650000e-03
5.479472336900292969e+11 8.997841125608618471e-03
5.594325706169388428e+11 8.813540827950513620e-03
5.711586478126446533e+11 8.632870546370872977e-03
5.831305113526218262e+11 8.455740317529075734e-03
5.953533130814368896e+11 8.281995474336350041e-03
6.078323128297211914e+11 8.111593562746101729e-03
6.205728806776488037e+11 7.944556791573166576e-03
6.335804992658240967e+11 7.780801611943227378e-03
6.468607661546320801e+11 7.620184278079177205e-03
6.604193962330305176e+11 7.462665453650050087e-03
6.742622241778348389e+11 7.308265950428690164e-03
6.883952069645510254e+11 7.156908183110014150e-03
7.028244264308366699e+11 7.008458579709331282e-03
7.175560918936921387e+11 6.862880689024623837e-03
7.325965428215229492e+11 6.720193991495533418e-03
7.479522515621828613e+11 6.580326446105195376e-03
7.636298261282225342e+11 6.443153957880326348e-03
7.796360130405220947e+11 6.308642745531076700e-03
7.959777002314978027e+11 6.176811021925262754e-03
8.126619200091945801e+11 6.047591900441422544e-03
8.296958520834915771e+11 5.920870113607356114e-03
8.470868266557419434e+11 5.796614350905427392e-03
8.648423275731743164e+11 5.674841619414403363e-03
8.829699955494082031e+11 5.555489824332095032e-03
9.014776314524916992e+11 5.438451920217621249e-03
9.203731996618229980e+11 5.323698883077714224e-03
9.396648314954670410e+11 5.211246573978710155e-03
9.593608287093126221e+11 5.101037352757986990e-03
9.794696670695385742e+11 4.992971831578704896e-03
1.000000000000000000e+12 4.887023102497256230e-03
1.020960662306047485e+12 4.783205938335178230e-03
1.042360673976403198e+12 4.681466840002752698e-03
1.064209244064726929e+12 4.581713551078031577e-03
1.086515774652537354e+12 4.483921121943835325e-03
1.109289864895222656e+12 4.388103292939809531e-03
1.132541315152812744e+12 4.294210414431143610e-03
1.156280131207372803e+12 4.202156870854335986e-03
1.180516528568802979e+12 4.111919525001688294e-03
1.205260936870841309e+12 4.023511138496754444e-03
1.230524004359261719e+12 3.936885639947174456e-03
1.256316602474121338e+12 3.851963597300306786e-03
1.282649830528062500e+12 3.768723550767112337e-03
1.309535020482670410e+12 3.687177335039427874e-03
1.336983741824945068e+12 3.607282204731834200e-03
1.365007806546013672e+12 3.528964484900645130e-03
1.393619274224143311e+12 3.452204268296425391e-03
1.422830457214348877e+12 3.377012512509513110e-03
1.452653925946778320e+12 3.303349563566497418e-03
1.483102514336102783e+12 3.231147106075408625e-03
1.514189325304351807e+12 3.160386669806449292e-03
1.545927736419478516e+12 3.091078383150997616e-03
1.578331405652119873e+12 3.023185465358260021e-03
1.611414277253023193e+12 2.956644589913400706e-03
1.645190587753660889e+12 2.891438616748580673e-03
1.679674872092653076e+12 2.827576891066368309e-03
1.714881969870540771e+12 2.765025302402764670e-03
1.750827031735719727e+12 2.703725167501800763e-03
1.787525525904231689e+12 2.643660577618440859e-03
1.824993244816150391e+12 2.584840138920975992e-03
1.863246311931559814e+12 2.527232222479336519e-03
1.902301188668945801e+12 2.470782466039532846e-03
1.942174681489028320e+12 2.415476100756318821e-03
1.982883949127075439e+12 2.361321036103526845e-03
2.024446509976801758e+12 2.308287949124764472e-03
2.066880249629082031e+12 2.256326498082542997e-03
2.110203428568596680e+12 2.205422969476994628e-03
2.154434690031877930e+12 2.155584616656266300e-03
2.199593068030070312e+12 2.106784259342907393e-03
2.245697995539771484e+12 2.058975296131324104e-03
2.292769312865648926e+12 2.012144990665853603e-03
2.340827276178293945e+12 1.966299979010799424e-03
2.389892566231052246e+12 1.921415071682332264e-03
2.439986297259555176e+12 1.877447146347611083e-03
2.491130026067796387e+12 1.834384371474255104e-03
2.543345761304647949e+12 1.792232803004593531e-03
2.596655972934872070e+12 1.750969100973308714e-03
2.651083601908530762e+12 1.710553378507559353e-03
2.706652070033235840e+12 1.670974642018040060e-03
2.763385290053166992e+12 1.632238402856026798e-03
2.821307675939470703e+12 1.594323039168328224e-03
2.880444153396297852e+12 1.557191672384136737e-03
2.940820170587066406e+12 1.520834085012456264e-03
3.002461709085555176e+12 1.485255277760691179e-03
3.065395295056536133e+12 1.450435224662221904e-03
3.129648010670750488e+12 1.416339843633710816e-03
3.195247505759213867e+12 1.382959636097083438e-03
3.262222009711660156e+12 1.350299124530017708e-03
3.330600343624582031e+12 1.318339765164686789e-03
3.400411932703702637e+12 1.287050074900871616e-03
3.471686818926559082e+12 1.256421221199033236e-03
3.544455673970435547e+12 1.226457279236190835e-03
3.618749812411284180e+12 1.197141081699382159e-03
3.694601205199310059e+12 1.168443560312534130e-03
3.772042493417008789e+12 1.140356499689265364e-03
3.851107002325568848e+12 1.112883557199298478e-03
3.931828755705770020e+12 1.086008843629973240e-03
4.014242490499309570e+12 1.059705533819216457e-03
4.098383671757252930e+12 1.033965984338942141e-03
4.184288507901576172e+12 1.008793462858257380e-03
4.271993966306776855e+12 9.841732667852699529e-04
4.361537789208005859e+12 9.600806539738666878e-04
4.452958509942660156e+12 9.365085111742582624e-04
4.546295469532409180e+12 9.134597431232628325e-04
4.641588833612791016e+12 8.909207487667750516e-04
4.738879609717650391e+12 8.688687197094841375e-04
4.838209664925957031e+12 8.472970342597497704e-04
4.939621743878305664e+12 8.262082596997347411e-04
5.043159487171347656e+12 8.055898173823152625e-04
5.148867450137486328e+12 7.854206935056794224e-04
5.256791122018418945e+12 7.656947222389371994e-04
5.366976945540475586e+12 7.464141576438917958e-04
5.479472336900291992e+12 7.275673698884182160e-04
5.594325706169388672e+12 7.091350100382154365e-04
5.711586478126446289e+12 6.911113351308889726e-04
5.831305113526218750e+12 6.734983090443078533e-04
5.953533130814370117e+12 6.562851823238817365e-04
6.078323128297210938e+12 6.394541499790390828e-04
6.205728806776487305e+12 6.229998614259218623e-04
6.335804992658241211e+12 6.069240122425184191e-04
6.468607661546321289e+12 5.912166697121525819e-04
6.604193962330305664e+12 5.758614600798233002e-04
6.742622241778348633e+12 5.608533969654072061e-04
6.883952069645509766e+12 5.461939284226096725e-04
7.028244264308366211e+12 5.318738792990993338e-04
7.175560918936920898e+12 5.178782020358711508e-04
7.325965428215229492e+12 5.042022484240204312e-04
7.479522515621797852e+12 4.908472387024462487e-04
7.636298261282225586e+12 4.778047002666871066e-04
7.796360130405220703e+12 4.650608138739697876e-04
7.959777002314977539e+12 4.526112454354313717e-04
8.126619200091945312e+12 4.404570060602004656e-04
8.296958520834915039e+12 4.285902745455827888e-04
8.470868266557419922e+12 4.169983687708514420e-04
8.648423275731745117e+12 4.056772465489114532e-04
8.829699955494082031e+12 3.946277275596489628e-04
9.014776314524917969e+12 3.838425944595796131e-04
9.203731996618228516e+12 3.733102172987388598e-04
9.396648314954669922e+12 3.630268252692665158e-04
9.593608287093126953e+12 3.529930633764613731e-04
9.794696670695386719e+12 3.432022739489685157e-04
1.000000000000000000e+13 3.336438000882068996e-04
1.020960662306047461e+13 3.243141234113563012e-04
1.042360673976403125e+13 3.152137300956993436e-04
1.064209244064726758e+13 3.063364810802361293e-04
1.086515774652537305e+13 2.976726188465043878e-04
1.109289864895222656e+13 2.892188599336422469e-04
1.132541315152812695e+13 2.809755466652580228e-04
1.156280131207373047e+13 2.729370204398425329e-04
1.180516528568803125e+13 2.650943545386036685e-04
1.205260936870841211e+13 2.574444842610124854e-04
1.230524004359261523e+13 2.499876222138203066e-04
1.256316602474121484e+13 2.427185548153419734e-04
1.282649830528062695e+13 2.356291223232066345e-04
1.309535020482670312e+13 2.287164638762784912e-04
1.336983741824945312e+13 2.219806756967778664e-04
1.365007806546013672e+13 2.154169563089172669e-04
1.393619274224143359e+13 2.090178535705501596e-04
1.422830457214349023e+13 2.027806966859897482e-04
1.452653925946778320e+13 1.967054780528845043e-04
1.483102514336102734e+13 1.907877777407559811e-04
1.514189325304351953e+13 1.850207959890412686e-04
1.545927736419478516e+13 1.794020393537655816e-04
1.578331405652119727e+13 1.739314082259706042e-04
1.611414277253023242e+13 1.686048358523897035e-04
1.645190587753660742e+13 1.634161235227716777e-04
1.679674872092653125e+13 1.583629434109178535e-04
1.714881969870541016e+13 1.534451150060415472e-04
1.750827031735719922e+13 1.486588984068651495e-04
1.787525525904231641e+13 1.439986482578279236e-04
1.824993244816150391e+13 1.394621915210821972e-04
1.863246311931559766e+13 1.350492772034462196e-04
1.902301188668945703e+13 1.307564678336661681e-04
1.942174681489028516e+13 1.265786271154902270e-04
1.982883949127075391e+13 1.225137268052351206e-04
2.024446509976801562e+13 1.185614551873973965e-04
2.066880249629082031e+13 1.147186545720696921e-04
2.110203428568596484e+13 1.109806566077914787e-04
2.154434690031877734e+13 1.073455686211678071e-04
2.199593068030070312e+13 1.038130273001215448e-04
2.245697995539771484e+13 1.003801337393395198e-04
2.292769312865648828e+13 9.704264939314168807e-05
2.340827276178294141e+13 9.379880864452211039e-05
2.389892566231052344e+13 9.064820509980700102e-05
2.439986297259555078e+13 8.758817917999476416e-05
2.491130026067785938e+13 8.461488678976905814e-05
2.543345761304648438e+13 8.172668150817532899e-05
2.596655972934872656e+13 7.892312178623093761e-05
2.651083601908530859e+13 7.620176934541519898e-05
2.706652070033235938e+13 7.355914178917940160e-05
2.763385290053166797e+13 7.099370463309232859e-05
2.821307675939470703e+13 6.850498853154524245e-05
2.880444153396297656e+13 6.609075981395739693e-05
2.940820170587066797e+13 6.374786746628848281e-05
3.002461709085555078e+13 6.147488223251711765e-05
3.065395295056535938e+13 5.927131378108588770e-05
3.129648010670750391e+13 5.713511759679113834e-05
3.195247505759213672e+13 5.506344600897606018e-05
3.262222009711659766e+13 5.305496878672487078e-05
3.330600343624581641e+13 5.110918089358759968e-05
3.400411932703702734e+13 4.922421266972300670e-05
3.471686818926559766e+13 4.739749387712542135e-05
3.544455673970435938e+13 4.562778756768712745e-05
3.618749812411284375e+13 4.391457976879726801e-05
3.694601205199309375e+13 4.225616244617570928e-05
3.772042493417008594e+13 4.065021887212407072e-05
3.851107002325568750e+13 3.909560005873615010e-05
3.931828755705770312e+13 3.759178836986605928e-05
4.014242490499309375e+13 3.613722515966335099e-05
4.098383671757252344e+13 3.472982514477836364e-05
4.184288507901575781e+13 3.336852235548502105e-05
4.271993966306776562e+13 3.205280028385966586e-05
4.361537789208005469e+13 3.078123835480515411e-05
4.452958509942659375e+13 2.955196239500732704e-05
4.546295469532408594e+13 2.836398485448445302e-05
4.641588833612791406e+13 2.721679467872173771e-05
4.738879609717650781e+13 2.610909889596296248e-05
4.838209664925957031e+13 2.503921572227405749e-05
4.939621743878305469e+13 2.400623173742320651e-05
5.043159487171348438e+13 2.300964521252007907e-05
5.148867450137487500e+13 2.204828109659424986e-05
5.256791122018419531e+13 2.112063277637049746e-05
5.366976945540475781e+13 2.022585694672166621e-05
5.479472336900292188e+13 1.936346463678500750e-05
5.594325706169388281e+13 1.853238975688504557e-05
5.711586478126446875e+13 1.773128504172252187e-05
5.831305113526218750e+13 1.695937353061635126e-05
5.953533130814369531e+13 1.621618201596208156e-05
6.078323128297210938e+13 1.550074507438385364e-05
6.205728806776487500e+13 1.481186026123268266e-05
6.335804992658241406e+13 1.414881340389931900e-05
6.468607661546320312e+13 1.351114964845250428e-05
6.604193962330304688e+13 1.289799655181471937e-05
6.742622241778349219e+13 1.230828316234718703e-05
6.883952069645510938e+13 1.174135472549944697e-05
7.028244264308367188e+13 1.119677692894057106e-05
7.175560918936920312e+13 1.067376318055210119e-05
7.325965428215229688e+13 1.017136180295194038e-05
7.479522515621796875e+13 9.688974250033906182e-06
7.636298261282225000e+13 9.226188549233300544e-06
7.796360130405220312e+13 8.782297337532709761e-06
7.959777002314978125e+13 8.356457015793452168e-06
8.126619200091945312e+13 7.948122173109767891e-06
8.296958520834914062e+13 7.556904598181411979e-06
8.470868266557418750e+13 7.182169996470390889e-06
8.648423275731743750e+13 6.823172592081127814e-06
8.829699955494082812e+13 6.479417150446701372e-06
9.014776314524917188e+13 6.150540280237244002e-06
9.203731996618229688e+13 5.835975012948440680e-06
9.396648314954671875e+13 5.535064004731409594e-06
9.593608287093126562e+13 5.247359333191045436e-06
9.794696670695385938e+13 4.972523137788407895e-06
1.000000000000000000e+14 4.710050411925929641e-06
1.020960662306047656e+14 4.459363643673325511e-06
1.042360673976403281e+14 4.220059436099714700e-06
1.064209244064726875e+14 3.991825838656408574e-06
1.086515774652537188e+14 3.774214784431346508e-06
1.109289864895222656e+14 3.566720716294212508e-06
1.132541315152812656e+14 3.368982039087074584e-06
1.156280131207372969e+14 3.180712777753996509e-06
1.180516528568803125e+14 3.001517091904714444e-06
1.205260936870841250e+14 2.830954161742929774e-06
1.230524004359261562e+14 2.668701521622315397e-06
1.256316602474121406e+14 2.514498943519516965e-06
1.282649830528062500e+14 2.367998380267832746e-06
1.309535020482670312e+14 2.228817133054645005e-06
1.336983741824945156e+14 2.096669236402429563e-06
1.365007806546013906e+14 1.971319708645445458e-06
1.393619274224143594e+14 1.852464117051010029e-06
1.422830457214349062e+14 1.739771814994841556e-06
1.452653925946778125e+14 1.632990745477304405e-06
1.483102514336102812e+14 1.531910424218477127e-06
1.514189325304351875e+14 1.436266087228330677e-06
1.545927736419478438e+14 1.345773570393884025e-06
1.578331405652119688e+14 1.260212169250075479e-06
1.611414277253023125e+14 1.179394925807975834e-06
1.645190587753660625e+14 1.103093014858457239e-06
1.679674872092653125e+14 1.031063641002086132e-06
1.714881969870540938e+14 9.631149335585057856e-07
1.750827031735719688e+14 8.990822959172594315e-07
1.787525525904231875e+14 8.387693139741325524e-07
1.824993244816150312e+14 7.819698650241688611e-07
1.863246311931559688e+14 7.285184353008039010e-07
1.902301188668945625e+14 6.782714611377202025e-07
1.942174681489028438e+14 6.310616045565018467e-07
1.982883949127075312e+14 5.867151043030145786e-07
2.024446509976801875e+14 5.450903762676982051e-07
2.066880249629082188e+14 5.060634297262009621e-07
2.110203428568596562e+14 4.694928545053551365e-07
2.154434690031877812e+14 4.352332961528637766e-07
2.199593068030070312e+14 4.031647329724146597e-07
2.245697995539771562e+14 3.731811887716249180e-07
2.292769312865648750e+14 3.451642166781788837e-07
2.340827276178294375e+14 3.189932473295742720e-07
2.389892566231052500e+14 2.945675268305995507e-07
2.439986297259555000e+14 2.717974705046609787e-07
2.491130026067785938e+14 2.505848139392202547e-07
2.543345761304648125e+14 2.308304644666814831e-07
2.596655972934872500e+14 2.124507282202778732e-07
2.651083601908530625e+14 1.953707581385325613e-07
2.706652070033235938e+14 1.795098769834053552e-07
2.763385290053167188e+14 1.647874575125775099e-07
2.821307675939470625e+14 1.511347600238801478e-07
2.880444153396298125e+14 1.384900231310097873e-07
2.940820170587066250e+14 1.267877502624597264e-07
3.002461709085555000e+14 1.159630520065751934e-07
3.065395295056535625e+14 1.059601540057950884e-07
3.129648010670750625e+14 9.672876167442923067e-08
3.195247505759213750e+14 8.821634510699938042e-08
3.262222009711659375e+14 8.037129726852334510e-08
3.330600343624581250e+14 7.314895166685615820e-08
3.400411932703702500e+14 6.650892314947932091e-08
3.471686818926559375e+14 6.040963036240167416e-08
3.544455673970435625e+14 5.481055488022949561e-08
3.618749812411283750e+14 4.967642454651423751e-08
3.694601205199310000e+14 4.497529272730968859e-08
3.772042493417008750e+14 4.067470661666520884e-08
3.851107002325568750e+14 3.674329413216638353e-08
3.931828755705770000e+14 3.315361799536858691e-08
4.014242490499310000e+14 2.988080633031985949e-08
4.098383671757253125e+14 2.689991332178542584e-08
4.184288507901576250e+14 2.418701179629886034e-08
4.271993966306776875e+14 2.172110093019289355e-08
4.361537789208005625e+14 1.948314287209122463e-08
4.452958509942660000e+14 1.745427353420963397e-08
4.546295469532408750e+14 1.561653827526935461e-08
4.641588833612791250e+14 1.395413863664503412e-08
4.738879609717650625e+14 1.245276375251839674e-08
4.838209664925956875e+14 1.109839723793510548e-08
4.939621743878305000e+14 9.877800329727140798e-09
5.043159487171348125e+14 8.779306539514686357e-09
5.148867450137486875e+14 7.792363991597255936e-09
5.256791122018418750e+14 6.906753081592670537e-09
5.366976945540476250e+14 6.112894870574064951e-09
5.479472336900293125e+14 5.402343548877362543e-09
5.594325706169389375e+14 4.767477473580137223e-09
5.711586478126446250e+14 4.200994849488154577e-09
5.831305113526218750e+14 3.696104199452314804e-09
5.953533130814370000e+14 3.246819907339005025e-09
6.078323128297211250e+14 2.847756526534248630e-09
6.205728806776487500e+14 2.493809200884080555e-09
6.335804992658241250e+14 2.180266786205478026e-09
6.468607661546320000e+14 1.902982676118230732e-09
6.604193962330305000e+14 1.658239765038520500e-09
6.742622241778348750e+14 1.442551351949326556e-09
6.883952069645510000e+14 1.252725161338262863e-09
7.028244264308366250e+14 1.085957701858978962e-09
7.175560918936921250e+14 9.397468556279534764e-10
7.325965428215230000e+14 8.117699000344625664e-10
7.479522515621797500e+14 6.999175390519891863e-10
7.636298261282225000e+14 6.023431125426601546e-10
7.796360130405220000e+14 5.174068219959986825e-10
7.959777002314977500e+14 4.436022091676488570e-10
8.126619200091946250e+14 3.795727090560067392e-10
8.296958520834916250e+14 3.241353779341246662e-10
8.470868266557420000e+14 2.762458321620698339e-10
8.648423275731745000e+14 2.349546320249534400e-10
8.829699955494082500e+14 1.994142383119718304e-10
9.014776314524917500e+14 1.688891491399917280e-10
9.203731996618230000e+14 1.427342059253682941e-10
9.396648314954671250e+14 1.203691182583506728e-10
9.593608287093126250e+14 1.012805655226953851e-10
9.794696670695385000e+14 8.502561237063790888e-11
1.000000000000000000e+15 7.121851538197881368e-11
1.020960662306047500e+15 5.951607433796431100e-11
1.042360673976403250e+15 4.961757099112608309e-11
1.064209244064722375e+15 4.126521633261412689e-11
1.086515774652537375e+15 3.423628014195130251e-11
1.109289864895222875e+15 2.833480359222863617e-11
1.132541315152812750e+15 2.339079040477570805e-11
1.156280131207377750e+15 1.925959070460056483e-11
1.180516528568803000e+15 1.581730757850170837e-11
1.205260936870841250e+15 1.295619097838833748e-11
1.230524004359261500e+15 1.058374497682740347e-11
1.256316602474121500e+15 8.621916592961621684e-12
1.282649830528062500e+15 7.004481360468986482e-12
1.309535020482665000e+15 5.674534413921566204e-12
1.336983741824945250e+15 4.583766846093033879e-12
1.365007806546013750e+15 3.691787427406755594e-12
1.393619274224143500e+15 2.964676853508652211e-12
1.422830457214354750e+15 2.373653047040171904e-12
1.452653925946778250e+15 1.894567645642660052e-12
1.483102514336102750e+15 1.507434315014434621e-12
1.514189325304352000e+15 1.195655224094157305e-12
1.545927736419478500e+15 9.453305830124380510e-13
1.578331405652119500e+15 7.449431534203422094e-13
1.611414277253016750e+15 5.850662895866842921e-13
1.645190587753660750e+15 4.579653211256834595e-13
1.679674872092653250e+15 3.572519651383955467e-13
1.714881969870541000e+15 2.777027878119886686e-13
1.750827031735726750e+15 2.150941346264469361e-13
1.787525525904231750e+15 1.660052212942543692e-13
1.824993244816150500e+15 1.276517065736146154e-13
1.863246311931559750e+15 9.778892097693006345e-14
1.902301188668945750e+15 7.462564966812334616e-14
1.942174681489028250e+15 5.673135457340968000e-14
1.982883949127067250e+15 4.295951044145681834e-14
2.024446509976801750e+15 3.239964894255725001e-14
2.066880249629082000e+15 2.433556225568041004e-14
2.110203428568596500e+15 1.820382060989004456e-14
2.154434690031886500e+15 1.356019506255135508e-14
2.199593068030070500e+15 1.005755109404566143e-14
2.245697995539771750e+15 7.427020015434669196e-15
2.292769312865648500e+15 5.460491137372833158e-15
2.340827276178294500e+15 3.996714230570418460e-15
2.389892566231052500e+15 2.911831759919238693e-15
2.439986297259545000e+15 2.111504482031820595e-15
2.491130026067786000e+15 1.523974243470230496e-15
2.543345761304648500e+15 1.094661406072231838e-15
2.596655972934872000e+15 7.824068779559082538e-16
2.651083601908541500e+15 5.564221101456756813e-16
2.706652070033235500e+15 3.937229925719530086e-16
2.763385290053167000e+15 2.771695095202782168e-16
2.821307675939470500e+15 1.940880883626845682e-16
2.880444153396297500e+15 1.351812552064432033e-16
2.940820170587066500e+15 9.364667330453093516e-17
3.002461709085543000e+15 6.451739148167148738e-17
3.065395295056523500e+15 4.419736677151854077e-17
3.129648010670750500e+15 3.010325973751100519e-17
3.195247505759214000e+15 2.038545715408618925e-17
3.262222009711673500e+15 1.372346800123684264e-17
3.330600343624582000e+15 9.182611220771503473e-18
3.400411932703702500e+15 6.106417927879791302e-18
3.471686818926559500e+15 4.035664650742206667e-18
3.544455673970435500e+15 2.650297612612071421e-18
3.618749812411284000e+15 1.729191923045986864e-18
3.694601205199294500e+15 1.120769380227009272e-18
3.772042493416993500e+15 7.216087396803197590e-19
3.851107002325568500e+15 4.614645979069698606e-19
3.931828755705770000e+15 2.930483202993342146e-19
4.014242490499326000e+15 1.847804293774925467e-19
4.098383671757253000e+15 1.156842088615667203e-19
4.184288507901576000e+15 7.189979081585150103e-20
4.271993966306776500e+15 4.435316811228312893e-20
4.361537789208006000e+15 2.715267136849247390e-20
4.452958509942660000e+15 1.649582887066219071e-20
4.546295469532390000e+15 9.943482770658496808e-21
4.641588833612773000e+15 5.945771963044773376e-21
4.738879609717651000e+15 3.526355918415683282e-21
4.838209664925957000e+15 2.074302026029204203e-21
4.939621743878326000e+15 1.209956065723647942e-21
5.043159487171349000e+15 6.997060169513973342e-22
5.148867450137487000e+15 4.010955569683407046e-22
5.256791122018419000e+15 2.278992188176230901e-22
5.366976945540476000e+15 1.283271640361724613e-22
5.479472336900292000e+15 7.159215511616005007e-23
5.594325706169389000e+15 3.956541800580692664e-23
5.711586478126423000e+15 2.165920361487374959e-23
5.831305113526218000e+15 1.174241386074036943e-23
5.953533130814370000e+15 6.302951465099845381e-24
6.078323128297236000e+15 3.349104623196434559e-24
6.205728806776513000e+15 1.761491818130517470e-24
6.335804992658241000e+15 9.168635108726841566e-25
6.468607661546321000e+15 4.721468551409619642e-25
6.604193962330306000e+15 2.405015736449464323e-25
6.742622241778349000e+15 1.211690895575670323e-25
6.883952069645510000e+15 6.036656758285108811e-26
7.028244264308338000e+15 2.973036282402680979e-26
7.175560918936921000e+15 1.447158415672764670e-26
7.325965428215230000e+15 6.961519882293341490e-27
7.479522515621829000e+15 3.308672732719015647e-27
7.636298261282257000e+15 1.553192415908499999e-27
7.796360130405221000e+15 7.199856437295657834e-28
7.959777002314978000e+15 3.295371542356355997e-28
8.126619200091945000e+15 1.488839425542558605e-28
8.296958520834915000e+15 6.637509631926888616e-29
8.470868266557420000e+15 2.919264277591344206e-29
8.648423275731709000e+15 1.266490209762398496e-29
8.829699955494083000e+15 5.418286528037386441e-30
9.014776314524918000e+15 2.285046215320222109e-30
9.203731996618230000e+15 9.497055256191924184e-31
9.396648314954710000e+15 3.889439253321321050e-31
9.593608287093126000e+15 1.569099101181531888e-31
9.794696670695384000e+15 6.233182435055439177e-32
