1.020960662306047603e+07 1.756900822930465154e+02
1.042360673976401053e+07 1.718471060695532913e+02
1.064209244064724632e+07 1.680857696379741526e+02
1.086515774652537145e+07 1.644051084315807714e+02
1.109289864895222709e+07 1.608032557785832068e+02
1.132541315152812563e+07 1.572778556948756261e+02
1.156280131207375228e+07 1.538274841097842227e+02
1.180516528568805568e+07 1.504512520845736674e+02
1.205260936870841496e+07 1.471474420751064542e+02
1.230524004359261692e+07 1.439138872518458356e+02
1.256316602474121563e+07 1.407492768628405315e+02
1.282649830528059974e+07 1.376527916838000749e+02
1.309535020482667536e+07 1.346228515362526537e+02
1.336983741824945062e+07 1.316574637919823658e+02
1.365007806546013802e+07 1.287554220929955306e+02
1.393619274224143475e+07 1.259159714766194753e+02
1.422830457214351930e+07 1.231376582883663531e+02
1.452653925946781226e+07 1.204186503135950090e+02
1.483102514336102828e+07 1.177578373627403323e+02
1.514189325304351933e+07 1.151545237082955708e+02
1.545927736419478431e+07 1.126073722240626722e+02
1.578331405652116425e+07 1.101146984016185399e+02
1.611414277253019996e+07 1.076754806360653447e+02
1.645190587753660791e+07 1.052890778009215609e+02
1.679674872092653066e+07 1.029542600843625308e+02
1.714881969870540872e+07 1.006694789707510722e+02
1.750827031735723466e+07 9.843379445024972085e+01
1.787525525904235244e+07 9.624661572490590800e+01
1.824993244816150516e+07 9.410681180416007408e+01
1.863246311931559816e+07 9.201295936933908592e+01
1.902301188668945804e+07 8.996419356230198616e+01
1.942174681489024311e+07 8.795996997566648190e+01
1.982883949127071351e+07 8.599924861272367593e+01
2.024446509976801649e+07 8.408072140133988626e+01
2.066880249629081786e+07 8.220359269581949491e+01
2.110203428568596393e+07 8.036736084990307916e+01
2.154434690031882003e+07 7.857106964590199993e+01
2.199593068030074611e+07 7.681351708813535595e+01
2.245697995539776236e+07 7.509397127054238297e+01
2.292769312865648791e+07 7.341196996072659431e+01
2.340827276178294048e+07 7.176663407182792298e+01
2.389892566231048107e+07 7.015685923436410576e+01
2.439986297259550542e+07 6.858197223752495120e+01
2.491130026067791134e+07 6.704154717807973896e+01
2.543345761304648221e+07 6.553477597273935373e+01
2.596655972934872285e+07 6.406064409191854736e+01
2.651083601908536255e+07 6.261853237161892594e+01
2.706652070033241063e+07 6.120804839410649834e+01
2.763385290053172782e+07 5.982844943288169759e+01
2.821307675939470530e+07 5.847880362489981110e+01
2.880444153396297619e+07 5.715854156912791950e+01
2.940820170587060601e+07 5.586730171139194567e+01
3.002461709085549042e+07 5.460440148027087304e+01
3.065395295056529716e+07 5.336898506955595423e+01
3.129648010670750216e+07 5.216052889352868505e+01
3.195247505759213492e+07 5.097869984555096323e+01
3.262222009711666778e+07 4.982287071556821445e+01
3.330600343624588847e+07 4.869225566569878083e+01
3.400411932703709602e+07 4.758637328828908153e+01
3.471686818926559389e+07 4.650491669606990541e+01
3.544455673970435560e+07 4.544730962480664260e+01
3.618749812411276251e+07 4.441283059637455466e+01
3.694601205199302733e+07 4.340103702941220121e+01
3.772042493417001516e+07 4.241164620327639767e+01
3.851107002325568348e+07 4.144412873081919457e+01
3.931828755705770105e+07 4.049782232757662825e+01
4.014242490499317646e+07 3.957232015131332759e+01
4.098383671757261455e+07 3.866736175451120516e+01
4.184288507901584357e+07 3.778246087964240729e+01
4.271993966306776553e+07 3.691700967847164350e+01
4.361537789208005369e+07 3.607063420294201705e+01
4.452958509942659736e+07 3.524309453380269730e+01
4.546295469532398880e+07 3.443394409132825729e+01
4.641588833612781763e+07 3.364262508188953404e+01
4.738879609717650712e+07 3.286879383090652595e+01
4.838209664925957471e+07 3.211222933921607137e+01
4.939621743878325820e+07 3.137252152523302229e+01
5.043159487171358615e+07 3.064915861545498998e+01
5.148867450137497485e+07 2.994182479469471758e+01
5.256791122018418461e+07 2.925031650106180336e+01
5.366976945540475845e+07 2.857425722316757444e+01
5.479472336900292337e+07 2.791317749275020077e+01
5.594325706169377267e+07 2.726678713025995293e+01
5.711586478126434237e+07 2.663489864432380116e+01
5.831305113526218385e+07 2.601716639729357539e+01
5.953533130814369768e+07 2.541315980602163549e+01
6.078323128297235817e+07 2.482261227837583561e+01
6.205728806776500493e+07 2.424535113377615048e+01
6.335804992658253759e+07 2.368105912507163069e+01
6.468607661546321213e+07 2.312934140587868370e+01
6.604193962330305576e+07 2.258995308513817335e+01
6.742622241778348386e+07 2.206273513163402100e+01
6.883952069645495713e+07 2.154739640244104848e+01
7.028244264308351278e+07 2.104357488988669189e+01
7.175560918936920166e+07 2.055104566658727450e+01
7.325965428215231001e+07 2.006966228033905253e+01
7.479522515621829033e+07 1.959915758737707847e+01
7.636298261282241344e+07 1.913919975149084252e+01
7.796360130405236781e+07 1.868958220898632661e+01
7.959777002314977348e+07 1.825017009984648553e+01
8.126619200091944635e+07 1.782071834181913772e+01
8.296958520834915340e+07 1.740092281527546092e+01
8.470868266557401419e+07 1.699059384694986363e+01
8.648423275731725991e+07 1.658960725957782145e+01
8.829699955494081974e+07 1.619773824844378751e+01
9.014776314524917305e+07 1.581470815174981581e+01
9.203731996618229151e+07 1.544034283009446717e+01
9.396648314954690635e+07 1.507452795053266925e+01
9.593608287093147635e+07 1.471705734393307807e+01
9.794696670695386827e+07 1.436767572807831783e+01
1.000000000000000000e+08 1.402622324841596146e+01
1.020960662306047529e+08 1.369259464342071553e+01
1.042360673976403177e+08 1.336660086844788609e+01
1.064209244064722359e+08 1.304800810883205564e+01
1.086515774652537256e+08 1.273666964488857545e+01
1.109289864895222783e+08 1.243248857426183207e+01
1.132541315152812600e+08 1.213529158603934199e+01
1.156280131207377762e+08 1.184486457428648087e+01
1.180516528568803072e+08 1.156107289559212070e+01
1.205260936870841384e+08 1.128382735012343829e+01
1.230524004359261543e+08 1.101296908102578875e+01
1.256316602474121451e+08 1.074830207337525856e+01
1.282649830528062433e+08 1.048970278555398927e+01
1.309535020482665002e+08 1.023708911499772256e+01
1.336983741824945360e+08 9.990315481471611747e+00
1.365007806546013653e+08 9.749202473342013064e+00
1.393619274224143326e+08 9.513636753785609912e+00
1.422830457214354575e+08 9.283542759641804309e+00
1.452653925946778059e+08 9.058787104008073854e+00
1.483102514336102903e+08 8.839205610529170087e+00
1.514189325304352045e+08 8.624694321630542504e+00
1.545927736419478357e+08 8.415183699304298770e+00
1.578331405652119517e+08 8.210551553493646182e+00
1.611414277253016531e+08 8.010647685273575291e+00
1.645190587753660679e+08 7.815376756566408289e+00
1.679674872092653215e+08 7.624674780563085896e+00
1.714881969870540798e+08 7.438429847415571672e+00
1.750827031735726893e+08 7.256504579344762007e+00
1.787525525904231668e+08 7.078811558600165199e+00
1.824993244816150367e+08 6.905291912649329511e+00
1.863246311931559741e+08 6.735843168885315535e+00
1.902301188668946028e+08 6.570339707809409902e+00
1.942174681489028633e+08 6.408701388621821593e+00
1.982883949127075374e+08 6.250874050402098092e+00
2.024446509976801872e+08 6.096763882524557587e+00
2.066880249629082084e+08 5.946256046952041352e+00
2.110203428568596542e+08 5.799277087918395246e+00
2.154434690031886399e+08 5.655777184942134994e+00
2.199593068030070364e+08 5.515670476511981946e+00
2.245697995539771616e+08 5.378852008446612487e+00
2.292769312865648568e+08 5.245254465443796477e+00
2.340827276178294122e+08 5.114832025321172537e+00
2.389892566231052577e+08 4.987506120312624525e+00
2.439986297259555161e+08 4.863180855352466914e+00
2.491130026067785919e+08 4.741794554648581794e+00
2.543345761304648221e+08 4.623305078987785421e+00
2.596655972934872508e+08 4.507640551839487308e+00
2.651083601908541918e+08 4.394713379648298002e+00
2.706652070033235550e+08 4.284467065300627375e+00
2.763385290053166747e+08 4.176862861911366132e+00
2.821307675939470530e+08 4.071835030406426803e+00
2.880444153396297693e+08 3.969303582840483458e+00
2.940820170587067008e+08 3.869216776943628311e+00
3.002461709085555673e+08 3.771538990282351289e+00
3.065395295056523085e+08 3.676210112265685392e+00
3.129648010670750141e+08 3.583157121472474227e+00
3.195247505759213567e+08 3.492332640714645997e+00
3.262222009711673260e+08 3.403703925105487027e+00
3.330600343624581695e+08 3.317216024803126828e+00
3.400411932703702450e+08 3.232802298117994688e+00
3.471686818926559091e+08 3.150419374507965831e+00
3.544455673970435262e+08 3.070037159071443256e+00
3.618749812411283851e+08 2.991605432968667433e+00
3.694601205199309587e+08 2.915063395509286615e+00
3.772042493416993618e+08 2.840371353249046216e+00
3.851107002325568795e+08 2.767501651517676020e+00
3.931828755705770254e+08 2.696408407678548613e+00
4.014242490499325991e+08 2.627036167552497581e+00
4.098383671757252812e+08 2.559348611781122163e+00
4.184288507901575565e+08 2.493320332635160952e+00
4.271993966306776404e+08 2.428909421024080473e+00
4.361537789208005667e+08 2.366065315457049234e+00
4.452958509942659736e+08 2.304754792125031315e+00
4.546295469532408714e+08 2.244954512085814091e+00
4.641588833612772226e+08 2.186626206723775834e+00
4.738879609717651010e+08 2.129723790820464924e+00
4.838209664925957322e+08 2.074216880092754955e+00
4.939621743878325820e+08 2.020084040202705378e+00
5.043159487171348333e+08 1.967290337138670742e+00
5.148867450137487054e+08 1.915793779938451236e+00
5.256791122018419504e+08 1.865566588546015536e+00
5.366976945540476441e+08 1.816589081903013270e+00
5.479472336900292635e+08 1.768829379777651312e+00
5.594325706169389486e+08 1.722249235064714945e+00
5.711586478126422167e+08 1.676823255699375625e+00
5.831305113526217937e+08 1.632533374451996533e+00
5.953533130814369917e+08 1.589350507066079388e+00
6.078323128297235966e+08 1.547239828967063247e+00
6.205728806776486635e+08 1.506178137381033455e+00
6.335804992658240795e+08 1.466148850403386161e+00
6.468607661546320915e+08 1.427125443124486859e+00
6.604193962330304384e+08 1.389076218878345426e+00
6.742622241778348684e+08 1.351979981639919615e+00
6.883952069645509720e+08 1.315821516400162539e+00
7.028244264308338165e+08 1.280576640439348157e+00
7.175560918936921358e+08 1.246216514931058450e+00
7.325965428215229511e+08 1.212721782909534696e+00
7.479522515621827841e+08 1.180078487135815646e+00
7.636298261282258034e+08 1.148264587818707438e+00
7.796360130405220985e+08 1.117253856460919570e+00
7.959777002314977646e+08 1.087028621132425155e+00
8.126619200091946125e+08 1.057576081802603651e+00
8.296958520834914446e+08 1.028876158812052743e+00
8.470868266557419300e+08 1.000905007203000796e+00
8.648423275731709003e+08 9.736464986306607727e-01
8.829699955494083166e+08 9.470888976075579890e-01
9.014776314524917603e+08 9.212139169425178631e-01
9.203731996618230343e+08 8.959998874611478925e-01
9.396648314954710007e+08 8.714320945111175831e-01
9.593608287093126774e+08 8.474997817746947604e-01
9.794696670695385933e+08 8.241863007640448657e-01
1.000000000000000000e+09 8.014719678121356994e-01
1.020960662306047559e+09 7.793433627073828029e-01
1.042360673976403356e+09 7.577906296345822135e-01
1.064209244064726830e+09 7.367986178260139685e-01
1.086515774652537346e+09 7.163494548991783395e-01
1.109289864895222664e+09 6.964309056098858530e-01
1.132541315152812481e+09 6.770339421684494763e-01
1.156280131207372904e+09 6.581447822876935749e-01
1.180516528568803072e+09 6.397472053795865143e-01
1.205260936870841503e+09 6.218300606877442682e-01
1.230524004359261513e+09 6.043850816780604873e-01
1.256316602474121332e+09 5.873997360894341879e-01
1.282649830528062582e+09 5.708593091666800401e-01
1.309535020482670307e+09 5.547536424331110938e-01
1.336983741824945211e+09 5.390751690951599562e-01
1.365007806546013832e+09 5.238124983763434717e-01
1.393619274224143505e+09 5.089522878055031674e-01
1.422830457214349031e+09 4.944852865784975515e-01
1.452653925946778297e+09 4.804045709792214569e-01
1.483102514336102724e+09 4.666997922734514304e-01
1.514189325304351807e+09 4.533588581160573616e-01
1.545927736419478655e+09 4.403733477570309085e-01
1.578331405652119875e+09 4.277369283634669950e-01
1.611414277253023148e+09 4.154402021611444673e-01
1.645190587753660679e+09 4.034722152212765200e-01
1.679674872092653036e+09 3.918253056547729152e-01
1.714881969870540857e+09 3.804936834371738241e-01
1.750827031735726833e+09 3.694688183467484954e-01
1.787525525904231787e+09 3.587407927460374291e-01
1.824993244816150427e+09 3.483026383166723527e-01
1.863246311931559801e+09 3.381490635662410815e-01
1.902301188668945789e+09 3.282723294637769351e-01
1.942174681489028454e+09 3.186634613277280481e-01
1.982883949127075434e+09 3.093161245457999864e-01
2.024446509976801872e+09 3.002254853822393099e-01
2.066880249629082203e+09 2.913845261035086787e-01
2.110203428568596601e+09 2.827851297050001378e-01
2.154434690031886578e+09 2.744215404014849757e-01
2.199593068030070305e+09 2.662893446671095732e-01
2.245697995539771557e+09 2.583821821065804270e-01
2.292769312865648746e+09 2.506927155005460039e-01
2.340827276178294182e+09 2.432157175909283042e-01
2.389892566231052876e+09 2.359471604908620901e-01
2.439986297259555340e+09 2.288812826309253035e-01
2.491130026067785740e+09 2.220114554531703033e-01
2.543345761304647923e+09 2.153329341348904358e-01
2.596655972934872150e+09 2.088420446000337771e-01
2.651083601908541679e+09 2.025335705896689764e-01
2.706652070033235550e+09 1.964015272846357796e-01
2.763385290053166866e+09 1.904416100700781489e-01
2.821307675939470768e+09 1.846504693813985076e-01
2.880444153396297932e+09 1.790233853371464567e-01
2.940820170587066650e+09 1.735549576163109009e-01
3.002461709085555077e+09 1.682412831326436098e-01
3.065395295056523800e+09 1.630793098643880112e-01
3.129648010670750618e+09 1.580647695788978402e-01
3.195247505759213448e+09 1.531927924133747176e-01
3.262222009711673260e+09 1.484598413902097624e-01
3.330600343624581814e+09 1.438631372114568263e-01
3.400411932703702450e+09 1.393988224174891599e-01
3.471686818926559448e+09 1.350625083270204640e-01
3.544455673970435619e+09 1.308509916431101761e-01
3.618749812411283970e+09 1.267617429530898954e-01
3.694601205199309826e+09 1.227912782278873655e-01
3.772042493416993618e+09 1.189356450504016061e-01
3.851107002325568676e+09 1.151919441226560287e-01
3.931828755705770016e+09 1.115578749049607327e-01
4.014242490499325752e+09 1.080302926947948605e-01
4.098383671757252693e+09 1.046056404102648357e-01
4.184288507901576042e+09 1.012812955919608071e-01
4.271993966306777000e+09 9.805516724415873353e-02
4.361537789208005905e+09 9.492441885352147224e-02
4.452958509942660332e+09 9.188585139438684712e-02
4.546295469532408714e+09 8.893709439869575129e-02
4.641588833612771988e+09 8.607624863682016014e-02
4.738879609717651367e+09 8.330075736641558148e-02
4.838209664925957680e+09 8.060774567581296957e-02
4.939621743878325462e+09 7.799507236399375043e-02
5.043159487171347618e+09 7.546101362006493729e-02
5.148867450137486458e+09 7.300326654398413273e-02
5.256791122018419266e+09 7.061924944728670273e-02
5.366976945540475845e+09 6.830702961907088311e-02
5.479472336900292397e+09 6.606504363798745838e-02
5.594325706169388771e+09 6.389121879786799352e-02
5.711586478126422882e+09 6.178323853145803457e-02
5.831305113526218414e+09 5.973935962734179539e-02
5.953533130814370155e+09 5.775816523951127213e-02
6.078323128297236443e+09 5.583779129488714715e-02
6.205728806776488304e+09 5.397616079347133250e-02
6.335804992658241272e+09 5.217170267107399534e-02
6.468607661546320915e+09 5.042313396263919251e-02
6.604193962330305099e+09 4.872877957787355441e-02
6.742622241778348923e+09 4.708677885799765483e-02
6.883952069645509720e+09 4.549571703580235910e-02
7.028244264308338165e+09 4.395443336470993695e-02
7.175560918936921120e+09 4.246142383558618172e-02
7.325965428215229988e+09 4.101502303010256395e-02
7.479522515621828079e+09 3.961395800491172847e-02
7.636298261282225609e+09 3.825717952065958022e-02
7.796360130405220985e+09 3.694333834712219822e-02
7.959777002314977646e+09 3.567094514585631565e-02
8.126619200091945648e+09 3.443885558644348838e-02
8.296958520834915161e+09 3.324612210198443080e-02
8.470868266557419777e+09 3.209153540188063730e-02
8.648423275731708527e+09 3.097376483729282967e-02
8.829699955494083405e+09 2.989178263657326154e-02
9.014776314524917603e+09 2.884473387814846801e-02
9.203731996618228912e+09 2.783153570932625845e-02
9.396648314954671860e+09 2.685100039549281545e-02
9.593608287093128204e+09 2.590220572941686478e-02
9.794696670695384979e+09 2.498438115187760766e-02
1.000000000000000000e+10 2.409655796896607513e-02
1.020960662306047440e+10 2.323767705754777382e-02
1.042360673976403236e+10 2.240691175118834921e-02
1.064209244064726830e+10 2.160356825561111568e-02
1.086515774652537155e+10 2.082678087393012578e-02
1.109289864895222664e+10 2.007560613385522830e-02
1.132541315152812576e+10 1.934930377523510700e-02
1.156280131207373047e+10 1.864724980296434895e-02
1.180516528568803024e+10 1.796867137602419645e-02
1.205260936870841217e+10 1.731272893529352611e-02
1.230524004359261703e+10 1.667876030637075943e-02
1.256316602474121475e+10 1.606620490937979082e-02
1.282649830528062630e+10 1.547437355013564324e-02
1.309535020482670403e+10 1.490251995877788123e-02
1.336983741824945259e+10 1.435005247126457627e-02
1.365007806546013641e+10 1.381646807487473330e-02
1.393619274224143410e+10 1.330115286420189939e-02
1.422830457214348984e+10 1.280344424868098095e-02
1.452653925946778107e+10 1.232281418117831852e-02
1.483102514336102867e+10 1.185881186152749033e-02
1.514189325304351997e+10 1.141089109164535563e-02
1.545927736419478416e+10 1.097846427306622789e-02
1.578331405652119637e+10 1.056106070594340154e-02
1.611414277253023148e+10 1.015827690244514546e-02
1.645190587753660774e+10 9.769627498938291202e-03
1.679674872092653275e+10 9.394592041088483531e-03
1.714881969870541000e+10 9.032751477380418503e-03
1.750827031735726929e+10 8.683745150429566032e-03
1.787525525904231644e+10 8.347142304318355341e-03
1.824993244816150284e+10 8.022482543951365772e-03
1.863246311931559753e+10 7.709393288937477391e-03
1.902301188668945694e+10 7.407552615510152802e-03
1.942174681489028549e+10 7.116578737839161437e-03
1.982883949127075195e+10 6.836064928560307841e-03
2.024446509976801682e+10 6.565680378155420993e-03
2.066880249629082108e+10 6.305138154004607740e-03
2.110203428568596649e+10 6.054100339562388383e-03
2.154434690031886673e+10 5.812208113487551085e-03
2.199593068030070114e+10 5.579168172741947283e-03
2.245697995539771652e+10 5.354725159402383937e-03
2.292769312865648651e+10 5.138580414403825722e-03
2.340827276178294373e+10 4.930417832489018132e-03
2.389892566231052399e+10 4.729977750837775427e-03
2.439986297259555435e+10 4.537033269659650724e-03
2.491130026067786026e+10 4.351320820830247189e-03
2.543345761304648209e+10 4.172562344010416827e-03
2.596655972934872437e+10 4.000528313907572402e-03
2.651083601908541489e+10 3.835017448069222377e-03
2.706652070033235550e+10 3.675797508002493982e-03
2.763385290053166962e+10 3.522624277577036250e-03
2.821307675939470673e+10 3.375295198209125706e-03
2.880444153396297836e+10 3.233632017500443108e-03
2.940820170587066650e+10 3.097430433920353183e-03
3.002461709085555267e+10 2.966476301227925858e-03
3.065395295056523514e+10 2.840591159540896936e-03
3.129648010670750427e+10 2.719617432199268256e-03
3.195247505759213638e+10 2.603375697153012189e-03
3.262222009711672974e+10 2.491678489948076676e-03
3.330600343624581909e+10 2.384368857586011310e-03
3.400411932703702927e+10 2.281307758828309429e-03
3.471686818926559448e+10 2.182337898231053244e-03
3.544455673970435333e+10 2.087295454656874945e-03
3.618749812411283875e+10 1.996042641943106266e-03
3.694601205199309540e+10 1.908457010459461327e-03
3.772042493416993713e+10 1.824400915163450340e-03
3.851107002325569153e+10 1.743731456060100809e-03
3.931828755705770111e+10 1.666327903185300637e-03
4.014242490499325562e+10 1.592082635046690887e-03
4.098383671757252502e+10 1.520875431951364959e-03
4.184288507901576233e+10 1.452581878820068031e-03
4.271993966306776428e+10 1.387096400169435121e-03
4.361537789208005524e+10 1.324324604611699669e-03
4.452958509942659760e+10 1.264161700591619197e-03
4.546295469532408905e+10 1.206499580056251061e-03
4.641588833612772369e+10 1.151246110436566876e-03
4.738879609717650604e+10 1.098318684080715289e-03
4.838209664925956726e+10 1.047626146927474813e-03
4.939621743878325653e+10 9.990747532745087103e-04
5.043159487171348572e+10 9.525842748650275747e-04
5.148867450137487030e+10 9.080825803707992137e-04
5.256791122018418884e+10 8.654905497278022426e-04
5.366976945540475464e+10 8.247270652866357235e-04
5.479472336900292206e+10 7.857224217218130528e-04
5.594325706169388580e+10 7.484137838415905577e-04
5.711586478126422882e+10 7.127326315102185681e-04
5.831305113526218414e+10 6.786089304553437731e-04
5.953533130814369965e+10 6.459822597137795854e-04
6.078323128297235870e+10 6.147980164364122944e-04
6.205728806776487732e+10 5.849969996148776967e-04
6.335804992658241272e+10 5.565188844436810400e-04
6.468607661546320343e+10 5.293114253741023440e-04
6.604193962330305481e+10 5.033272945026958040e-04
6.742622241778349304e+10 4.785154676777584942e-04
6.883952069645510864e+10 4.548241092996941270e-04
7.028244264308338928e+10 4.322081578351013860e-04
7.175560918936921692e+10 4.106267000972970652e-04
7.325965428215229797e+10 3.900358716206268049e-04
7.479522515621827698e+10 3.703912438614559563e-04
7.636298261282226562e+10 3.516540544089699150e-04
7.796360130405221558e+10 3.337890332159314417e-04
7.959777002314976501e+10 3.167585711913866071e-04
8.126619200091944885e+10 3.005246887207495775e-04
8.296958520834915161e+10 2.850541340253525823e-04
8.470868266557418823e+10 2.703165894130257567e-04
8.648423275731707764e+10 2.562798985690407255e-04
8.829699955494082642e+10 2.429116839295934120e-04
9.014776314524917603e+10 2.301835030225615807e-04
9.203731996618229675e+10 2.180693732695322153e-04
9.396648314954670715e+10 2.065418800977072229e-04
9.593608287093125916e+10 1.955735007906068653e-04
9.794696670695385742e+10 1.851399795780259985e-04
1.000000000000000000e+11 1.752191186109390271e-04
1.020960662306047516e+11 1.657876163523325382e-04
1.042360673976403351e+11 1.568221469258492646e-04
1.064209244064726715e+11 1.483020896632032714e-04
1.086515774652537231e+11 1.402085417526455484e-04
1.109289864895222778e+11 1.325217599151224193e-04
1.132541315152812653e+11 1.252220368202884646e-04
1.156280131207372894e+11 1.182918992594659467e-04
1.180516528568803101e+11 1.117153047777125452e-04
1.205260936870841370e+11 1.054755798679032084e-04
1.230524004359261475e+11 9.955612859019944934e-05
1.256316602474121399e+11 9.394219507683093954e-05
1.282649830528062439e+11 8.862021232905536799e-05
1.309535020482670288e+11 8.357614748040919272e-05
1.336983741824945221e+11 7.879607221553043984e-05
1.365007806546013794e+11 7.426756954319393706e-05
1.393619274224143372e+11 6.997920798461459957e-05
1.422830457214349060e+11 6.591921923921211554e-05
1.452653925946778259e+11 6.207595524309623004e-05
1.483102514336102905e+11 5.843900572015092292e-05
1.514189325304352112e+11 5.499877531104953711e-05
1.545927736419478455e+11 5.174543154933492286e-05
1.578331405652119751e+11 4.866926933080751162e-05
1.611414277253023071e+11 4.576159436071174124e-05
1.645190587753660583e+11 4.301438446513049989e-05
1.679674872092653198e+11 4.041945644452597509e-05
1.714881969870540771e+11 3.796875525494469104e-05
1.750827031735719604e+11 3.565504883962584195e-05
1.787525525904231873e+11 3.347165800748883361e-05
1.824993244816150513e+11 3.141179973416483831e-05
1.863246311931559753e+11 2.946881540680534623e-05
1.902301188668945618e+11 2.763671441900704723e-05
1.942174681489028320e+11 2.590995966748025711e-05
1.982883949127075500e+11 2.428295244547950580e-05
2.024446509976802063e+11 2.275021160599255231e-05
2.066880249629082031e+11 2.130679649692450244e-05
2.110203428568596497e+11 1.994813738086036623e-05
2.154434690031877747e+11 1.866963341394842186e-05
2.199593068030070190e+11 1.746679247604296026e-05
2.245697995539771729e+11 1.633555834176166844e-05
2.292769312865648804e+11 1.527217722606071304e-05
2.340827276178294067e+11 1.427288563971910161e-05
2.389892566231052551e+11 1.333401886569762552e-05
2.439986297259555054e+11 1.245226253680764743e-05
2.491130026067796021e+11 1.162454810182169834e-05
2.543345761304648132e+11 1.084781175122263635e-05
2.596655972934872437e+11 1.011907803904134017e-05
2.651083601908530884e+11 9.435652126471546960e-06
2.706652070033235779e+11 8.795038292997490626e-06
2.763385290053167114e+11 8.194754768175647647e-06
2.821307675939470825e+11 7.632397765684306289e-06
2.880444153396297607e+11 7.105787429476496520e-06
2.940820170587066650e+11 6.612904620648239462e-06
3.002461709085555420e+11 6.151749489800974854e-06
3.065395295056536255e+11 5.720390168375575487e-06
3.129648010670750732e+11 5.317072811919399245e-06
3.195247505759213257e+11 4.940172809559828305e-06
3.262222009711659546e+11 4.588087388597690746e-06
3.330600343624581909e+11 4.259272365468900127e-06
3.400411932703702393e+11 3.952324526033682765e-06
3.471686818926559448e+11 3.665944159766209608e-06
3.544455673970435181e+11 3.398853991268045108e-06
3.618749812411284180e+11 3.149826701662996490e-06
3.694601205199309692e+11 2.917746138143445352e-06
3.772042493417008667e+11 2.701578694655402863e-06
3.851107002325568848e+11 2.500312489288298148e-06
3.931828755705770264e+11 2.312977802491712231e-06
4.014242490499309692e+11 2.138692198662692136e-06
4.098383671757252808e+11 1.976638781012721398e-06
4.184288507901575928e+11 1.826020843683617716e-06
4.271993966306776123e+11 1.686076915139296739e-06
4.361537789208005371e+11 1.556113744661937724e-06
4.452958509942659912e+11 1.435489870040227874e-06
4.546295469532408447e+11 1.323582023581738023e-06
4.641588833612791138e+11 1.219796099551820671e-06
4.738879609717650757e+11 1.123591058315320605e-06
4.838209664925957031e+11 1.034466577519060091e-06
4.939621743878305664e+11 9.519383283730377131e-07
5.043159487171348267e+11 8.755458898584094913e-07
5.148867450137487183e+11 8.048699108557827161e-07
5.256791122018419189e+11 7.395228823258314125e-07
5.366976945540476074e+11 6.791310634419043001e-07
5.479472336900292969e+11 6.233401294915861720e-07
5.594325706169388428e+11 5.718273724158433629e-07
5.711586478126446533e+11 5.242948447039423354e-07
5.831305113526218262e+11 4.804562369898850076e-07
5.953533130814368896e+11 4.400408601580375655e-07
6.078323128297211914e+11 4.028022278169262850e-07
6.205728806776488037e+11 3.685129920128852338e-07
6.335804992658240967e+11 3.369554820820163376e-07
6.468607661546320801e+11 3.079244752026744975e-07
6.604193962330305176e+11 2.812331660058116860e-07
6.742622241778348389e+11 2.567094479829548217e-07
6.883952069645510254e+11 2.341891403586498817e-07
7.028244264308366699e+11 2.135178874757784134e-07
7.175560918936921387e+11 1.945552608547748558e-07
7.325965428215229492e+11 1.771720451677473555e-07
7.479522515621828613e+11 1.612454243016866016e-07
7.636298261282225342e+11 1.466602620826312025e-07
7.796360130405220947e+11 1.333118841391238106e-07
7.959777002314978027e+11 1.211041092112779381e-07
8.126619200091945801e+11 1.099458526452929163e-07
8.296958520834915771e+11 9.975197374641476385e-08
8.470868266557419434e+11 9.044513535958450491e-08
8.648423275731743164e+11 8.195438475327207495e-08
8.829699955494082031e+11 7.421277489329422570e-08
9.014776314524916992e+11 6.715791279842181572e-08
9.203731996618229980e+11 6.073318299595869402e-08
9.396648314954670410e+11 5.488673109019481845e-08
9.593608287093126221e+11 4.956981027803861671e-08
9.794696670695385742e+11 4.473712691151817365e-08
1.000000000000000000e+12 4.034763124794278606e-08
1.020960662306047485e+12 3.636379419238504591e-08
1.042360673976403198e+12 3.275046661197743493e-08
1.064209244064726929e+12 2.947509001599368253e-08
1.086515774652537354e+12 2.650819741478773107e-08
1.109289864895222656e+12 2.382290212442796155e-08
1.132541315152812744e+12 2.139411683859147327e-08
1.156280131207372803e+12 1.919867661746624442e-08
1.180516528568802979e+12 1.721564877951593488e-08
1.205260936870841309e+12 1.542597408560232452e-08
1.230524004359261719e+12 1.381193621549385657e-08
1.256316602474121338e+12 1.235722928493052092e-08
1.282649830528062500e+12 1.104714429459110660e-08
1.309535020482670410e+12 9.868319070618429065e-09
1.336983741824945068e+12 8.808380651059682819e-09
1.365007806546013672e+12 7.855978888786158168e-09
1.393619274224143311e+12 7.000894811848600116e-09
1.422830457214348877e+12 6.233867649883392118e-09
1.452653925946778320e+12 5.546355667126909955e-09
1.483102514336102783e+12 4.930549939339962231e-09
1.514189325304351807e+12 4.379434547549850748e-09
1.545927736419478516e+12 3.886667854135043950e-09
1.578331405652119873e+12 3.446423823879176634e-09
1.611414277253023193e+12 3.053394924839434583e-09
1.645190587753660889e+12 2.702823501366579567e-09
1.679674872092653076e+12 2.390420947855397772e-09
1.714881969870540771e+12 2.112263283065344443e-09
1.750827031735719727e+12 1.864788663632576436e-09
1.787525525904231689e+12 1.644812157410585472e-09
1.824993244816150391e+12 1.449471188911529045e-09
1.863246311931559814e+12 1.276157386245968198e-09
1.902301188668945801e+12 1.122511920727727608e-09
1.942174681489028320e+12 9.864311927275614833e-10
1.982883949127075439e+12 8.660303431898011973e-10
2.024446509976801758e+12 7.595991525714871631e-10
2.066880249629082031e+12 6.655969676316664142e-10
2.110203428568596680e+12 5.826537665955260083e-10
2.154434690031877930e+12 5.095459889403146202e-10
2.199593068030070312e+12 4.451682498984363187e-10
2.245697995539771484e+12 3.885287217906678585e-10
2.292769312865648926e+12 3.387481244248260259e-10
2.340827276178293945e+12 2.950438787063105766e-10
2.389892566231052246e+12 2.567121320127506799e-10
2.439986297259555176e+12 2.231239373699885229e-10
2.491130026067796387e+12 1.937235388909938918e-10
2.543345761304647949e+12 1.680180962997741488e-10
2.596655972934872070e+12 1.455663732414658739e-10
2.651083601908530762e+12 1.259757707903744762e-10
2.706652070033235840e+12 1.089005834699008468e-10
2.763385290053166992e+12 9.403541412788114826e-11
2.821307675939470703e+12 8.110812840476047323e-11
2.880444153396297852e+12 6.987765880133490256e-11
2.940820170587066406e+12 6.013251595892208965e-11
3.002461709085555176e+12 5.168662132916345700e-11
3.065395295056536133e+12 4.437496686777575643e-11
3.129648010670750488e+12 3.805205169407418046e-11
3.195247505759213867e+12 3.259072737625666639e-11
3.262222009711660156e+12 2.787959597993593067e-11
3.330600343624582031e+12 2.382036764241125974e-11
3.400411932703702637e+12 2.032678466870024922e-11
3.471686818926559082e+12 1.732378186929990910e-11
3.544455673970435547e+12 1.474588523798481262e-11
3.618749812411284180e+12 1.253562351022793626e-11
3.694601205199310059e+12 1.064281013714407368e-11
3.772042493417008789e+12 9.023962069169110398e-12
3.851107002325568848e+12 7.641329325939872389e-12
3.931828755705770020e+12 6.461953122570128004e-12
4.014242490499309570e+12 5.457200296074287229e-12
4.098383671757252930e+12 4.602377100113435589e-12
4.184288507901576172e+12 3.876150707119760625e-12
4.271993966306776855e+12 3.259998915536891051e-12
4.361537789208005859e+12 2.737916513492856767e-12
4.452958509942660156e+12 2.296167719572301535e-12
4.546295469532409180e+12 1.922947325745223161e-12
4.641588833612791016e+12 1.608064276743725368e-12
4.738879609717650391e+12 1.342761426110239193e-12
4.838209664925957031e+12 1.119562003015050786e-12
4.939621743878305664e+12 9.320748008961995348e-13
5.043159487171347656e+12 7.748153380378399214e-13
5.148867450137486328e+12 6.430981548191608106e-13
5.256791122018418945e+12 5.329445252693939402e-13
5.366976945540475586e+12 4.409726623282215977e-13
5.479472336900291992e+12 3.642984935206998307e-13
5.594325706169388672e+12 3.004730190251444923e-13
5.711586478126446289e+12 2.474284931163676104e-13
5.831305113526218750e+12 2.034178362299009183e-13
5.953533130814370117e+12 1.669606673541844755e-13
6.078323128297210938e+12 1.368078527803960189e-13
6.205728806776487305e+12 1.119110456158379044e-13
6.335804992658241211e+12 9.138999109967579160e-14
6.468607661546321289e+12 7.450379303073046461e-14
6.604193962330305664e+12 6.063140188999506602e-14
6.742622241778348633e+12 4.925488202786128272e-14
6.883952069645509766e+12 3.994218170325007520e-14
7.028244264308366211e+12 3.233217938754265414e-14
7.175560918936920898e+12 2.612424688822047871e-14
7.325965428215229492e+12 2.106933061175475583e-14
7.479522515621797852e+12 1.696109597537140220e-14
7.636298261282225586e+12 1.362833198364623339e-14
7.796360130405220703e+12 1.092953012814940322e-14
7.959777002314977539e+12 8.748274295413985994e-15
8.126619200091945312e+12 6.988808097404113177e-15
8.296958520834915039e+12 5.572275428692848734e-15
8.470868266557419922e+12 4.433988748757573579e-15
8.648423275731745117e+12 3.521119838270466978e-15
8.829699955494082031e+12 2.790542081283892226e-15
9.014776314524917969e+12 2.207020093170815858e-15
9.203731996618228516e+12 1.741875737469984823e-15
9.396648314954669922e+12 1.371868195885226846e-15
9.593608287093126953e+12 1.078174090870336410e-15
9.794696670695386719e+12 8.455407063737357917e-16
1.000000000000000000e+13 6.616554414265830818e-16
1.020960662306047461e+13 5.166205031201680390e-16
1.042360673976403125e+13 4.024855564609682963e-16
1.064209244064726758e+13 3.128636682850249211e-16
1.086515774652537305e+13 2.426431862537232782e-16
1.109289864895222656e+13 1.877497174311241062e-16
1.132541315152812695e+13 1.449388435605599402e-16
1.156280131207373047e+13 1.116275115113791567e-16
1.180516528568803125e+13 8.576694174760715539e-17
1.205260936870841211e+13 6.573858326126762866e-17
1.230524004359261523e+13 5.026527892797858902e-17
1.256316602474121484e+13 3.833974205688288377e-17
1.282649830528062695e+13 2.917051970793396269e-17
1.309535020482670312e+13 2.213818031612419829e-17
1.336983741824945312e+13 1.675859263683777644e-17
1.365007806546013672e+13 1.265366528389280438e-17
1.393619274224143359e+13 9.529236608351060690e-18
1.422830457214349023e+13 7.157330528351196573e-18
1.452653925946778320e+13 5.361542882975276668e-18
1.483102514336102734e+13 4.005519184597816705e-18
1.514189325304351953e+13 2.984263482769485257e-18
1.545927736419478516e+13 2.217238210443298915e-18
1.578331405652119727e+13 1.642776029192309711e-18
1.611414277253023242e+13 1.213721304780594329e-18
1.645190587753660742e+13 8.941540690241096573e-19
1.679674872092653125e+13 6.568183613357546194e-19
1.714881969870541016e+13 4.810731417466412111e-19
1.750827031735719922e+13 3.513118661846732200e-19
1.787525525904231641e+13 2.557806372327476039e-19
1.824993244816150391e+13 1.856614088818034360e-19
1.863246311931559766e+13 1.343530223276464563e-19
1.902301188668945703e+13 9.692307360084432549e-20
1.942174681489028516e+13 6.970070435845714700e-20
1.982883949127075391e+13 4.996461696536163840e-20
2.024446509976801562e+13 3.570223051578890691e-20
2.066880249629082031e+13 2.542826484152389471e-20
2.110203428568596484e+13 1.805103085174174906e-20
2.154434690031877734e+13 1.277131043533164656e-20
2.199593068030070312e+13 9.005510081039248796e-21
2.245697995539771484e+13 6.328500171104971923e-21
2.292769312865648828e+13 4.431871550539009430e-21
2.340827276178294141e+13 3.092792191904424806e-21
2.389892566231052344e+13 2.150710471868821280e-21
2.439986297259555078e+13 1.490252917165841501e-21
2.491130026067785938e+13 1.028864032869413640e-21
2.543345761304648438e+13 7.077147963060670588e-22
2.596655972934872656e+13 4.850096936618971021e-22
2.651083601908530859e+13 3.311406558474590870e-22
2.706652070033235938e+13 2.252249550571535287e-22
2.763385290053166797e+13 1.525961839189854018e-22
2.821307675939470703e+13 1.029870567820493824e-22
2.880444153396297656e+13 6.923255421176303301e-23
2.940820170587066797e+13 4.635510047025731859e-23
3.002461709085555078e+13 3.091179797392363338e-23
3.065395295056535938e+13 2.052949390455329803e-23
3.129648010670750391e+13 1.357797933944488199e-23
3.195247505759213672e+13 8.942611840986073289e-24
3.262222009711659766e+13 5.864687084506153451e-24
3.330600343624581641e+13 3.829685936084214157e-24
3.400411932703702734e+13 2.489967603289546633e-24
3.471686818926559766e+13 1.611775213077976246e-24
3.544455673970435938e+13 1.038659241150548643e-24
3.618749812411284375e+13 6.663233788623841995e-25
3.694601205199309375e+13 4.255134888265284592e-25
3.772042493417008594e+13 2.704733439604591513e-25
3.851107002325568750e+13 1.711176058262868365e-25
3.931828755705770312e+13 1.077477761700177822e-25
4.014242490499309375e+13 6.752068175039263312e-26
4.098383671757252344e+13 4.210611553741158209e-26
4.184288507901575781e+13 2.612811978291215948e-26
4.271993966306776562e+13 1.613276443279187813e-26
4.361537789208005469e+13 9.910988841325053552e-27
4.452958509942659375e+13 6.057536707863211148e-27
4.546295469532408594e+13 3.683148266741181942e-27
4.641588833612791406e+13 2.227758431637503875e-27
4.738879609717650781e+13 1.340327607955000641e-27
4.838209664925957031e+13 8.020646087152134797e-28
4.939621743878305469e+13 4.773476768056017980e-28
5.043159487171348438e+13 2.825319392220552295e-28
5.148867450137487500e+13 1.662930128417539879e-28
5.256791122018419531e+13 9.732263254797480373e-29
5.366976945540475781e+13 5.663134355459048901e-29
5.479472336900292188e+13 3.276285207611890035e-29
5.594325706169388281e+13 1.884312319419939268e-29
5.711586478126446875e+13 1.077278817886045510e-29
5.831305113526218750e+13 6.121745754654913882e-30
5.953533130814369531e+13 3.457573102819597415e-30
6.078323128297210938e+13 1.940791453794082293e-30
6.205728806776487500e+13 1.082563492253936226e-30
6.335804992658241406e+13 6.000131435022342762e-31
6.468607661546320312e+13 3.304275316282287910e-31
6.604193962330304688e+13 1.807840477545676530e-31
6.742622241778349219e+13 9.825750965851363690e-32
6.883952069645510938e+13 5.304651928683351038e-32
7.028244264308367188e+13 2.844505716815102245e-32
7.175560918936920312e+13 1.514863658753872743e-32
7.325965428215229688e+13 8.011393617893070121e-33
7.479522515621796875e+13 4.206993227523764083e-33
7.636298261282225000e+13 2.193491818756364250e-33
7.796360130405220312e+13 1.135419297579916560e-33
7.959777002314978125e+13 5.834195912827394457e-34
8.126619200091945312e+13 2.975563450380417190e-34
8.296958520834914062e+13 1.506225340255846230e-34
8.470868266557418750e+13 7.566519841891815567e-35
8.648423275731743750e+13 3.771669583391470376e-35
8.829699955494082812e+13 1.865343041050530951e-35
9.014776314524917188e+13 9.152465691751383850e-36
9.203731996618229688e+13 4.454736331099634576e-36
9.396648314954671875e+13 2.150568486394805265e-36
9.593608287093126562e+13 1.029640236362063936e-36
9.794696670695385938e+13 4.888581980078509364e-37
1.000000000000000000e+14 2.301402898282265168e-37
1.020960662306047656e+14 1.074124442304196992e-37
1.042360673976403281e+14 4.969575841718180823e-38
1.064209244064726875e+14 2.279021168218991986e-38
1.086515774652537188e+14 1.035823384297342668e-38
1.109289864895222656e+14 4.665175291467188017e-39
1.132541315152812656e+14 2.081816868350378670e-39
1.156280131207372969e+14 9.203818403191035512e-40
1.180516528568803125e+14 4.030743140001194995e-40
1.205260936870841250e+14 1.748344043840017226e-40
1.230524004359261562e+14 7.509955262133580564e-41
1.256316602474121406e+14 3.194273232984052757e-41
1.282649830528062500e+14 1.345141603203479897e-41
1.309535020482670312e+14 5.607310681046384032e-42
1.336983741824945156e+14 2.313514568698795260e-42
1.365007806546013906e+14 9.446548320424961454e-43
1.393619274224143594e+14 3.816721232624490404e-43
1.422830457214349062e+14 1.525631407866329799e-43
1.452653925946778125e+14 6.032358119684776290e-44
1.483102514336102812e+14 2.359128959232161001e-44
1.514189325304351875e+14 9.123726380212082147e-45
1.545927736419478438e+14 3.488752380178632487e-45
1.578331405652119688e+14 1.318795953475396978e-45
1.611414277253023125e+14 4.927647135240001238e-46
1.645190587753660625e+14 1.819619677041007359e-46
1.679674872092653125e+14 6.639227056365744330e-47
1.714881969870540938e+14 2.393194836570499123e-47
1.750827031735719688e+14 8.521246715718686441e-48
1.787525525904231875e+14 2.996487786088502469e-48
1.824993244816150312e+14 1.040442880028794694e-48
1.863246311931559688e+14 3.566508810470344277e-49
1.902301188668945625e+14 1.206769266680438222e-49
1.942174681489028438e+14 4.029727885111928787e-50
1.982883949127075312e+14 1.327714531659020769e-50
2.024446509976801875e+14 4.315479276201155294e-51
2.066880249629082188e+14 1.383504524689800165e-51
2.110203428568596562e+14 4.373897153594005551e-52
2.154434690031877812e+14 1.363309643828062893e-52
2.199593068030070312e+14 4.188617717507766333e-53
2.245697995539771562e+14 1.268306137833253586e-53
2.292769312865648750e+14 3.784059829701847366e-54
2.340827276178294375e+14 1.112162191193543444e-54
2.389892566231052500e+14 3.219295983213698531e-55
2.439986297259555000e+14 9.176093508589150309e-56
2.491130026067785938e+14 2.574874273781741992e-56
2.543345761304648125e+14 7.111234133538376690e-57
2.596655972934872500e+14 1.932523403024083168e-57
2.651083601908530625e+14 5.166674491902613983e-58
2.706652070033235938e+14 1.358608822910400499e-58
2.763385290053167188e+14 3.512833550958071529e-59
2.821307675939470625e+14 8.928814746346107485e-60
2.880444153396298125e+14 2.230553651283873718e-60
2.940820170587066250e+14 5.475167495556803372e-61
3.002461709085555000e+14 1.320151341502789420e-61
3.065395295056535625e+14 3.125918153410307216e-62
3.129648010670750625e+14 7.267113087658987181e-63
3.195247505759213750e+14 1.658258451223492108e-63
3.262222009711659375e+14 3.712928496942316324e-64
3.330600343624581250e+14 8.155173051437117168e-65
3.400411932703702500e+14 1.756700479341311218e-65
3.471686818926559375e+14 3.710030551600712595e-66
3.544455673970435625e+14 7.679490393561192459e-67
3.618749812411283750e+14 1.557514937110103928e-67
3.694601205199310000e+14 3.094318211532406844e-68
3.772042493417008750e+14 6.019897157101249454e-69
3.851107002325568750e+14 1.146451532845737157e-69
3.931828755705770000e+14 2.136611568018350785e-70
4.014242490499310000e+14 3.895636917278828349e-71
4.098383671757253125e+14 6.946455779409016415e-72
4.184288507901576250e+14 1.210937709976235460e-72
4.271993966306776875e+14 2.063027745935131311e-73
4.361537789208005625e+14 3.433870917127227191e-74
4.452958509942660000e+14 5.582093968242905120e-75
4.546295469532408750e+14 8.858830400264102646e-76
4.641588833612791250e+14 1.372025777827616852e-76
4.738879609717650625e+14 2.073080387791725305e-77
4.838209664925956875e+14 3.054679529691528416e-78
4.939621743878305000e+14 4.387648537442392624e-79
5.043159487171348125e+14 6.141069649227627940e-80
5.148867450137486875e+14 8.372464376353875735e-81
5.256791122018418750e+14 1.111413113260520544e-81
5.366976945540476250e+14 1.435886571517819725e-82
5.479472336900293125e+14 1.804697560481754578e-83
5.594325706169389375e+14 2.205811736904303847e-84
5.711586478126446250e+14 2.620687782276476557e-85
5.831305113526218750e+14 3.025116174856068490e-86
5.953533130814370000e+14 3.391197149674700238e-87
6.078323128297211250e+14 3.690424916850756652e-88
6.205728806776487500e+14 3.896740633754986641e-89
6.335804992658241250e+14 3.990361407721221950e-90
6.468607661546320000e+14 3.960945353189568352e-91
6.604193962330305000e+14 3.809576592404474891e-92
6.742622241778348750e+14 3.548301584985956338e-93
6.883952069645510000e+14 3.198893948057523796e-94
7.028244264308366250e+14 2.789907957967397158e-95
7.175560918936921250e+14 2.352838948776788835e-96
7.325965428215230000e+14 1.917633855319427667e-97
7.479522515621797500e+14 1.509609279156579708e-98
7.636298261282225000e+14 1.147222847306602368e-99
7.796360130405220000e+14 8.412055314470365479e-101
7.959777002314977500e+14 5.947978057793536184e-102
8.126619200091946250e+14 4.053099375745862612e-103
8.296958520834916250e+14 2.660095881628104009e-104
8.470868266557420000e+14 1.680622718273684995e-105
8.648423275731745000e+14 1.021479104530498526e-106
8.829699955494082500e+14 5.968911142852087272e-108
9.014776314524917500e+14 3.351118134343007837e-109
9.203731996618230000e+14 1.806620336151801242e-110
9.396648314954671250e+14 9.346094860545531934e-112
9.593608287093126250e+14 4.636397152930435113e-113
9.794696670695385000e+14 2.204045321393433016e-114
1.000000000000000000e+15 1.003424797280055855e-115
1.020960662306047500e+15 4.371754773319594344e-117
1.042360673976403250e+15 1.821436213856620915e-118
1.064209244064722375e+15 7.251697806634204812e-120
1.086515774652537375e+15 2.757071004443370853e-121
1.109289864895222875e+15 1.000225491704785254e-122
1.132541315152812750e+15 3.459777249509379929e-124
1.156280131207377750e+15 1.140132369235663443e-125
1.180516528568803000e+15 3.576948767784720745e-127
1.205260936870841250e+15 1.067467841645780617e-128
1.230524004359261500e+15 3.027724517236374251e-130
1.256316602474121500e+15 8.155084985233059860e-132
1.282649830528062500e+15 2.084305233325582574e-133
1.309535020482665000e+15 5.050359977014032828e-135
1.336983741824945250e+15 1.159099897726433951e-136
1.365007806546013750e+15 2.517447413118990345e-138
1.393619274224143500e+15 5.169945506338102046e-140
1.422830457214354750e+15 1.002942558039331921e-141
1.452653925946778250e+15 1.836168569906842143e-143
1.483102514336102750e+15 3.169341913875082563e-145
1.514189325304352000e+15 5.153041194393100803e-147
1.545927736419478500e+15 7.883940374267764638e-149
1.578331405652119500e+15 1.133862807256040419e-150
1.611414277253016750e+15 1.531286932568077435e-152
1.645190587753660750e+15 1.940082544928670894e-154
1.679674872092653250e+15 2.303375852112559898e-156
1.714881969870541000e+15 2.559827847857979411e-158
1.750827031735726750e+15 2.659895856437784781e-160
1.787525525904231750e+15 2.581567815774908018e-162
1.824993244816150500e+15 2.337460739579209779e-164
1.863246311931559750e+15 1.972118492444888749e-166
1.902301188668945750e+15 1.548525866186922138e-168
1.942174681489028250e+15 1.130378058157640247e-170
1.982883949127067250e+15 7.661011153722971809e-173
2.024446509976801750e+15 4.814537249542904081e-175
2.066880249629082000e+15 2.801929469891954296e-177
2.110203428568596500e+15 1.508273973832253673e-179
2.154434690031886500e+15 7.499257009393421959e-182
2.199593068030070500e+15 3.439380336235811665e-184
2.245697995539771750e+15 1.452948164493732657e-186
2.292769312865648500e+15 5.646436017881951248e-189
2.340827276178294500e+15 2.015586253023948130e-191
2.389892566231052500e+15 6.599286032922706263e-194
2.439986297259545000e+15 1.978779125622968852e-196
2.491130026067786000e+15 5.426326695447897927e-199
2.543345761304648500e+15 1.358692069915009373e-201
2.596655972934872000e+15 3.101430335181507899e-204
2.651083601908541500e+15 6.443374732500698942e-207
2.706652070033235500e+15 1.216556037300045708e-209
2.763385290053167000e+15 2.083829753861490078e-212
2.821307675939470500e+15 3.232756209343743559e-215
2.880444153396297500e+15 4.534116992736556428e-218
2.940820170587066500e+15 5.740217320710767901e-221
3.002461709085543000e+15 6.547342884936388629e-224
3.065395295056523500e+15 6.716113398998787053e-227
3.129648010670750500e+15 6.183791798572900414e-230
3.195247505759214000e+15 5.101855186901713098e-233
3.262222009711673500e+15 3.764085567713117511e-236
3.330600343624582000e+15 2.478594618334712142e-239
3.400411932703702500e+15 1.453677494825391104e-242
3.471686818926559500e+15 7.579508191912993478e-246
3.544455673970435500e+15 3.505718804317546012e-249
3.618749812411284000e+15 1.435389059503542378e-252
3.694601205199294500e+15 5.190978258983741317e-256
3.772042493416993500e+15 1.654802636641272107e-259
3.851107002325568500e+15 4.639151348362445944e-263
3.931828755705770000e+15 1.141172843362637714e-266
4.014242490499326000e+15 2.457185687250593990e-270
4.098383671757253000e+15 4.621255231276472940e-274
4.184288507901576000e+15 7.572062704057231543e-278
4.271993966306776500e+15 1.078331401250207654e-281
4.361537789208006000e+15 1.331199764313110540e-285
4.452958509942660000e+15 1.421263765839287073e-289
4.546295469532390000e+15 1.308746335917946336e-293
4.641588833612773000e+15 1.036710656993018854e-297
4.738879609717651000e+15 7.044641800641337480e-302
4.838209664925957000e+15 4.096064541209161190e-306
4.939621743878326000e+15 2.031863847423658197e-310
5.043159487171349000e+15 8.574885109430312294e-315
5.148867450137487000e+15 3.069333418224160031e-319
5.256791122018419000e+15 9.881312916824930884e-324
5.366976945540476000e+15 0.000000000000000000e+00
5.479472336900292000e+15 0.000000000000000000e+00
5.594325706169389000e+15 0.000000000000000000e+00
5.711586478126423000e+15 0.000000000000000000e+00
5.831305113526218000e+15 0.000000000000000000e+00
5.953533130814370000e+15 0.000000000000000000e+00
6.078323128297236000e+15 0.000000000000000000e+00
6.205728806776513000e+15 0.000000000000000000e+00
6.335804992658241000e+15 0.000000000000000000e+00
6.468607661546321000e+15 0.000000000000000000e+00
6.604193962330306000e+15 0.000000000000000000e+00
6.742622241778349000e+15 0.000000000000000000e+00
6.883952069645510000e+15 0.000000000000000000e+00
7.028244264308338000e+15 0.000000000000000000e+00
7.175560918936921000e+15 0.000000000000000000e+00
7.325965428215230000e+15 0.000000000000000000e+00
7.479522515621829000e+15 0.000000000000000000e+00
7.636298261282257000e+15 0.000000000000000000e+00
7.796360130405221000e+15 0.000000000000000000e+00
7.959777002314978000e+15 0.000000000000000000e+00
8.126619200091945000e+15 0.000000000000000000e+00
8.296958520834915000e+15 0.000000000000000000e+00
8.470868266557420000e+15 0.000000000000000000e+00
8.648423275731709000e+15 0.000000000000000000e+00
8.829699955494083000e+15 0.000000000000000000e+00
9.014776314524918000e+15 0.000000000000000000e+00
9.203731996618230000e+15 0.000000000000000000e+00
9.396648314954710000e+15 0.000000000000000000e+00
9.593608287093126000e+15 0.000000000000000000e+00
9.794696670695384000e+15 0.000000000000000000e+00
