1.020960662306047603e+07 9.062614331542305024e+01
1.042360673976401053e+07 8.891556799745660555e+01
1.064209244064724632e+07 8.723763037248380670e+01
1.086515774652537145e+07 8.559142404404087756e+01
1.109289864895222709e+07 8.397612598371692627e+01
1.132541315152812563e+07 8.239142592870516069e+01
1.156280131207375228e+07 8.083695584570629933e+01
1.180516528568805568e+07 7.931187536943622263e+01
1.205260936870841496e+07 7.781542157765666445e+01
1.230524004359261692e+07 7.634730817796713609e+01
1.256316602474121563e+07 7.490719514514718469e+01
1.282649830528059974e+07 7.349430331289302387e+01
1.309535020482667536e+07 7.210792545644329721e+01
1.336983741824945062e+07 7.074779741121099619e+01
1.365007806546013802e+07 6.941360503119319958e+01
1.393619274224143475e+07 6.810462587246003352e+01
1.422830457214351930e+07 6.682020432412933530e+01
1.452653925946781226e+07 6.556009664718489205e+01
1.483102514336102828e+07 6.432401260798853571e+01
1.514189325304351933e+07 6.311128233693263923e+01
1.545927736419478431e+07 6.192129805519747521e+01
1.578331405652116425e+07 6.075383487690532291e+01
1.611414277253019996e+07 5.960862466239277779e+01
1.645190587753660791e+07 5.848504627432079417e+01
1.679674872092653066e+07 5.738253626097601057e+01
1.714881969870540872e+07 5.630088713824194713e+01
1.750827031735723466e+07 5.523985118125909821e+01
1.787525525904235244e+07 5.419885242362340705e+01
1.824993244816150516e+07 5.317736849496868246e+01
1.863246311931559816e+07 5.217520797108417696e+01
1.902301188668945804e+07 5.119214199130799869e+01
1.942174681489024311e+07 5.022763646047902597e+01
1.982883949127071351e+07 4.928120708075038436e+01
2.024446509976801649e+07 4.835267725120831983e+01
2.066880249629081786e+07 4.744183554157472571e+01
2.110203428568596393e+07 4.654818666968081686e+01
2.154434690031882003e+07 4.567128162341143138e+01
2.199593068030074611e+07 4.481095748347966179e+01
2.245697995539776236e+07 4.396701892420986724e+01
2.292769312865648791e+07 4.313900664299328014e+01
2.340827276178294048e+07 4.232650433235756537e+01
2.389892566231048107e+07 4.152936169913071041e+01
2.439986297259550542e+07 4.074739829789002243e+01
2.491130026067791134e+07 3.998018818056553414e+01
2.543345761304648221e+07 3.922734535053331228e+01
2.596655972934872285e+07 3.848873116829685159e+01
2.651083601908536255e+07 3.776417893730412345e+01
2.706652070033241063e+07 3.705329362984235075e+01
2.763385290053172782e+07 3.635571734473174388e+01
2.821307675939470530e+07 3.567132219638904189e+01
2.880444153396297619e+07 3.499995419183478873e+01
2.940820170587060601e+07 3.434124696909940866e+01
3.002461709085549042e+07 3.369486866797340241e+01
3.065395295056529716e+07 3.306070132731482403e+01
3.129648010670750216e+07 3.243860269169608301e+01
3.195247505759213492e+07 3.182823297489143499e+01
3.262222009711666778e+07 3.122928445451448454e+01
3.330600343624588847e+07 3.064164832805024830e+01
3.400411932703709602e+07 3.006519318505073812e+01
3.471686818926559389e+07 2.949960387786470051e+01
3.544455673970435560e+07 2.894459505842864644e+01
3.618749812411276251e+07 2.840006637610901308e+01
3.694601205199302733e+07 2.786589644022420842e+01
3.772042493417001516e+07 2.734179294675882232e+01
3.851107002325568348e+07 2.682749128800178440e+01
3.931828755705770105e+07 2.632289891233295265e+01
4.014242490499317646e+07 2.582790368646709922e+01
4.098383671757261455e+07 2.534223448643669840e+01
4.184288507901584357e+07 2.486564593071212670e+01
4.271993966306776553e+07 2.439805266399205408e+01
4.361537789208005369e+07 2.393935110631812790e+01
4.452958509942659736e+07 2.348928977159698661e+01
4.546295469532398880e+07 2.304764110107862152e+01
4.641588833612781763e+07 2.261432637983627458e+01
4.738879609717650712e+07 2.218924993025332526e+01
4.838209664925957471e+07 2.177217847508572746e+01
4.939621743878325820e+07 2.136290097777537156e+01
5.043159487171358615e+07 2.096134485030071914e+01
5.148867450137497485e+07 2.056742171640877004e+01
5.256791122018418461e+07 2.018091518255801731e+01
5.366976945540475845e+07 1.980162952928554532e+01
5.479472336900292337e+07 1.942949782192946273e+01
5.594325706169377267e+07 1.906443842957338930e+01
5.711586478126434237e+07 1.870625061450978421e+01
5.831305113526218385e+07 1.835475285774576548e+01
5.953533130814369768e+07 1.800988344043580369e+01
6.078323128297235817e+07 1.767156696342894406e+01
6.205728806776500493e+07 1.733961720677128326e+01
6.335804992658253759e+07 1.701386581682213262e+01
6.468607661546321213e+07 1.669425588678196348e+01
6.604193962330305576e+07 1.638071777502739934e+01
6.742622241778348386e+07 1.607307872414431316e+01
6.883952069645495713e+07 1.577118258645502280e+01
7.028244264308351278e+07 1.547497689470981008e+01
7.175560918936920166e+07 1.518439732639180129e+01
7.325965428215231001e+07 1.489928360854608158e+01
7.479522515621829033e+07 1.461949091034884241e+01
7.636298261282241344e+07 1.434497086024895118e+01
7.796360130405236781e+07 1.407566404981932529e+01
7.959777002314977348e+07 1.381142178375272245e+01
8.126619200091944635e+07 1.355210972407661529e+01
8.296958520834915340e+07 1.329768327761657254e+01
8.470868266557401419e+07 1.304808757561228383e+01
8.648423275731725991e+07 1.280318465999151201e+01
8.829699955494081974e+07 1.256284992184508198e+01
9.014776314524917305e+07 1.232704225341437621e+01
9.203731996618229151e+07 1.209571097978771981e+01
9.396648314954690635e+07 1.186872810087669805e+01
9.593608287093147635e+07 1.164597802892115652e+01
9.794696670695386827e+07 1.142742287120457334e+01
1.000000000000000000e+08 1.121301582722368906e+01
1.020960662306047529e+08 1.100263813238189492e+01
1.042360673976403177e+08 1.079618256386563857e+01
1.064209244064722359e+08 1.059361419457740539e+01
1.086515774652537256e+08 1.039488980309424981e+01
1.109289864895222783e+08 1.019989919067253048e+01
1.132541315152812600e+08 1.000854289107678419e+01
1.156280131207377762e+08 9.820788712595362568e+00
1.180516528568803072e+08 9.636596740232386438e+00
1.205260936870841384e+08 9.455864719994648837e+00
1.230524004359261543e+08 9.278500378443103713e+00
1.256316602474121451e+08 9.104474046862845782e+00
1.282649830528062433e+08 8.933748864538932466e+00
1.309535020482665002e+08 8.766229946541319151e+00
1.336983741824945360e+08 8.601831689573893769e+00
1.365007806546013653e+08 8.440526751874614320e+00
1.393619274224143326e+08 8.282281094096024532e+00
1.422830457214354575e+08 8.127006666579676519e+00
1.452653925946778059e+08 7.974624051699416682e+00
1.483102514336102903e+08 7.825108053667161556e+00
1.514189325304352045e+08 7.678427239405684723e+00
1.545927736419478357e+08 7.534499899573627424e+00
1.578331405652119517e+08 7.393252353007255806e+00
1.611414277253016531e+08 7.254661383000434505e+00
1.645190587753660679e+08 7.118697963944117468e+00
1.679674872092653215e+08 6.985286267866611887e+00
1.714881969870540798e+08 6.854357933666245906e+00
1.750827031735726893e+08 6.725891569704172568e+00
1.787525525904231668e+08 6.599860374202025426e+00
1.824993244816150367e+08 6.476193974964372657e+00
1.863246311931559741e+08 6.354828944925325018e+00
1.902301188668946028e+08 6.235745575422584785e+00
1.942174681489028633e+08 6.118919118765711929e+00
1.982883949127075374e+08 6.004284263946860989e+00
2.024446509976801872e+08 5.891782160061305618e+00
2.066880249629082084e+08 5.781394650292134507e+00
2.110203428568596542e+08 5.673098884254921259e+00
2.154434690031886399e+08 5.566834246195623059e+00
2.199593068030070364e+08 5.462546129569483710e+00
2.245697995539771616e+08 5.360217808405348450e+00
2.292769312865648568e+08 5.259828184805384943e+00
2.340827276178294122e+08 5.161320998931211435e+00
2.389892566231052577e+08 5.064645580927392921e+00
2.439986297259555161e+08 4.969786524086005741e+00
2.491130026067785919e+08 4.876724349171643880e+00
2.543345761304648221e+08 4.785406837550816306e+00
2.596655972934872508e+08 4.695786970850846842e+00
2.651083601908541918e+08 4.607850558628857840e+00
2.706652070033235550e+08 4.521579616694002546e+00
2.763385290053166747e+08 4.436925675779499478e+00
2.821307675939470530e+08 4.353845104503855978e+00
2.880444153396297693e+08 4.272324833733357252e+00
2.940820170587067008e+08 4.192348260083035960e+00
3.002461709085555673e+08 4.113870392983272950e+00
3.065395295056523085e+08 4.036850742837906125e+00
3.129648010670750141e+08 3.961277274188458541e+00
3.195247505759213567e+08 3.887134658924663810e+00
3.262222009711673260e+08 3.814381134161678677e+00
3.330600343624581695e+08 3.742979124710016592e+00
3.400411932703702450e+08 3.672917547937418092e+00
3.471686818926559091e+08 3.604182253540601621e+00
3.544455673970435262e+08 3.536734473511522925e+00
3.618749812411283851e+08 3.470539336193577906e+00
3.694601205199309587e+08 3.405586637226959201e+00
3.772042493416993618e+08 3.341863314081721104e+00
3.851107002325568795e+08 3.279333377651829196e+00
3.931828755705770254e+08 3.217964464323649132e+00
4.014242490499325991e+08 3.157747179229843937e+00
4.098383671757252812e+08 3.098669464401880180e+00
4.184288507901575565e+08 3.040697909372513053e+00
4.271993966306776404e+08 2.983802477248490348e+00
4.361537789208005667e+08 2.927974519226086425e+00
4.452958509942659736e+08 2.873202905040172617e+00
4.546295469532408714e+08 2.819456617089928674e+00
4.641588833612772226e+08 2.766707777051744088e+00
4.738879609717651010e+08 2.714948423690565438e+00
4.838209664925957322e+08 2.664168283452009067e+00
4.939621743878325820e+08 2.614338559264717698e+00
5.043159487171348333e+08 2.565433375467156552e+00
5.148867450137487054e+08 2.517445404413672261e+00
5.256791122018419504e+08 2.470365163686044863e+00
5.366976945540476441e+08 2.424165916908128882e+00
5.479472336900292635e+08 2.378823646449494067e+00
5.594325706169389486e+08 2.334331608501815758e+00
5.711586478126422167e+08 2.290681051206982843e+00
5.831305113526217937e+08 2.247847150591443910e+00
5.953533130814369917e+08 2.205807612954240327e+00
6.078323128297235966e+08 2.164556232425348004e+00
6.205728806776486635e+08 2.124084931743926763e+00
6.335804992658240795e+08 2.084370661793381263e+00
6.468607661546320915e+08 2.045392728411043137e+00
6.604193962330304384e+08 2.007145421354067150e+00
6.742622241778348684e+08 1.969621286260405890e+00
6.883952069645509720e+08 1.932798921265823200e+00
7.028244264308338165e+08 1.896659116379881382e+00
7.175560918936921358e+08 1.861196617963261524e+00
7.325965428215229511e+08 1.826404546811189800e+00
7.479522515621827841e+08 1.792263029924354045e+00
7.636298261282258034e+08 1.758754234482462264e+00
7.796360130405220985e+08 1.725873327467102536e+00
7.959777002314977646e+08 1.693613960731278567e+00
8.126619200091946125e+08 1.661957680313491004e+00
8.296958520834914446e+08 1.630887931307388738e+00
8.470868266557419300e+08 1.600400268146697336e+00
8.648423275731709003e+08 1.570488833005550422e+00
8.829699955494083166e+08 1.541136489059105941e+00
9.014776314524917603e+08 1.512327867262560632e+00
9.203731996618230343e+08 1.484058878909181534e+00
9.396648314954710007e+08 1.456324118868245865e+00
9.593608287093126774e+08 1.429107672916991145e+00
9.794696670695385933e+08 1.402395272475456700e+00
1.000000000000000000e+09 1.376183157500434406e+00
1.020960662306047559e+09 1.350466340805821064e+00
1.042360673976403356e+09 1.325230043052321616e+00
1.064209244064726830e+09 1.300461016905136713e+00
1.086515774652537346e+09 1.276155804997900489e+00
1.109289864895222664e+09 1.252309805990973635e+00
1.132541315152812481e+09 1.228909294037624500e+00
1.156280131207372904e+09 1.205941969575435202e+00
1.180516528568803072e+09 1.183404653942087270e+00
1.205260936870841503e+09 1.161293102001860644e+00
1.230524004359261513e+09 1.139594565886378197e+00
1.256316602474121332e+09 1.118297625630360503e+00
1.282649830528062582e+09 1.097399359195917246e+00
1.309535020482670307e+09 1.076895850271987642e+00
1.336983741824945211e+09 1.056775258888383640e+00
1.365007806546013832e+09 1.037026981444984841e+00
1.393619274224143505e+09 1.017648332161860569e+00
1.422830457214349031e+09 9.986356982745417943e-01
1.452653925946778297e+09 9.799780826837511949e-01
1.483102514336102724e+09 9.616656394815212838e-01
1.514189325304351807e+09 9.436959003899005882e-01
1.545927736419478655e+09 9.260655328346887316e-01
1.578331405652119875e+09 9.087643222468508863e-01
1.611414277253023148e+09 8.917831259784624320e-01
1.645190587753660679e+09 8.751196759636992173e-01
1.679674872092653036e+09 8.587708982544225433e-01
1.714881969870540857e+09 8.427273048112451370e-01
1.750827031735726833e+09 8.269804057525577123e-01
1.787525525904231787e+09 8.115281172829852396e-01
1.824993244816150427e+09 7.963676041689876639e-01
1.863246311931559801e+09 7.814900529335763180e-01
1.902301188668945789e+09 7.668875796040718340e-01
1.942174681489028454e+09 7.525582699758035510e-01
1.982883949127075434e+09 7.384995091385943011e-01
2.024446509976801872e+09 7.247031099465996995e-01
2.066880249629082203e+09 7.111617508665544207e-01
2.110203428568596601e+09 6.978736737502742038e-01
2.154434690031886578e+09 6.848364670328558335e-01
2.199593068030070305e+09 6.720425251373612907e-01
2.245697995539771557e+09 6.594850486300976034e-01
2.292769312865648746e+09 6.471624229578014642e-01
2.340827276178294182e+09 6.350724242178944490e-01
2.389892566231052876e+09 6.232079868584461391e-01
2.439986297259555340e+09 6.115627961153733416e-01
2.491130026067785740e+09 6.001353695466523641e-01
2.543345761304647923e+09 5.889236564345018410e-01
2.596655972934872150e+09 5.779210926896302114e-01
2.651083601908541679e+09 5.671218134902648034e-01
2.706652070033235550e+09 5.565244579233378230e-01
2.763385290053166866e+09 5.461271350866400143e-01
2.821307675939470768e+09 5.359237465648910570e-01
2.880444153396297932e+09 5.259088452473443809e-01
2.940820170587066650e+09 5.160811820066381062e-01
3.002461709085555077e+09 5.064390134121260489e-01
3.065395295056523800e+09 4.969766734998431468e-01
3.129648010670750618e+09 4.876891029648144360e-01
3.195247505759213448e+09 4.785751554865660395e-01
3.262222009711673260e+09 4.696332237108419849e-01
3.330600343624581814e+09 4.608580432873713439e-01
3.400411932703702450e+09 4.522449149609302776e-01
3.471686818926559448e+09 4.437927869527911184e-01
3.544455673970435619e+09 4.355001774623327715e-01
3.618749812411283970e+09 4.273621951272810748e-01
3.694601205199309826e+09 4.193744749834016905e-01
3.772042493416993618e+09 4.115360521816848749e-01
3.851107002325568676e+09 4.038455607608775200e-01
3.931828755705770016e+09 3.962984557720337087e-01
4.014242490499325752e+09 3.888906826399562422e-01
4.098383671757252693e+09 3.816213564324171248e-01
4.184288507901576042e+09 3.744892180591536945e-01
4.271993966306777000e+09 3.674900443173288456e-01
4.361537789208005905e+09 3.606200688322506176e-01
4.452958509942660332e+09 3.538784801349910136e-01
4.546295469532408714e+09 3.472641177281601266e-01
4.641588833612771988e+09 3.407730572503479549e-01
4.738879609717651367e+09 3.344017999385061612e-01
4.838209664925957680e+09 3.281496018422861982e-01
4.939621743878325462e+09 3.220153934148832220e-01
5.043159487171347618e+09 3.159955278750252172e-01
5.148867450137486458e+09 3.100867549575094251e-01
5.256791122018419266e+09 3.042883927608841521e-01
5.366976945540475845e+09 2.985994556335354599e-01
5.479472336900292397e+09 2.930165546337579197e-01
5.594325706169388771e+09 2.875366702545417152e-01
5.711586478126422882e+09 2.821591776069460322e-01
5.831305113526218414e+09 2.768831684232002655e-01
5.953533130814370155e+09 2.717054932717580251e-01
6.078323128297236443e+09 2.666233469386140031e-01
6.205728806776488304e+09 2.616361569115696617e-01
6.335804992658241272e+09 2.567430862954883652e-01
6.468607661546320915e+09 2.519412081518999091e-01
6.604193962330305099e+09 2.472279162746813252e-01
6.742622241778348923e+09 2.426026862621979696e-01
6.883952069645509720e+09 2.380647470445616809e-01
7.028244264308338165e+09 2.336113783745585593e-01
7.175560918936921120e+09 2.292401588656066691e-01
7.325965428215229988e+09 2.249506083006623525e-01
7.479522515621828079e+09 2.207420163153594184e-01
7.636298261282225609e+09 2.166118546806415079e-01
7.796360130405220985e+09 2.125578736582169614e-01
7.959777002314977646e+09 2.085796336038633902e-01
8.126619200091945648e+09 2.046764801327916883e-01
8.296958520834915161e+09 2.008460634095632358e-01
8.470868266557419777e+09 1.970862931163879228e-01
8.648423275731708527e+09 1.933967668588101041e-01
8.829699955494083405e+09 1.897768818707054050e-01
9.014776314524917603e+09 1.862244540575955509e-01
9.203731996618228912e+09 1.827375411713232645e-01
9.396648314954671860e+09 1.793157750094577230e-01
9.593608287093128204e+09 1.759586004001284232e-01
9.794696670695384979e+09 1.726639872404885090e-01
1.000000000000000000e+10 1.694301308129167460e-01
1.020960662306047440e+10 1.662566942952237448e-01
1.042360673976403236e+10 1.631431663962623624e-01
1.064209244064726830e+10 1.600876600926242621e-01
1.086515774652537155e+10 1.570884984132492890e-01
1.109289864895222664e+10 1.541453733295156669e-01
1.132541315152812576e+10 1.512578140046141606e-01
1.156280131207373047e+10 1.484240663607223620e-01
1.180516528568803024e+10 1.456425720884685637e-01
1.205260936870841217e+10 1.429130495749810215e-01
1.230524004359261703e+10 1.402350652756721716e-01
1.256316602474121475e+10 1.376069886465271785e-01
1.282649830528062630e+10 1.350273716048074613e-01
1.309535020482670403e+10 1.324959567668002047e-01
1.336983741824945259e+10 1.300123449632288042e-01
1.365007806546013641e+10 1.275750204417994416e-01
1.393619274224143410e+10 1.251826375148893666e-01
1.422830457214348984e+10 1.228349610173683354e-01
1.452653925946778107e+10 1.205316234637347217e-01
1.483102514336102867e+10 1.182712157742294434e-01
1.514189325304351997e+10 1.160524873839012677e-01
1.545927736419478416e+10 1.138752234982750994e-01
1.578331405652119637e+10 1.117390858327999420e-01
1.611414277253023148e+10 1.096427644384739553e-01
1.645190587753660774e+10 1.075850971200230238e-01
1.679674872092653275e+10 1.055658877550818692e-01
1.714881969870541000e+10 1.035848249697863127e-01
1.750827031735726929e+10 1.016406909404470871e-01
1.787525525904231644e+10 9.973240557048881905e-02
1.824993244816150284e+10 9.785978984904158962e-02
1.863246311931559753e+10 9.602255719990303306e-02
1.902301188668945694e+10 9.421957541746248110e-02
1.942174681489028549e+10 9.244984068026448898e-02
1.982883949127075195e+10 9.071318965486223351e-02
2.024446509976801682e+10 8.900935861406890359e-02
2.066880249629082108e+10 8.733729492507784353e-02
2.110203428568596649e+10 8.569606563361437113e-02
2.154434690031886673e+10 8.408552176622155483e-02
2.199593068030070114e+10 8.250542064708492329e-02
2.245697995539771652e+10 8.095478360061851564e-02
2.292769312865648651e+10 7.943274351714958714e-02
2.340827276178294373e+10 7.793916457303379230e-02
2.389892566231052399e+10 7.647382348617744185e-02
2.439986297259555435e+10 7.503581032109273019e-02
2.491130026067786026e+10 7.362431914801099986e-02
2.543345761304648209e+10 7.223922618176305266e-02
2.596655972934872437e+10 7.088032600525794036e-02
2.651083601908541489e+10 6.954677257611310837e-02
2.706652070033235550e+10 6.823781681208712646e-02
2.763385290053166962e+10 6.695334594608183532e-02
2.821307675939470673e+10 6.569317101613918186e-02
2.880444153396297836e+10 6.445650536990688018e-02
2.940820170587066650e+10 6.324265274852763907e-02
3.002461709085555267e+10 6.205151046629493738e-02
3.065395295056523514e+10 6.088290471650908281e-02
3.129648010670750427e+10 5.973610405264628831e-02
3.195247505759213638e+10 5.861046130188706654e-02
3.262222009711672974e+10 5.750588299995912367e-02
3.330600343624581909e+10 5.642220929669307383e-02
3.400411932703702927e+10 5.535876006399732818e-02
3.471686818926559448e+10 5.431493374328320856e-02
3.544455673970435333e+10 5.329064530264772392e-02
3.618749812411283875e+10 5.228574774340084830e-02
3.694601205199309540e+10 5.129960864360996742e-02
3.772042493416993713e+10 5.033166883411942238e-02
3.851107002325569153e+10 4.938185099123192784e-02
3.931828755705770111e+10 4.845001994908806203e-02
4.014242490499325562e+10 4.753558763535684767e-02
4.098383671757252502e+10 4.663803427457643286e-02
4.184288507901576233e+10 4.575728958719080947e-02
4.271993966306776428e+10 4.489322930094344355e-02
4.361537789208005524e+10 4.404530657407198374e-02
4.452958509942659760e+10 4.321303824195831672e-02
4.546295469532408905e+10 4.239636045999056052e-02
4.641588833612772369e+10 4.159515898395702016e-02
4.738879609717650604e+10 4.080892530409131053e-02
4.838209664925956726e+10 4.003721028139926169e-02
4.939621743878325653e+10 3.927995594769388699e-02
5.043159487171348572e+10 3.853705728886543808e-02
5.148867450137487030e+10 3.780804143358264258e-02
5.256791122018418884e+10 3.709249086670255574e-02
5.366976945540475464e+10 3.639035298439624588e-02
5.479472336900292206e+10 3.570153126735917115e-02
5.594325706169388580e+10 3.502558597939021273e-02
5.711586478126422882e+10 3.436212899783715885e-02
5.831305113526218414e+10 3.371111261385218577e-02
5.953533130814369965e+10 3.307244812539801571e-02
6.078323128297235870e+10 3.244572660484365545e-02
6.205728806776487732e+10 3.183058724887069535e-02
6.335804992658241272e+10 3.122698681362791676e-02
6.468607661546320343e+10 3.063484378989567852e-02
6.604193962330305481e+10 3.005377789632916394e-02
6.742622241778349304e+10 2.948345372272871343e-02
6.883952069645510864e+10 2.892383209629640142e-02
7.028244264308338928e+10 2.837483812537609784e-02
7.175560918936921692e+10 2.783611816509768203e-02
7.325965428215229797e+10 2.730736040867819819e-02
7.479522515621827698e+10 2.678852939360212501e-02
7.636298261282226562e+10 2.627955631571073786e-02
7.796360130405221558e+10 2.578011229858456418e-02
7.959777002314976501e+10 2.528990747590002808e-02
8.126619200091944885e+10 2.480890976506067852e-02
8.296958520834915161e+10 2.433705596118105122e-02
8.470868266557418823e+10 2.387404021990874314e-02
8.648423275731707764e+10 2.341959307009383248e-02
8.829699955494082642e+10 2.297368550669677892e-02
9.014776314524917603e+10 2.253625947438517296e-02
9.203731996618229675e+10 2.210703054681737931e-02
9.396648314954670715e+10 2.168574821209763928e-02
9.593608287093125916e+10 2.127238626605673991e-02
9.794696670695385742e+10 2.086689138867546534e-02
1.000000000000000000e+11 2.046899907125751539e-02
1.020960662306047516e+11 2.007847642674475547e-02
1.042360673976403351e+11 1.969529979875541195e-02
1.064209244064726715e+11 1.931942022115025470e-02
1.086515774652537231e+11 1.895059170802939480e-02
1.109289864895222778e+11 1.858859775716684495e-02
1.132541315152812653e+11 1.823341702849978069e-02
1.156280131207372894e+11 1.788500455845560069e-02
1.180516528568803101e+11 1.754313158730420180e-02
1.205260936870841370e+11 1.720759684521909125e-02
1.230524004359261475e+11 1.687838109684115101e-02
1.256316602474121399e+11 1.655544305776358166e-02
1.282649830528062439e+11 1.623856998892087705e-02
1.309535020482670288e+11 1.592757478184189321e-02
1.336983741824945221e+11 1.562244011249709803e-02
1.365007806546013794e+11 1.532312807789938842e-02
1.393619274224143372e+11 1.502944083886784479e-02
1.422830457214349060e+11 1.474120445289244484e-02
1.452653925946778259e+11 1.445840333059071267e-02
1.483102514336102905e+11 1.418100267628815553e-02
1.514189325304352112e+11 1.390881850868722069e-02
1.545927736419478455e+11 1.364168912603146676e-02
1.578331405652119751e+11 1.337960051226649502e-02
1.611414277253023071e+11 1.312252072676666631e-02
1.645190587753660583e+11 1.287027867722808326e-02
1.679674872092653198e+11 1.262272404274417635e-02
1.714881969870540771e+11 1.237984423331894325e-02
1.750827031735719604e+11 1.214160993117212838e-02
1.787525525904231873e+11 1.190786203214664468e-02
1.824993244816150513e+11 1.167846079690507480e-02
1.863246311931559753e+11 1.145339492710502338e-02
1.902301188668945618e+11 1.123263751417170192e-02
1.942174681489028320e+11 1.101604060443112619e-02
1.982883949127075500e+11 1.080347429714773218e-02
2.024446509976802063e+11 1.059492846305245400e-02
2.066880249629082031e+11 1.039037840620718814e-02
2.110203428568596497e+11 1.018968654449054975e-02
2.154434690031877747e+11 9.992732125153261716e-03
2.199593068030070190e+11 9.799506076237423854e-03
2.245697995539771729e+11 9.609985733591263832e-03
2.292769312865648804e+11 9.424043162323146247e-03
2.340827276178294067e+11 9.241566115667740680e-03
2.389892566231052551e+11 9.062546477142736229e-03
2.439986297259555054e+11 8.886963448037578719e-03
2.491130026067796021e+11 8.714698067095011727e-03
2.543345761304648132e+11 8.545645996734789474e-03
2.596655972934872437e+11 8.379799983179553671e-03
2.651083601908530884e+11 8.217140940162051890e-03
2.706652070033235779e+11 8.057558253648067215e-03
2.763385290053167114e+11 7.900954940419925923e-03
2.821307675939470825e+11 7.747324524950129250e-03
2.880444153396297607e+11 7.596649492725810263e-03
2.940820170587066650e+11 7.448826994361936946e-03
3.002461709085555420e+11 7.303766885203330506e-03
3.065395295056536255e+11 7.161463391117568744e-03
3.129648010670750732e+11 7.021900439996068416e-03
3.195247505759213257e+11 6.884982405285625801e-03
3.262222009711659546e+11 6.750625501350337662e-03
3.330600343624581909e+11 6.618824585567012128e-03
3.400411932703702393e+11 6.489564909306400758e-03
3.471686818926559448e+11 6.362757564929584150e-03
3.544455673970435181e+11 6.238324679965458891e-03
3.618749812411284180e+11 6.116261679785554677e-03
3.694601205199309692e+11 5.996555029935845237e-03
3.772042493417008667e+11 5.879122072983667367e-03
3.851107002325568848e+11 5.763890435097168176e-03
3.931828755705770264e+11 5.650856051946356179e-03
4.014242490499309692e+11 5.540006502787814952e-03
4.098383671757252808e+11 5.431264944453432879e-03
4.184288507901575928e+11 5.324564116319420622e-03
4.271993966306776123e+11 5.219900411977267812e-03
4.361537789208005371e+11 5.117262432092166760e-03
4.452958509942659912e+11 5.016578742256214661e-03
4.546295469532408447e+11 4.917786836671935238e-03
4.641588833612791138e+11 4.820883519341973705e-03
4.738879609717650757e+11 4.725858327537928519e-03
4.838209664925957031e+11 4.632644858415984127e-03
4.939621743878305664e+11 4.541185027770098387e-03
5.043159487171348267e+11 4.451476006946215522e-03
5.148867450137487183e+11 4.363508191918774592e-03
5.256791122018419189e+11 4.277219860542385253e-03
5.366976945540476074e+11 4.192557040328559470e-03
5.479472336900292969e+11 4.109517230957950712e-03
5.594325706169388428e+11 4.028091615569212060e-03
5.711586478126446533e+11 3.948222826311913354e-03
5.831305113526218262e+11 3.869860714272054837e-03
5.953533130814368896e+11 3.793003072157815833e-03
6.078323128297211914e+11 3.717641804573232518e-03
6.205728806776488037e+11 3.643723594330460468e-03
6.335804992658240967e+11 3.571201848131896287e-03
6.468607661546320801e+11 3.500074619782652004e-03
6.604193962330305176e+11 3.430334475044614917e-03
6.742622241778348389e+11 3.361931864917410123e-03
6.883952069645510254e+11 3.294823502530673433e-03
7.028244264308366699e+11 3.229007673938307389e-03
7.175560918936921387e+11 3.164477550704781431e-03
7.325965428215229492e+11 3.101187089219962188e-03
7.479522515621828613e+11 3.039096077304535848e-03
7.636298261282225342e+11 2.978203007221008093e-03
7.796360130405220947e+11 2.918501605530812552e-03
7.959777002314978027e+11 2.859949089525564998e-03
8.126619200091945801e+11 2.802508106197954939e-03
8.296958520834915771e+11 2.746177330537573260e-03
8.470868266557419434e+11 2.690950997490958001e-03
8.648423275731743164e+11 2.636789357780525318e-03
8.829699955494082031e+11 2.583657717132507511e-03
9.014776314524916992e+11 2.531554912113166775e-03
9.203731996618229980e+11 2.480475643294491675e-03
9.396648314954670410e+11 2.430382983189421399e-03
9.593608287093126221e+11 2.381244709839714594e-03
9.794696670695385742e+11 2.333059802357667894e-03
1.000000000000000000e+12 2.285823387724834638e-03
1.020960662306047485e+12 2.239501163329371373e-03
1.042360673976403198e+12 2.194063206144055388e-03
1.064209244064726929e+12 2.149508620725393889e-03
1.086515774652537354e+12 2.105832924507816412e-03
1.109289864895222656e+12 2.063004256531640341e-03
1.132541315152812744e+12 2.020994831438268843e-03
1.156280131207372803e+12 1.979803863880287215e-03
1.180516528568802979e+12 1.939427228780950859e-03
1.205260936870841309e+12 1.899835336349784071e-03
1.230524004359261719e+12 1.861002388901788433e-03
1.256316602474121338e+12 1.822927697431826928e-03
1.282649830528062500e+12 1.785607464140862282e-03
1.309535020482670410e+12 1.749014211771409560e-03
1.336983741824945068e+12 1.713123990796952935e-03
1.365007806546013672e+12 1.677936196247995599e-03
1.393619274224143311e+12 1.643447329919755498e-03
1.422830457214348877e+12 1.609631879474703172e-03
1.452653925946778320e+12 1.576467613772362377e-03
1.483102514336102783e+12 1.543954000884161610e-03
1.514189325304351807e+12 1.512087816840750705e-03
1.545927736419478516e+12 1.480845376864388602e-03
1.578331405652119873e+12 1.450206047488403942e-03
1.611414277253023193e+12 1.420169360020483032e-03
1.645190587753660889e+12 1.390732341503377002e-03
1.679674872092653076e+12 1.361873006895748719e-03
1.714881969870540771e+12 1.333572208119009105e-03
1.750827031735719727e+12 1.305829530991361445e-03
1.787525525904231689e+12 1.278642232303529250e-03
1.824993244816150391e+12 1.251989907801687998e-03
1.863246311931559814e+12 1.225854790345215451e-03
1.902301188668945801e+12 1.200236512513732983e-03
1.942174681489028320e+12 1.175132541381790482e-03
1.982883949127075439e+12 1.150523942789190984e-03
2.024446509976801758e+12 1.126394233371531047e-03
2.066880249629082031e+12 1.102743085603586281e-03
2.110203428568596680e+12 1.079568159031654099e-03
2.154434690031877930e+12 1.056851886576584644e-03
2.199593068030070312e+12 1.034578978265136406e-03
2.245697995539771484e+12 1.012749140398831954e-03
2.292769312865648926e+12 9.913602087014174169e-04
2.340827276178293945e+12 9.703958873082924692e-04
2.389892566231052246e+12 9.498419955557858016e-04
2.439986297259555176e+12 9.296982682239910475e-04
2.491130026067796387e+12 9.099627023121634488e-04
2.543345761304647949e+12 8.906201839526664207e-04
2.596655972934872070e+12 8.716575635729311268e-04
2.651083601908530762e+12 8.530745997333895759e-04
2.706652070033235840e+12 8.348694370832784439e-04
2.763385290053166992e+12 8.170280607217529547e-04
2.821307675939470703e+12 7.995382794022129827e-04
2.880444153396297852e+12 7.823998713521610263e-04
2.940820170587066406e+12 7.656111164166114029e-04
3.002461709085555176e+12 7.491590213880946385e-04
3.065395295056536133e+12 7.330322856527776883e-04
3.129648010670750488e+12 7.172307035186055836e-04
3.195247505759213867e+12 7.017526786458215451e-04
3.262222009711660156e+12 6.865861676033512169e-04
3.330600343624582031e+12 6.717206974359021072e-04
3.400411932703702637e+12 6.571560754170958484e-04
3.471686818926559082e+12 6.428908186261590675e-04
3.544455673970435547e+12 6.289137664780749528e-04
3.618749812411284180e+12 6.152152150895139190e-04
3.694601205199310059e+12 6.017949820098555990e-04
3.772042493417008789e+12 5.886516882447392343e-04
3.851107002325568848e+12 5.757749937631196800e-04
3.931828755705770020e+12 5.631559092509482670e-04
4.014242490499309570e+12 5.507942602239627788e-04
4.098383671757252930e+12 5.386887629480976601e-04
4.184288507901576172e+12 5.268298399727662897e-04
4.271993966306776855e+12 5.152091658489613884e-04
4.361537789208005859e+12 5.038265720893361603e-04
4.452958509942660156e+12 4.926808623116463561e-04
4.546295469532409180e+12 4.817631676904382109e-04
4.641588833612791016e+12 4.710657794709382650e-04
4.738879609717650391e+12 4.605885334968019135e-04
4.838209664925957031e+12 4.503303135226738936e-04
4.939621743878305664e+12 4.402829091326594104e-04
5.043159487171347656e+12 4.304391843830635217e-04
5.148867450137486328e+12 4.207989780524670916e-04
5.256791122018418945e+12 4.113612474522772636e-04
5.366976945540475586e+12 4.021183938417530754e-04
5.479472336900291992e+12 3.930638132633552332e-04
5.594325706169388672e+12 3.841973462752822869e-04
5.711586478126446289e+12 3.755180177470186765e-04
5.831305113526218750e+12 3.670187971188110503e-04
5.953533130814370117e+12 3.586935744406411484e-04
6.078323128297210938e+12 3.505421911083116495e-04
6.205728806776487305e+12 3.425637340826480685e-04
6.335804992658241211e+12 3.347517005067714526e-04
6.468607661546321289e+12 3.271004391075668584e-04
6.604193962330305664e+12 3.196097913651176916e-04
6.742622241778348633e+12 3.122789013509798912e-04
6.883952069645509766e+12 3.051017562403358203e-04
7.028244264308366211e+12 2.980731305703754655e-04
7.175560918936920898e+12 2.911928653184426186e-04
7.325965428215229492e+12 2.844601571305637659e-04
7.479522515621797852e+12 2.778694481569362901e-04
7.636298261282225586e+12 2.714159081711983485e-04
7.796360130405220703e+12 2.650993772069159616e-04
7.959777002314977539e+12 2.589191003547273279e-04
8.126619200091945312e+12 2.528699421157395012e-04
8.296958520834915039e+12 2.469474390595765840e-04
8.470868266557419922e+12 2.411514299629564830e-04
8.648423275731745117e+12 2.354812046023025524e-04
8.829699955494082031e+12 2.299320194705374262e-04
9.014776314524917969e+12 2.244997514784287666e-04
9.203731996618228516e+12 2.191842379445354747e-04
9.396648314954669922e+12 2.139848099110460420e-04
9.593608287093126953e+12 2.088970876126128458e-04
9.794696670695386719e+12 2.039172636942501845e-04
1.000000000000000000e+13 1.990451739117585184e-04
1.020960662306047461e+13 1.942801874624088400e-04
1.042360673976403125e+13 1.896182620360557629e-04
1.064209244064726758e+13 1.850558831249393568e-04
1.086515774652537305e+13 1.805928849011949442e-04
1.109289864895222656e+13 1.762286718885639175e-04
1.132541315152812695e+13 1.719595147740020553e-04
1.156280131207373047e+13 1.677821706106933524e-04
1.180516528568803125e+13 1.636964720376204302e-04
1.205260936870841211e+13 1.597018563335872595e-04
1.230524004359261523e+13 1.557948844269242813e-04
1.256316602474121484e+13 1.519725651353563461e-04
1.282649830528062695e+13 1.482347296761124371e-04
1.309535020482670312e+13 1.445808457462469901e-04
1.336983741824945312e+13 1.410077433453377986e-04
1.365007806546013672e+13 1.375126646463741323e-04
1.393619274224143359e+13 1.340954396077587607e-04
1.422830457214349023e+13 1.307555642216781178e-04
1.452653925946778320e+13 1.274901178653528003e-04
1.483102514336102734e+13 1.242965589490050316e-04
1.514189325304351953e+13 1.211747163777374472e-04
1.545927736419478516e+13 1.181241125101335028e-04
1.578331405652119727e+13 1.151420577826659165e-04
1.611414277253023242e+13 1.122262109267171791e-04
1.645190587753660742e+13 1.093764000346174423e-04
1.679674872092653125e+13 1.065921720794779984e-04
1.714881969870541016e+13 1.038710515193629085e-04
1.750827031735719922e+13 1.012108826098510650e-04
1.787525525904231641e+13 9.861149289898734022e-05
1.824993244816150391e+13 9.607245238326824030e-05
1.863246311931559766e+13 9.359148369764120441e-05
1.902301188668945703e+13 9.116660286675764191e-05
1.942174681489028516e+13 8.879763718480144672e-05
1.982883949127075391e+13 8.648417822652074811e-05
2.024446509976801562e+13 8.422413207024536362e-05
2.066880249629082031e+13 8.201567372470516825e-05
2.110203428568596484e+13 7.985863053703077087e-05
2.154434690031877734e+13 7.775261434757312236e-05
2.199593068030070312e+13 7.569570097965897513e-05
2.245697995539771484e+13 7.368621254437128921e-05
2.292769312865648828e+13 7.172397676006373173e-05
2.340827276178294141e+13 6.980862454002538802e-05
2.389892566231052344e+13 6.793838871846320576e-05
2.439986297259555078e+13 6.611172746813827751e-05
2.491130026067785938e+13 6.432846920395662393e-05
2.543345761304648438e+13 6.258826282799565932e-05
2.596655972934872656e+13 6.088948634933732143e-05
2.651083601908530859e+13 5.923072374479893503e-05
2.706652070033235938e+13 5.761180445422587048e-05
2.763385290053166797e+13 5.603239438246293406e-05
2.821307675939470703e+13 5.449100571442965906e-05
2.880444153396297656e+13 5.298633870283977256e-05
2.940820170587066797e+13 5.151822414082396051e-05
3.002461709085555078e+13 5.008634403889309890e-05
3.065395295056535938e+13 4.868933453872776858e-05
3.129648010670750391e+13 4.732600332031125062e-05
3.195247505759213672e+13 4.599618285553593418e-05
3.262222009711659766e+13 4.469957044368701762e-05
3.330600343624581641e+13 4.343491669103998197e-05
3.400411932703702734e+13 4.220112848914058310e-05
3.471686818926559766e+13 4.099804030846269302e-05
3.544455673970435938e+13 3.982536399233719930e-05
3.618749812411284375e+13 3.868195579667682858e-05
3.694601205199309375e+13 3.756681419821445019e-05
3.772042493417008594e+13 3.647977597781776934e-05
3.851107002325568750e+13 3.542056684285348813e-05
3.931828755705770312e+13 3.438814051483388921e-05
4.014242490499309375e+13 3.338157997825302300e-05
4.098383671757252344e+13 3.240072462611163877e-05
4.184288507901575781e+13 3.144531340797647939e-05
4.271993966306776562e+13 3.051438991525988619e-05
4.361537789208005469e+13 2.960711507439880776e-05
4.452958509942659375e+13 2.872333118080493028e-05
4.546295469532408594e+13 2.786278985672630440e-05
4.641588833612791406e+13 2.702461751608222149e-05
4.738879609717650781e+13 2.620804693797304345e-05
4.838209664925957031e+13 2.541292359735298253e-05
4.939621743878305469e+13 2.463901126613776474e-05
5.043159487171348438e+13 2.388551264432487776e-05
5.148867450137487500e+13 2.315172671826029864e-05
5.256791122018419531e+13 2.243750240516164104e-05
5.366976945540475781e+13 2.174261514513740334e-05
5.479472336900292188e+13 2.106633786411987838e-05
5.594325706169388281e+13 2.040803052377157837e-05
5.711586478126446875e+13 1.976754573070610416e-05
5.831305113526218750e+13 1.914467014836212139e-05
5.953533130814369531e+13 1.853874131208183354e-05
6.078323128297210938e+13 1.794917531177478182e-05
6.205728806776487500e+13 1.737582867377410328e-05
6.335804992658241406e+13 1.681849887221950873e-05
6.468607661546320312e+13 1.627658284875172626e-05
6.604193962330304688e+13 1.574954833299258892e-05
6.742622241778349219e+13 1.523725598386673651e-05
6.883952069645510938e+13 1.473951370202717707e-05
7.028244264308367188e+13 1.425577301765920657e-05
7.175560918936920312e+13 1.378554914552785596e-05
7.325965428215229688e+13 1.332870707195143812e-05
7.479522515621796875e+13 1.288506476481168051e-05
7.636298261282225000e+13 1.245412388415068773e-05
7.796360130405220312e+13 1.203544328624592045e-05
7.959777002314978125e+13 1.162889246089458868e-05
8.126619200091945312e+13 1.123429910541486889e-05
8.296958520834914062e+13 1.085121088536145348e-05
8.470868266557418750e+13 1.047922674418363929e-05
8.648423275731743750e+13 1.011822083192549512e-05
8.829699955494082812e+13 9.768030255881804990e-06
9.014776314524917188e+13 9.428244874007966070e-06
9.203731996618229688e+13 9.098500431633262776e-06
9.396648314954671875e+13 8.778675875965295008e-06
9.593608287093126562e+13 8.468617420281275703e-06
9.794696670695385938e+13 8.167953591576030133e-06
1.000000000000000000e+14 7.876353902105350096e-06
1.020960662306047656e+14 7.593702213152002720e-06
1.042360673976403281e+14 7.319853553055881696e-06
1.064209244064726875e+14 7.054471864197452244e-06
1.086515774652537188e+14 6.797257623509845469e-06
1.109289864895222656e+14 6.548099702866053934e-06
1.132541315152812656e+14 6.306861665282336285e-06
1.156280131207372969e+14 6.073239865570295232e-06
1.180516528568803125e+14 5.846963159219961716e-06
1.205260936870841250e+14 5.627925504656074577e-06
1.230524004359261562e+14 5.415998727696016759e-06
1.256316602474121406e+14 5.210908825822198456e-06
1.282649830528062500e+14 5.012410647768795736e-06
1.309535020482670312e+14 4.820403293886317091e-06
1.336983741824945156e+14 4.634766587481389256e-06
1.365007806546013906e+14 4.455253615553278022e-06
1.393619274224143594e+14 4.281643021029956912e-06
1.422830457214349062e+14 4.113839080866378116e-06
1.452653925946778125e+14 3.951729355299585891e-06
1.483102514336102812e+14 3.795091668738259670e-06
1.514189325304351875e+14 3.643726431916066769e-06
1.545927736419478438e+14 3.497543112406088853e-06
1.578331405652119688e+14 3.356436749979902311e-06
1.611414277253023125e+14 3.220207740817402268e-06
1.645190587753660625e+14 3.088676396946519610e-06
1.679674872092653125e+14 2.961757369944717874e-06
1.714881969870540938e+14 2.839352923372387328e-06
1.750827031735719688e+14 2.721284032210203284e-06
1.787525525904231875e+14 2.607389191024254451e-06
1.824993244816150312e+14 2.497588208143196026e-06
1.863246311931559688e+14 2.391790315384612922e-06
1.902301188668945625e+14 2.289835233247074734e-06
1.942174681489028438e+14 2.191578056545527682e-06
1.982883949127075312e+14 2.096943702774491898e-06
2.024446509976801875e+14 2.005848115736947962e-06
2.066880249629082188e+14 1.918148075973054415e-06
2.110203428568596562e+14 1.833713822358926262e-06
2.154434690031877812e+14 1.752475314104394668e-06
2.199593068030070312e+14 1.674354949135750331e-06
2.245697995539771562e+14 1.599225019081760588e-06
2.292769312865648750e+14 1.526969566931032022e-06
2.340827276178294375e+14 1.457523506753736030e-06
2.389892566231052500e+14 1.390815430416362170e-06
2.439986297259555000e+14 1.326731717614390588e-06
2.491130026067785938e+14 1.265168982492208628e-06
2.543345761304648125e+14 1.206066988258501623e-06
2.596655972934872500e+14 1.149360257625096864e-06
2.651083601908530625e+14 1.094947951310254695e-06
2.706652070033235938e+14 1.042738119993220972e-06
2.763385290053167188e+14 9.926752520859135469e-07
2.821307675939470625e+14 9.446995347254629001e-07
2.880444153396298125e+14 8.987217092841653087e-07
2.940820170587066250e+14 8.546602186224449684e-07
3.002461709085555000e+14 8.124641350150951613e-07
3.065395295056535625e+14 7.720790401052864872e-07
3.129648010670750625e+14 7.334261536105356755e-07
3.195247505759213750e+14 6.964333490447529547e-07
3.262222009711659375e+14 6.610541247833285897e-07
3.330600343624581250e+14 6.272391835931502247e-07
3.400411932703702500e+14 5.949192113018239179e-07
3.471686818926559375e+14 5.640306265259087245e-07
3.544455673970435625e+14 5.345311807512573983e-07
3.618749812411283750e+14 5.063764213319908044e-07
3.694601205199310000e+14 4.795055707097975238e-07
3.772042493417008750e+14 4.538627767450553425e-07
3.851107002325568750e+14 4.294098571433376045e-07
3.931828755705770000e+14 4.061069246113539048e-07
4.014242490499310000e+14 3.839008846297567875e-07
4.098383671757253125e+14 3.627428623309139979e-07
4.184288507901576250e+14 3.425985423020248066e-07
4.271993966306776875e+14 3.234323213229898958e-07
4.361537789208005625e+14 3.051980040337192357e-07
4.452958509942660000e+14 2.878529995195564571e-07
4.546295469532408750e+14 2.713666491394224648e-07
4.641588833612791250e+14 2.557073513347387162e-07
4.738879609717650625e+14 2.408350900914069859e-07
4.838209664925956875e+14 2.267129190775574574e-07
4.939621743878305000e+14 2.133136173648136631e-07
5.043159487171348125e+14 2.006093025896178646e-07
5.148867450137486875e+14 1.885654772105539987e-07
5.256791122018418750e+14 1.771502498081497920e-07
5.366976945540476250e+14 1.663396110900061819e-07
5.479472336900293125e+14 1.561091165981232191e-07
5.594325706169389375e+14 1.464291807208126089e-07
5.711586478126446250e+14 1.372724232351821777e-07
5.831305113526218750e+14 1.286178155011443810e-07
5.953533130814370000e+14 1.204440723106605958e-07
6.078323128297211250e+14 1.127259637209437794e-07
6.205728806776487500e+14 1.054401196998211139e-07
6.335804992658241250e+14 9.856825860474390659e-08
6.468607661546320000e+14 9.209198003939863436e-08
6.604193962330305000e+14 8.598990014477975397e-08
6.742622241778348750e+14 8.024219792838032199e-08
6.883952069645510000e+14 7.483310469287574263e-08
7.028244264308366250e+14 6.974683628282380788e-08
7.175560918936921250e+14 6.496538881197612398e-08
7.325965428215230000e+14 6.047206654247065894e-08
7.479522515621797500e+14 5.625338156832629820e-08
7.636298261282225000e+14 5.229590497718792048e-08
7.796360130405220000e+14 4.858458741145332684e-08
7.959777002314977500e+14 4.510546983239617807e-08
8.126619200091946250e+14 4.184711716502215337e-08
8.296958520834916250e+14 3.879820403942346099e-08
8.470868266557420000e+14 3.594624838619829578e-08
8.648423275731745000e+14 3.327967269757873393e-08
8.829699955494082500e+14 3.078887319840056148e-08
9.014776314524917500e+14 2.846438734471775650e-08
9.203731996618230000e+14 2.629594914349310831e-08
9.396648314954671250e+14 2.427403922833873341e-08
9.593608287093126250e+14 2.239067213201157024e-08
9.794696670695385000e+14 2.063801998407595165e-08
1.000000000000000000e+15 1.900771572774228207e-08
1.020960662306047500e+15 1.749200508997204182e-08
1.042360673976403250e+15 1.608431839419732722e-08
1.064209244064722375e+15 1.477824828362082939e-08
1.086515774652537375e+15 1.356704177893492430e-08
1.109289864895222875e+15 1.244444566916078465e-08
1.132541315152812750e+15 1.140511572559071231e-08
1.156280131207377750e+15 1.044386615168937273e-08
1.180516528568803000e+15 9.555303776593014865e-09
1.205260936870841250e+15 8.734440161611681363e-09
1.230524004359261500e+15 7.976979774922578194e-09
1.256316602474121500e+15 7.278775594973620266e-09
1.282649830528062500e+15 6.635568947793775040e-09
1.309535020482665000e+15 6.043426357612698026e-09
1.336983741824945250e+15 5.498938938681778372e-09
1.365007806546013750e+15 4.998832503225023523e-09
1.393619274224143500e+15 4.539784892734118832e-09
1.422830457214354750e+15 4.118732956597856863e-09
1.452653925946778250e+15 3.733007854370883829e-09
1.483102514336102750e+15 3.380059481986086468e-09
1.514189325304352000e+15 3.057329875733212678e-09
1.545927736419478500e+15 2.762465353102664358e-09
1.578331405652119500e+15 2.493406350368808868e-09
1.611414277253016750e+15 2.248195301469944929e-09
1.645190587753660750e+15 2.024890044791297491e-09
1.679674872092653250e+15 1.821707794311299461e-09
1.714881969870541000e+15 1.637083336499008398e-09
1.750827031735726750e+15 1.469536977872804204e-09
1.787525525904231750e+15 1.317616079689541494e-09
1.824993244816150500e+15 1.179990856560593644e-09
1.863246311931559750e+15 1.055491016107902670e-09
1.902301188668945750e+15 9.430163130180528569e-10
1.942174681489028250e+15 8.414975729030903146e-10
1.982883949127067250e+15 7.499590720131328831e-10
2.024446509976801750e+15 6.675408356479463419e-10
2.066880249629082000e+15 5.934389552189397857e-10
2.110203428568596500e+15 5.268799185135632632e-10
2.154434690031886500e+15 4.671602671346451494e-10
2.199593068030070500e+15 4.136596105503355309e-10
2.245697995539771750e+15 3.658014088466678033e-10
2.292769312865648500e+15 3.230362576537387333e-10
2.340827276178294500e+15 2.848664329568059435e-10
2.389892566231052500e+15 2.508530827659195909e-10
2.439986297259545000e+15 2.205908561972835203e-10
2.491130026067786000e+15 1.936971316499644482e-10
2.543345761304648500e+15 1.698267521466921669e-10
2.596655972934872000e+15 1.486757030521749648e-10
2.651083601908541500e+15 1.299649551456966531e-10
2.706652070033235500e+15 1.134335868081597802e-10
2.763385290053167000e+15 9.884732305970457732e-11
2.821307675939470500e+15 8.600019256658755296e-11
2.880444153396297500e+15 7.470440002304731157e-11
2.940820170587066500e+15 6.478597043232738508e-11
3.002461709085543000e+15 5.608949300152867668e-11
3.065395295056523500e+15 4.847868936337143733e-11
3.129648010670750500e+15 4.183016522747571294e-11
3.195247505759214000e+15 3.603067214738887436e-11
3.262222009711673500e+15 3.097960826716086762e-11
3.330600343624582000e+15 2.658905441149778365e-11
3.400411932703702500e+15 2.277997994080444720e-11
3.471686818926559500e+15 1.948053351521244075e-11
3.544455673970435500e+15 1.662727281781475065e-11
3.618749812411284000e+15 1.416498265405308323e-11
3.694601205199294500e+15 1.204440769200605816e-11
3.772042493416993500e+15 1.022119362090585306e-11
3.851107002325568500e+15 8.656433179436779425e-12
3.931828755705770000e+15 7.316429975960673490e-12
4.014242490499326000e+15 6.171365596766881849e-12
4.098383671757253000e+15 5.194649611455108987e-12
4.184288507901576000e+15 4.363121979551369895e-12
4.271993966306776500e+15 3.656837635389578566e-12
4.361537789208006000e+15 3.058296068116485428e-12
4.452958509942660000e+15 2.552046912866150661e-12
4.546295469532390000e+15 2.124735680317329043e-12
4.641588833612773000e+15 1.764935324421463778e-12
4.738879609717651000e+15 1.462708878399553880e-12
4.838209664925957000e+15 1.209373704882247208e-12
4.939621743878326000e+15 9.974866651446437555e-13
5.043159487171349000e+15 8.207245838315135412e-13
5.148867450137487000e+15 6.736407782039936181e-13
5.256791122018419000e+15 5.515268219136901379e-13
5.366976945540476000e+15 4.503821437415817520e-13
5.479472336900292000e+15 3.668352058324238276e-13
5.594325706169389000e+15 2.980108943576615196e-13
5.711586478126423000e+15 2.414513690634946148e-13
5.831305113526218000e+15 1.950881532806138565e-13
5.953533130814370000e+15 1.571933080284690130e-13
6.078323128297236000e+15 1.263089654534711729e-13
6.205728806776513000e+15 1.012032891818329892e-13
6.335804992658241000e+15 8.085017536383530041e-14
6.468607661546321000e+15 6.440069037017463091e-14
6.604193962330306000e+15 5.114666505376533506e-14
6.742622241778349000e+15 4.049699923510724020e-14
6.883952069645510000e+15 3.196471272089395670e-14
7.028244264308338000e+15 2.515113229708768972e-14
7.175560918936921000e+15 1.972767786971694242e-14
7.325965428215230000e+15 1.542359336288473379e-14
7.479522515621829000e+15 1.201843940377282570e-14
7.636298261282257000e+15 9.333805541396549765e-15
7.796360130405221000e+15 7.224524798738326656e-15
7.959777002314978000e+15 5.572589333784172288e-15
8.126619200091945000e+15 4.283133754503037309e-15
8.296958520834915000e+15 3.280326981665646225e-15
8.470868266557420000e+15 2.503305943027301042e-15
8.648423275731709000e+15 1.903299316586174563e-15
8.829699955494083000e+15 1.441630604919546451e-15
9.014776314524918000e+15 1.087795848725890639e-15
9.203731996618230000e+15 8.176666154932348375e-16
9.396648314954710000e+15 6.121998864100998030e-16
9.593608287093126000e+15 4.565131555949093155e-16
9.794696670695384000e+15 3.390375290721447950e-16
