1.020960662306047603e+07 1.149120371826094242e+02
1.042360673976401053e+07 1.126174342554932224e+02
1.064209244064724632e+07 1.103685840001859901e+02
1.086515774652537145e+07 1.081642228279117859e+02
1.109289864895222709e+07 1.060031967688629351e+02
1.132541315152812563e+07 1.038850023622933776e+02
1.156280131207375228e+07 1.018090644218496124e+02
1.180516528568805568e+07 9.977421497861756450e+01
1.205260936870841496e+07 9.777938748996315610e+01
1.230524004359261692e+07 9.582411736844876771e+01
1.256316602474121563e+07 9.390787362688028850e+01
1.282649830528059974e+07 9.202957670362499698e+01
1.309535020482667536e+07 9.018824087998949324e+01
1.336983741824945062e+07 8.838343744526153500e+01
1.365007806546013802e+07 8.661467621906548686e+01
1.393619274224143475e+07 8.488095937811010572e+01
1.422830457214351930e+07 8.318137592288164228e+01
1.452653925946781226e+07 8.151553025238530381e+01
1.483102514336102828e+07 7.988296986112419518e+01
1.514189325304351933e+07 7.828277249715348773e+01
1.545927736419478431e+07 7.671409623697596203e+01
1.578331405652116425e+07 7.517657603451708326e+01
1.611414277253019996e+07 7.366979416630788080e+01
1.645190587753660791e+07 7.219289825069121491e+01
1.679674872092653066e+07 7.074511022080400835e+01
1.714881969870540872e+07 6.932609322806331420e+01
1.750827031735723466e+07 6.793546166128696484e+01
1.787525525904235244e+07 6.657242773576160744e+01
1.824993244816150516e+07 6.523627241707251301e+01
1.863246311931559816e+07 6.392668487610384176e+01
1.902301188668945804e+07 6.264330915019499457e+01
1.942174681489024311e+07 6.138541717569015788e+01
1.982883949127071351e+07 6.015234448804459788e+01
2.024446509976801649e+07 5.894380427017156876e+01
2.066880249629081786e+07 5.775946793195703322e+01
2.110203428568596393e+07 5.659866262130343983e+01
2.154434690031882003e+07 5.546077431851922768e+01
2.199593068030074611e+07 5.434553836593306642e+01
2.245697995539776236e+07 5.325265144331996225e+01
2.292769312865648791e+07 5.218149174107098531e+01
2.340827276178294048e+07 5.113149187146456143e+01
2.389892566231048107e+07 5.010240762452546193e+01
2.439986297259550542e+07 4.909395900956915426e+01
2.491130026067791134e+07 4.810557140513932950e+01
2.543345761304648221e+07 4.713672052737122442e+01
2.596655972934872285e+07 4.618718103672397746e+01
2.651083601908536255e+07 4.525669448039837306e+01
2.706652070033241063e+07 4.434472985928302080e+01
2.763385290053172782e+07 4.345080273449926267e+01
2.821307675939470530e+07 4.257470517881844785e+01
2.880444153396297619e+07 4.171619862332752859e+01
2.940820170587060601e+07 4.087479239554317445e+01
3.002461709085549042e+07 4.005003888642391985e+01
3.065395295056529716e+07 3.924174623680897156e+01
3.129648010670750216e+07 3.844969423436011624e+01
3.195247505759213492e+07 3.767342948521952195e+01
3.262222009711666778e+07 3.691253842315406075e+01
3.330600343624588847e+07 3.616684401639781044e+01
3.400411932703709602e+07 3.543614299911595111e+01
3.471686818926559389e+07 3.472001643753330313e+01
3.544455673970435560e+07 3.401808223148911026e+01
3.618749812411276251e+07 3.333017703182193969e+01
3.694601205199302733e+07 3.265611321684242085e+01
3.772042493417001516e+07 3.199550370722732850e+01
3.851107002325568348e+07 3.134799548679026060e+01
3.931828755705770105e+07 3.071343783198539512e+01
4.014242490499317646e+07 3.009165756298283867e+01
4.098383671757261455e+07 2.948229704571943799e+01
4.184288507901584357e+07 2.888503014561568349e+01
4.271993966306776553e+07 2.829971778926923420e+01
4.361537789208005369e+07 2.772620012914714138e+01
4.452958509942659736e+07 2.716414674852630995e+01
4.546295469532398880e+07 2.661325635806010581e+01
4.641588833612781763e+07 2.607340063471584202e+01
4.738879609717650712e+07 2.554443203836003207e+01
4.838209664925957471e+07 2.502604531014231881e+01
4.939621743878325820e+07 2.451796212323481683e+01
5.043159487171358615e+07 2.402006407429728085e+01
5.148867450137497485e+07 2.353221498501104847e+01
5.256791122018418461e+07 2.305413284950914488e+01
5.366976945540475845e+07 2.258556056319470784e+01
5.479472336900292337e+07 2.212638887631987217e+01
5.594325706169377267e+07 2.167649209852507042e+01
5.711586478126434237e+07 2.123560971625887817e+01
5.831305113526218385e+07 2.080350423848715735e+01
5.953533130814369768e+07 2.038007486157642134e+01
6.078323128297235817e+07 1.996520557659981066e+01
6.205728806776500493e+07 1.955865573454503803e+01
6.335804992658253759e+07 1.916020597052209240e+01
6.468607661546321213e+07 1.876976327419573920e+01
6.604193962330305576e+07 1.838722057384858743e+01
6.742622241778348386e+07 1.801235557976321289e+01
6.883952069645495713e+07 1.764496567805296223e+01
7.028244264308351278e+07 1.728496504952415691e+01
7.175560918936920166e+07 1.693225487228615833e+01
7.325965428215231001e+07 1.658662982436732847e+01
7.479522515621829033e+07 1.624790277176884956e+01
7.636298261282241344e+07 1.591599453067427383e+01
7.796360130405236781e+07 1.559081389454217081e+01
7.959777002314977348e+07 1.527217122249727055e+01
8.126619200091944635e+07 1.495989368543414955e+01
8.296958520834915340e+07 1.465390822210479094e+01
8.470868266557401419e+07 1.435413065534376820e+01
8.648423275731725991e+07 1.406038583613410431e+01
8.829699955494081974e+07 1.377251415402981927e+01
9.014776314524917305e+07 1.349044819703408749e+01
9.203731996618229151e+07 1.321411027655312509e+01
9.396648314954690635e+07 1.294333863582871480e+01
9.593608287093147635e+07 1.267798587900634466e+01
9.794696670695386827e+07 1.241798980657532603e+01
1.000000000000000000e+08 1.216327871935404836e+01
1.020960662306047529e+08 1.191370323622539118e+01
1.042360673976403177e+08 1.166912724775473542e+01
1.064209244064722359e+08 1.142949336400086224e+01
1.086515774652537256e+08 1.119473541417742091e+01
1.109289864895222783e+08 1.096471545321013252e+01
1.132541315152812600e+08 1.073930780000117302e+01
1.156280131207377762e+08 1.051845950231809645e+01
1.180516528568803072e+08 1.030210949242277252e+01
1.205260936870841384e+08 1.009013039239455445e+01
1.230524004359261543e+08 9.882406156476221781e+00
1.256316602474121451e+08 9.678887927094109500e+00
1.282649830528062433e+08 9.479519346646135602e+00
1.309535020482665002e+08 9.284182801343497715e+00
1.336983741824945360e+08 9.092771147738686111e+00
1.365007806546013653e+08 8.905239306315268166e+00
1.393619274224143326e+08 8.721535266949633325e+00
1.422830457214354575e+08 8.541550437650716532e+00
1.452653925946778059e+08 8.365185899764101762e+00
1.483102514336102903e+08 8.192400059611752994e+00
1.514189325304352045e+08 8.023144919880042636e+00
1.545927736419478357e+08 7.857320224147853693e+00
1.578331405652119517e+08 7.694834652248528251e+00
1.611414277253016531e+08 7.535649826817114594e+00
1.645190587753660679e+08 7.379721454329501995e+00
1.679674872092653215e+08 7.226956979614516108e+00
1.714881969870540798e+08 7.077272102155832023e+00
1.750827031735726893e+08 6.930631412183088536e+00
1.787525525904231668e+08 6.786994034745368332e+00
1.824993244816150367e+08 6.646274529557854471e+00
1.863246311931559741e+08 6.508395080780914554e+00
1.902301188668946028e+08 6.373323016765658267e+00
1.942174681489028633e+08 6.241020617758213263e+00
1.982883949127075374e+08 6.111409016439759867e+00
2.024446509976801872e+08 5.984416387226343836e+00
2.066880249629082084e+08 5.860012584813062197e+00
2.110203428568596542e+08 5.738162801575901639e+00
2.154434690031886399e+08 5.618794242241332171e+00
2.199593068030070364e+08 5.501840614522465422e+00
2.245697995539771616e+08 5.387274104045912004e+00
2.292769312865648568e+08 5.275062590971756116e+00
2.340827276178294122e+08 5.165138889088788154e+00
2.389892566231052577e+08 5.057441817058790257e+00
2.439986297259555161e+08 4.951945711187479837e+00
2.491130026067785919e+08 4.848620932296911157e+00
2.543345761304648221e+08 4.747405475311366807e+00
2.596655972934872508e+08 4.648242879585044562e+00
2.651083601908541918e+08 4.551109465727405379e+00
2.706652070033235550e+08 4.455977884054591165e+00
2.763385290053166747e+08 4.362790915148294424e+00
2.821307675939470530e+08 4.271496458361205839e+00
2.880444153396297693e+08 4.182072665159551228e+00
2.940820170587067008e+08 4.094494298859377324e+00
3.002461709085555673e+08 4.008708560189639059e+00
3.065395295056523085e+08 3.924667375217000043e+00
3.129648010670750141e+08 3.842350584648023037e+00
3.195247505759213567e+08 3.761734901893905914e+00
3.262222009711673260e+08 3.682771610055226574e+00
3.330600343624581695e+08 3.605416353924636663e+00
3.400411932703702450e+08 3.529650532770943538e+00
3.471686818926559091e+08 3.455452659758436518e+00
3.544455673970435262e+08 3.382777788209010428e+00
3.618749812411283851e+08 3.311584997009413112e+00
3.694601205199309587e+08 3.241857123448192990e+00
3.772042493416993618e+08 3.173574341680330591e+00
3.851107002325568795e+08 3.106695186739558689e+00
3.931828755705770254e+08 3.041181908657463406e+00
4.014242490499325991e+08 2.977018671507694503e+00
4.098383671757252812e+08 2.914187182319359248e+00
4.184288507901575565e+08 2.852649191291677155e+00
4.271993966306776404e+08 2.792369876596409117e+00
4.361537789208005667e+08 2.733334626475493412e+00
4.452958509942659736e+08 2.675526562588947055e+00
4.546295469532408714e+08 2.618910403981848045e+00
4.641588833612772226e+08 2.563454032441922159e+00
4.738879609717651010e+08 2.509143965703081847e+00
4.838209664925957322e+08 2.455964630926637415e+00
4.939621743878325820e+08 2.403883488383401712e+00
5.043159487171348333e+08 2.352870916060427309e+00
5.148867450137487054e+08 2.302914473803741036e+00
5.256791122018419504e+08 2.253999793556280551e+00
5.366976945540476441e+08 2.206096866521527922e+00
5.479472336900292635e+08 2.159178375214175993e+00
5.594325706169389486e+08 2.113232841003255924e+00
5.711586478126422167e+08 2.068247007646681901e+00
5.831305113526217937e+08 2.024193202958411320e+00
5.953533130814369917e+08 1.981046236934844051e+00
6.078323128297235966e+08 1.938795518094458270e+00
6.205728806776486635e+08 1.897428816200963597e+00
6.335804992658240795e+08 1.856920616159793758e+00
6.468607661546320915e+08 1.817247691870922832e+00
6.604193962330304384e+08 1.778400270397858085e+00
6.742622241778348684e+08 1.740367068307765663e+00
6.883952069645509720e+08 1.703124561738738940e+00
7.028244264308338165e+08 1.666651337385976817e+00
7.175560918936921358e+08 1.630938377555802621e+00
7.325965428215229511e+08 1.595975272528020295e+00
7.479522515621827841e+08 1.561740336442867916e+00
7.636298261282258034e+08 1.528213829204664087e+00
7.796360130405220985e+08 1.495387429955497449e+00
7.959777002314977646e+08 1.463251535231223865e+00
8.126619200091946125e+08 1.431786155623326895e+00
8.296958520834914446e+08 1.400973095299514748e+00
8.470868266557419300e+08 1.370804676359743679e+00
8.648423275731709003e+08 1.341272039333076593e+00
8.829699955494083166e+08 1.312356760498097907e+00
9.014776314524917603e+08 1.284042069193961355e+00
9.203731996618230343e+08 1.256320880758154290e+00
9.396648314954710007e+08 1.229185022250276038e+00
9.593608287093126774e+08 1.202617514856705316e+00
9.794696670695385933e+08 1.176602903079226659e+00
1.000000000000000000e+09 1.151134649627540529e+00
1.020960662306047559e+09 1.126205215061652609e+00
1.042360673976403356e+09 1.101798953907737744e+00
1.064209244064726830e+09 1.077901624223996713e+00
1.086515774652537346e+09 1.054507193781871521e+00
1.109289864895222664e+09 1.031608707697487137e+00
1.132541315152812481e+09 1.009191750789084185e+00
1.156280131207372904e+09 9.872432008451692553e-01
1.180516528568803072e+09 9.657574916472650983e-01
1.205260936870841503e+09 9.447282077005318968e-01
1.230524004359261513e+09 9.241420689485462248e-01
1.256316602474121332e+09 9.039869862461412664e-01
1.282649830528062582e+09 8.842578233700968404e-01
1.309535020482670307e+09 8.649486625293973940e-01
1.336983741824945211e+09 8.460472708952525567e-01
1.365007806546013832e+09 8.275425123685243856e-01
1.393619274224143505e+09 8.094296474819669962e-01
1.422830457214349031e+09 7.917032176839664537e-01
1.452653925946778297e+09 7.743519562040118709e-01
1.483102514336102724e+09 7.573656060882316687e-01
1.514189325304351807e+09 7.407397939692430544e-01
1.545927736419478655e+09 7.244694850299473465e-01
1.578331405652119875e+09 7.085443036047361920e-01
1.611414277253023148e+09 6.929548036490718044e-01
1.645190587753660679e+09 6.776969496083901090e-01
1.679674872092653036e+09 6.627660976383407121e-01
1.714881969870540857e+09 6.481526939644639551e-01
1.750827031735726833e+09 6.338480404535646873e-01
1.787525525904231787e+09 6.198484132595419860e-01
1.824993244816150427e+09 6.061495292785016309e-01
1.863246311931559801e+09 5.927425927228714420e-01
1.902301188668945789e+09 5.796195952000543494e-01
1.942174681489028454e+09 5.667771004950434843e-01
1.982883949127075434e+09 5.542111583432040023e-01
2.024446509976801872e+09 5.419136719404681335e-01
2.066880249629082203e+09 5.298772689351467502e-01
2.110203428568596601e+09 5.180987785235817711e-01
2.154434690031886578e+09 5.065745575363190811e-01
2.199593068030070305e+09 4.952971536799563590e-01
2.245697995539771557e+09 4.842597810664786562e-01
2.292769312865648746e+09 4.734595138088840693e-01
2.340827276178294182e+09 4.628929920719018765e-01
2.389892566231052876e+09 4.525533577868546264e-01
2.439986297259555340e+09 4.424343657650289807e-01
2.491130026067785740e+09 4.325333161248025582e-01
2.543345761304647923e+09 4.228471104414903703e-01
2.596655972934872150e+09 4.133694384495280594e-01
2.651083601908541679e+09 4.040945534208514878e-01
2.706652070033235550e+09 3.950199640282217040e-01
2.763385290053166866e+09 3.861428130258236502e-01
2.821307675939470768e+09 3.774572951058456360e-01
2.880444153396297932e+09 3.689581230104217457e-01
2.940820170587066650e+09 3.606429978691483851e-01
3.002461709085555077e+09 3.525092849459297573e-01
3.065395295056523800e+09 3.445516443430166609e-01
3.129648010670750618e+09 3.367652122913259438e-01
3.195247505759213448e+09 3.291478675216169547e-01
3.262222009711673260e+09 3.216971805815052043e-01
3.330600343624581814e+09 3.144082404855468305e-01
3.400411932703702450e+09 3.072765737449889012e-01
3.471686818926559448e+09 3.003002229881163720e-01
3.544455673970435619e+09 2.934769481494307053e-01
3.618749812411283970e+09 2.868022334743706159e-01
3.694601205199309826e+09 2.802719651102819065e-01
3.772042493416993618e+09 2.738843369384309501e-01
3.851107002325568676e+09 2.676372836120233245e-01
3.931828755705770016e+09 2.615266535265406422e-01
4.014242490499325752e+09 2.555486641918177648e-01
4.098383671757252693e+09 2.497016490729937754e-01
4.184288507901576042e+09 2.439837040071612118e-01
4.271993966306777000e+09 2.383910128637682369e-01
4.361537789208005905e+09 2.329200984248495088e-01
4.452958509942660332e+09 2.275694229751285269e-01
4.546295469532408714e+09 2.223372310472633562e-01
4.641588833612771988e+09 2.172200155248724951e-01
4.738879609717651367e+09 2.122145803951212273e-01
4.838209664925957680e+09 2.073195068279436726e-01
4.939621743878325462e+09 2.025331765280772300e-01
5.043159487171347618e+09 1.978523669852959299e-01
5.148867450137486458e+09 1.932741411874292214e-01
5.256791122018419266e+09 1.887971900248147372e-01
5.366976945540475845e+09 1.844200217410275899e-01
5.479472336900292397e+09 1.801396759160850958e-01
5.594325706169388771e+09 1.759534540572748884e-01
5.711586478126422882e+09 1.718601483179773293e-01
5.831305113526218414e+09 1.678583836699553689e-01
5.953533130814370155e+09 1.639454410147418439e-01
6.078323128297236443e+09 1.601188414890681311e-01
6.205728806776488304e+09 1.563774707051108492e-01
6.335804992658241272e+09 1.527200613100918314e-01
6.468607661546320915e+09 1.491441163733259467e-01
6.604193962330305099e+09 1.456473592384529836e-01
6.742622241778348923e+09 1.422287617752599209e-01
6.883952069645509720e+09 1.388871559541154377e-01
7.028244264308338165e+09 1.356202493479425619e-01
7.175560918936921120e+09 1.324259514409850402e-01
7.325965428215229988e+09 1.293033137153325463e-01
7.479522515621828079e+09 1.262512597582973184e-01
7.636298261282225609e+09 1.232676853579665333e-01
7.796360130405220985e+09 1.203506713244079790e-01
7.959777002314977646e+09 1.174993426203596592e-01
8.126619200091945648e+09 1.147127073391043389e-01
8.296958520834915161e+09 1.119888344662527263e-01
8.470868266557419777e+09 1.093259624782870892e-01
8.648423275731708527e+09 1.067232841599121546e-01
8.829699955494083405e+09 1.041798855499112275e-01
9.014776314524917603e+09 1.016939949859785308e-01
9.203731996618228912e+09 9.926399601877887446e-02
9.396648314954671860e+09 9.688914403270255937e-02
9.593608287093128204e+09 9.456859695881762728e-02
9.794696670695384979e+09 9.230072972434351375e-02
1.000000000000000000e+10 9.008405934601992904e-02
1.020960662306047440e+10 8.791789898879349974e-02
1.042360673976403236e+10 8.580147289124451238e-02
1.064209244064726830e+10 8.373329080633697130e-02
1.086515774652537155e+10 8.171199251781492701e-02
1.109289864895222664e+10 7.973694452350996165e-02
1.132541315152812576e+10 7.780743221694158551e-02
1.156280131207373047e+10 7.592208933537988869e-02
1.180516528568803024e+10 7.407966856891577689e-02
1.205260936870841217e+10 7.227958564388783924e-02
1.230524004359261703e+10 7.052118235446781791e-02
1.256316602474121475e+10 6.880320643204777820e-02
1.282649830528062630e+10 6.712451438644512214e-02
1.309535020482670403e+10 6.548456738432516244e-02
1.336983741824945259e+10 6.388275923446772031e-02
1.365007806546013641e+10 6.231794245731150234e-02
1.393619274224143410e+10 6.078906901026855103e-02
1.422830457214348984e+10 5.929564200391731349e-02
1.452653925946778107e+10 5.783710321483010591e-02
1.483102514336102867e+10 5.641240147244231534e-02
1.514189325304351997e+10 5.502057646850579131e-02
1.545927736419478416e+10 5.366117003043937433e-02
1.578331405652119637e+10 5.233366816914999942e-02
1.611414277253023148e+10 5.103710821161722144e-02
1.645190587753660774e+10 4.977061047871017552e-02
1.679674872092653275e+10 4.853375253609458484e-02
1.714881969870541000e+10 4.732606118453114991e-02
1.750827031735726929e+10 4.614665505408094281e-02
1.787525525904231644e+10 4.499472855045931474e-02
1.824993244816150284e+10 4.386989222833703739e-02
1.863246311931559753e+10 4.277171050033596461e-02
1.902301188668945694e+10 4.169937667438358697e-02
1.942174681489028549e+10 4.065215321423327338e-02
1.982883949127075195e+10 3.962968112576287921e-02
2.024446509976801682e+10 3.863155950169343267e-02
2.066880249629082108e+10 3.765705022742601993e-02
2.110203428568596649e+10 3.670547827539973051e-02
2.154434690031886673e+10 3.577651276008678854e-02
2.199593068030070114e+10 3.486978474935141514e-02
2.245697995539771652e+10 3.398461909013524018e-02
2.292769312865648651e+10 3.312039815437257950e-02
2.340827276178294373e+10 3.227681700255254083e-02
2.389892566231052399e+10 3.145353618232397258e-02
2.439986297259555435e+10 3.064993833273104568e-02
2.491130026067786026e+10 2.986545852203802143e-02
2.543345761304648209e+10 2.909981576038124171e-02
2.596655972934872437e+10 2.835269777303688413e-02
2.651083601908541489e+10 2.762354023359772648e-02
2.706652070033235550e+10 2.691182657789085650e-02
2.763385290053166962e+10 2.621729792269104561e-02
2.821307675939470673e+10 2.553966704700138049e-02
2.880444153396297836e+10 2.487841828119161450e-02
2.940820170587066650e+10 2.423307944505878261e-02
3.002461709085555267e+10 2.360341206052708057e-02
3.065395295056523514e+10 2.298915200098210210e-02
3.129648010670750427e+10 2.238982822582367277e-02
3.195247505759213638e+10 2.180500927366767205e-02
3.262222009711672974e+10 2.123447550058008698e-02
3.330600343624581909e+10 2.067798406668626757e-02
3.400411932703702927e+10 2.013510485557994459e-02
3.471686818926559448e+10 1.960544375283097482e-02
3.544455673970435333e+10 1.908879849819226926e-02
3.618749812411283875e+10 1.858494587097179671e-02
3.694601205199309540e+10 1.809349327157424789e-02
3.772042493416993713e+10 1.761408083117980625e-02
3.851107002325569153e+10 1.714652233390295127e-02
3.931828755705770111e+10 1.669061263991430261e-02
4.014242490499325562e+10 1.624599353326946702e-02
4.098383671757252502e+10 1.581233653864393823e-02
4.184288507901576233e+10 1.538947024790139444e-02
4.271993966306776428e+10 1.497720618287358765e-02
4.361537789208005524e+10 1.457521763082713501e-02
4.452958509942659760e+10 1.418320488757250815e-02
4.546295469532408905e+10 1.380101021075396880e-02
4.641588833612772369e+10 1.342846047472059587e-02
4.738879609717650604e+10 1.306525782232389674e-02
4.838209664925956726e+10 1.271112890981124233e-02
4.939621743878325653e+10 1.236592860609493465e-02
5.043159487171348572e+10 1.202949793030367795e-02
5.148867450137487030e+10 1.170156544781612851e-02
5.256791122018418884e+10 1.138188195963408048e-02
5.366976945540475464e+10 1.107031397208292633e-02
5.479472336900292206e+10 1.076671553499042484e-02
5.594325706169388580e+10 1.047083940079883077e-02
5.711586478126422882e+10 1.018245847924423818e-02
5.831305113526218414e+10 9.901450014665812843e-03
5.953533130814369965e+10 9.627680059901329995e-03
6.078323128297235870e+10 9.360923501012072268e-03
6.205728806776487732e+10 9.100973485900998305e-03
6.335804992658241272e+10 8.847717166304627789e-03
6.468607661546320343e+10 8.601031650033915885e-03
6.604193962330305481e+10 8.360712070961369771e-03
6.742622241778349304e+10 8.126570096989374492e-03
6.883952069645510864e+10 7.898502020073657967e-03
7.028244264308338928e+10 7.676395128523020271e-03
7.175560918936921692e+10 7.460063072531134161e-03
7.325965428215229797e+10 7.249334462173398150e-03
7.479522515621827698e+10 7.044114021029190299e-03
7.636298261282226562e+10 6.844298411245664654e-03
7.796360130405221558e+10 6.649718209965974937e-03
7.959777002314976501e+10 6.460217520801283045e-03
8.126619200091944885e+10 6.275708844436094468e-03
8.296958520834915161e+10 6.096097472806912519e-03
8.470868266557418823e+10 5.921229451421081147e-03
8.648423275731707764e+10 5.750963047712364003e-03
8.829699955494082642e+10 5.585217934892808093e-03
9.014776314524917603e+10 5.423907348386417318e-03
9.203731996618229675e+10 5.266891463857106478e-03
9.396648314954670715e+10 5.114041492318762740e-03
9.593608287093125916e+10 4.965283721034285253e-03
9.794696670695385742e+10 4.820538695889404340e-03
1.000000000000000000e+11 4.679679495274292889e-03
1.020960662306047516e+11 4.542589154258739985e-03
1.042360673976403351e+11 4.409200058262006602e-03
1.064209244064726715e+11 4.279439479780627886e-03
1.086515774652537231e+11 4.153192274385839565e-03
1.109289864895222778e+11 4.030352274384548135e-03
1.132541315152812653e+11 3.910857486758625816e-03
1.156280131207372894e+11 3.794641372113795579e-03
1.180516528568803101e+11 3.681599531418316713e-03
1.205260936870841370e+11 3.571635652642665259e-03
1.230524004359261475e+11 3.464692924046934575e-03
1.256316602474121399e+11 3.360710497712944469e-03
1.282649830528062439e+11 3.259593774414645557e-03
1.309535020482670288e+11 3.161255434633187481e-03
1.336983741824945221e+11 3.065643441157500561e-03
1.365007806546013794e+11 2.972702179527894097e-03
1.393619274224143372e+11 2.882345984000505342e-03
1.422830457214349060e+11 2.794495736533546531e-03
1.452653925946778259e+11 2.709103798660712683e-03
1.483102514336102905e+11 2.626119366996309754e-03
1.514189325304352112e+11 2.545464915830508539e-03
1.545927736419478455e+11 2.467068803854329233e-03
1.578331405652119751e+11 2.390887444177575757e-03
1.611414277253023071e+11 2.316874454994052434e-03
1.645190587753660583e+11 2.244959724139258903e-03
1.679674872092653198e+11 2.175078423245594382e-03
1.714881969870540771e+11 2.107190696260143395e-03
1.750827031735719604e+11 2.041254223794846528e-03
1.787525525904231873e+11 1.977205642290319997e-03
1.824993244816150513e+11 1.914986328537711174e-03
1.863246311931559753e+11 1.854559860994626705e-03
1.902301188668945618e+11 1.795887651538885261e-03
1.942174681489028320e+11 1.738912476806933789e-03
1.982883949127075500e+11 1.683581362425407360e-03
2.024446509976802063e+11 1.629861047601376210e-03
2.066880249629082031e+11 1.577716370164002372e-03
2.110203428568596497e+11 1.527095690460061102e-03
2.154434690031877747e+11 1.477951173906096689e-03
2.199593068030070190e+11 1.430252467546518124e-03
2.245697995539771729e+11 1.383967553688922672e-03
2.292769312865648804e+11 1.339049867587457530e-03
2.340827276178294067e+11 1.295456248817469834e-03
2.389892566231052551e+11 1.253159018617860292e-03
2.439986297259555054e+11 1.212129044311656932e-03
2.491130026067796021e+11 1.172324371022366238e-03
2.543345761304648132e+11 1.133706086721370052e-03
2.596655972934872437e+11 1.096248971007949364e-03
2.651083601908530884e+11 1.059926537064270757e-03
2.706652070033235779e+11 1.024701015017659032e-03
2.763385290053167114e+11 9.905373520675371177e-04
2.821307675939470825e+11 9.574125868012936871e-04
2.880444153396297607e+11 9.253026578506113589e-04
2.940820170587066650e+11 8.941735923362018491e-04
3.002461709085555420e+11 8.639938411013752548e-04
3.065395295056536255e+11 8.347425175695624830e-04
3.129648010670750732e+11 8.063977827142209493e-04
3.195247505759213257e+11 7.789291064444704617e-04
3.262222009711659546e+11 7.523081184780348180e-04
3.330600343624581909e+11 7.265158369958939861e-04
3.400411932703702393e+11 7.015324581727073929e-04
3.471686818926559448e+11 6.773305715022939159e-04
3.544455673970435181e+11 6.538846890709989123e-04
3.618749812411284180e+11 6.311775767524029079e-04
3.694601205199309692e+11 6.091912935239784813e-04
3.772042493417008667e+11 5.879012536776800392e-04
3.851107002325568848e+11 5.672845810810972327e-04
3.931828755705770264e+11 5.473256442715279278e-04
4.014242490499309692e+11 5.280082062373079969e-04
4.098383671757252808e+11 5.093102373264524500e-04
4.184288507901575928e+11 4.912112263606881928e-04
4.271993966306776123e+11 4.736970106446397122e-04
4.361537789208005371e+11 4.567529109486874071e-04
4.452958509942659912e+11 4.403592087942131235e-04
4.546295469532408447e+11 4.244975329047059572e-04
4.641588833612791138e+11 4.091550657559417836e-04
4.738879609717650757e+11 3.943185512692551267e-04
4.838209664925957031e+11 3.799703591081155137e-04
4.939621743878305664e+11 3.660940527969566076e-04
5.043159487171348267e+11 3.526780459166052486e-04
5.148867450137487183e+11 3.397103816152408301e-04
5.256791122018419189e+11 3.271753146744954695e-04
5.366976945540476074e+11 3.150581565913236257e-04
5.479472336900292969e+11 3.033484468052267654e-04
5.594325706169388428e+11 2.920354136547474505e-04
5.711586478126446533e+11 2.811050123252749420e-04
5.831305113526218262e+11 2.705441321901707599e-04
5.953533130814368896e+11 2.603433414635968838e-04
6.078323128297211914e+11 2.504929487672766025e-04
6.205728806776488037e+11 2.409804417292296240e-04
6.335804992658240967e+11 2.317941328175717299e-04
6.468607661546320801e+11 2.229255294934497208e-04
6.604193962330305176e+11 2.143659241859646801e-04
6.742622241778348389e+11 2.061041843256185475e-04
6.883952069645510254e+11 1.981299047075402880e-04
7.028244264308366699e+11 1.904354495082125282e-04
7.175560918936921387e+11 1.830130062742724877e-04
7.325965428215229492e+11 1.758526836060853905e-04
7.479522515621828613e+11 1.689452306769968889e-04
7.636298261282225342e+11 1.622837923253211208e-04
7.796360130405220947e+11 1.558613697162652295e-04
7.959777002314978027e+11 1.496691867889412544e-04
8.126619200091945801e+11 1.436990308678084798e-04
8.296958520834915771e+11 1.379447573990079650e-04
8.470868266557419434e+11 1.324001063094198375e-04
8.648423275731743164e+11 1.270573027401250695e-04
8.829699955494082031e+11 1.219090666543960473e-04
9.014776314524916992e+11 1.169498996093620147e-04
9.203731996618229980e+11 1.121742115716018454e-04
9.396648314954670410e+11 1.075751254265261929e-04
9.593608287093126221e+11 1.031461980547632412e-04
9.794696670695385742e+11 9.888251777536203420e-05
1.000000000000000000e+12 9.477910153982255204e-05
1.020960662306047485e+12 9.082987626806007320e-05
1.042360673976403198e+12 8.702914897981872580e-05
1.064209244064726929e+12 8.337254017649506040e-05
1.086515774652537354e+12 7.985561597461067398e-05
1.109289864895222656e+12 7.647302251281982608e-05
1.132541315152812744e+12 7.321973833779141011e-05
1.156280131207372803e+12 7.009186597281804785e-05
1.180516528568802979e+12 6.708546771541942604e-05
1.205260936870841309e+12 6.419583221882993235e-05
1.230524004359261719e+12 6.141853839772741595e-05
1.256316602474121338e+12 5.875012473183620636e-05
1.282649830528062500e+12 5.618710118290685691e-05
1.309535020482670410e+12 5.372532960913207334e-05
1.336983741824945068e+12 5.136092493449876588e-05
1.365007806546013672e+12 4.909081932444046598e-05
1.393619274224143311e+12 4.691192601462378499e-05
1.422830457214348877e+12 4.482061749658557663e-05
1.452653925946778320e+12 4.281348654657312985e-05
1.483102514336102783e+12 4.088782026142799114e-05
1.514189325304351807e+12 3.904089457215652347e-05
1.545927736419478516e+12 3.726953616859723727e-05
1.578331405652119873e+12 3.557076317567236368e-05
1.611414277253023193e+12 3.394218212590838387e-05
1.645190587753660889e+12 3.238139458749765944e-05
1.679674872092653076e+12 3.088563059975523415e-05
1.714881969870540771e+12 2.945228628405346542e-05
1.750827031735719727e+12 2.807925513223013134e-05
1.787525525904231689e+12 2.676443054252953871e-05
1.824993244816150391e+12 2.550540013746376215e-05
1.863246311931559814e+12 2.429989537428415118e-05
1.902301188668945801e+12 2.314606702505459584e-05
1.942174681489028320e+12 2.204206951257404163e-05
1.982883949127075439e+12 2.098580689805324632e-05
2.024446509976801758e+12 1.997530758491825018e-05
2.066880249629082031e+12 1.900895253733500377e-05
2.110203428568596680e+12 1.808512916790892003e-05
2.154434690031877930e+12 1.720202103241796318e-05
2.199593068030070312e+12 1.635791897645379867e-05
2.245697995539771484e+12 1.555140946741623921e-05
2.292769312865648926e+12 1.478108742972580036e-05
2.340827276178293945e+12 1.404538278462873185e-05
2.389892566231052246e+12 1.334281784919704890e-05
2.439986297259555176e+12 1.267216212605628155e-05
2.491130026067796387e+12 1.203219493178166160e-05
2.543345761304647949e+12 1.142156288681152055e-05
2.596655972934872070e+12 1.083899201990854433e-05
2.651083601908530762e+12 1.028341445568136781e-05
2.706652070033235840e+12 9.753772957428229949e-06
2.763385290053166992e+12 9.248904319412651343e-06
2.821307675939470703e+12 8.767713438249564463e-06
2.880444153396297852e+12 8.309276547265706563e-06
2.940820170587066406e+12 7.872680914360355805e-06
3.002461709085555176e+12 7.456929828989673205e-06
3.065395295056536133e+12 7.061084857942718506e-06
3.129648010670750488e+12 6.684349585603078439e-06
3.195247505759213867e+12 6.325938686828974850e-06
3.262222009711660156e+12 5.985000845631731438e-06
3.330600343624582031e+12 5.660734500703812453e-06
3.400411932703702637e+12 5.352455450621994893e-06
3.471686818926559082e+12 5.059490376372404214e-06
3.544455673970435547e+12 4.781114588396121558e-06
3.618749812411284180e+12 4.516645772706293874e-06
3.694601205199310059e+12 4.265498300089479125e-06
3.772042493417008789e+12 4.027097016234456315e-06
3.851107002325568848e+12 3.800827198136102817e-06
3.931828755705770020e+12 3.586110121835521383e-06
4.014242490499309570e+12 3.382446465441935521e-06
4.098383671757252930e+12 3.189346829366805970e-06
4.184288507901576172e+12 3.006291700759480109e-06
4.271993966306776855e+12 2.832792066879558616e-06
4.361537789208005859e+12 2.668423915154008141e-06
4.452958509942660156e+12 2.512772502982009650e-06
4.546295469532409180e+12 2.365400487721476418e-06
4.641588833612791016e+12 2.225896294858154116e-06
4.738879609717650391e+12 2.093901386814732750e-06
4.838209664925957031e+12 1.969065781369176118e-06
4.939621743878305664e+12 1.851022811846634200e-06
5.043159487171347656e+12 1.739427516868787818e-06
5.148867450137486328e+12 1.633978066535905672e-06
5.256791122018418945e+12 1.534380439908613047e-06
5.366976945540475586e+12 1.440328541857817035e-06
5.479472336900291992e+12 1.351534502541539615e-06
5.594325706169388672e+12 1.267745408835753564e-06
5.711586478126446289e+12 1.188715402859323094e-06
5.831305113526218750e+12 1.114190104145954530e-06
5.953533130814370117e+12 1.043930384237524312e-06
6.078323128297210938e+12 9.777253474035835814e-07
6.205728806776487305e+12 9.153704113277494254e-07
6.335804992658241211e+12 8.566551710339747051e-07
6.468607661546321289e+12 8.013819400285847047e-07
6.604193962330305664e+12 7.493757525726875519e-07
6.742622241778348633e+12 7.004672410977705471e-07
6.883952069645509766e+12 6.544832362369914615e-07
7.028244264308366211e+12 6.112611344626982257e-07
7.175560918936920898e+12 5.706565501226569697e-07
7.325965428215229492e+12 5.325300179170794222e-07
7.479522515621797852e+12 4.967397555443646208e-07
7.636298261282225586e+12 4.631527231083889226e-07
7.796360130405220703e+12 4.316504329463032062e-07
7.959777002314977539e+12 4.021186849303669546e-07
8.126619200091945312e+12 3.744420282717970516e-07
8.296958520834915039e+12 3.485122150697879213e-07
8.470868266557419922e+12 3.242325762337715771e-07
8.648423275731745117e+12 3.015101472345534900e-07
8.829699955494082031e+12 2.802514567244294536e-07
9.014776314524917969e+12 2.603689409984052666e-07
9.203731996618228516e+12 2.417842120367700885e-07
9.396648314954669922e+12 2.244220558346251161e-07
9.593608287093126953e+12 2.082072505206721980e-07
9.794696670695386719e+12 1.930693962443035989e-07
1.000000000000000000e+13 1.789453338893969119e-07
1.020960662306047461e+13 1.657746009834506660e-07
1.042360673976403125e+13 1.534970434055134353e-07
1.064209244064726758e+13 1.420564228196214329e-07
1.086515774652537305e+13 1.314021896256896046e-07
1.109289864895222656e+13 1.214860659576186879e-07
1.132541315152812695e+13 1.122602650223940779e-07
1.156280131207373047e+13 1.036801626192794640e-07
1.180516528568803125e+13 9.570558338548634163e-08
1.205260936870841211e+13 8.829824939638337879e-08
1.230524004359261523e+13 8.142046154800211519e-08
1.256316602474121484e+13 7.503706026892697010e-08
1.282649830528062695e+13 6.911634834410198651e-08
1.309535020482670312e+13 6.362819961973293928e-08
1.336983741824945312e+13 5.854308924698670314e-08
1.365007806546013672e+13 5.383351909786651730e-08
1.393619274224143359e+13 4.947467191042555708e-08
1.422830457214349023e+13 4.544301973042890425e-08
1.452653925946778320e+13 4.171561566412435565e-08
1.483102514336102734e+13 3.827111975405007150e-08
1.514189325304351953e+13 3.509025659868308640e-08
1.545927736419478516e+13 3.215479928931236620e-08
1.578331405652119727e+13 2.944705575740194562e-08
1.611414277253023242e+13 2.695059923718610516e-08
1.645190587753660742e+13 2.465058378098061618e-08
1.679674872092653125e+13 2.253300816120182126e-08
1.714881969870541016e+13 2.058434594585848649e-08
1.750827031735719922e+13 1.879205970950180182e-08
1.787525525904231641e+13 1.714481506997873826e-08
1.824993244816150391e+13 1.563195167320121438e-08
1.863246311931559766e+13 1.424321863234906913e-08
1.902301188668945703e+13 1.296913210722525320e-08
1.942174681489028516e+13 1.180111785591288846e-08
1.982883949127075391e+13 1.073113414540923117e-08
2.024446509976801562e+13 9.751483850186063012e-09
2.066880249629082031e+13 8.855059858565153092e-09
2.110203428568596484e+13 8.035438020186467174e-09
2.154434690031877734e+13 7.286610586308306440e-09
2.199593068030070312e+13 6.602853664961157969e-09
2.245697995539771484e+13 5.978893259183741340e-09
2.292769312865648828e+13 5.409964367414723124e-09
2.340827276178294141e+13 4.891624150233339574e-09
2.389892566231052344e+13 4.419659061521407211e-09
2.439986297259555078e+13 3.990195454105710072e-09
2.491130026067785938e+13 3.599736020615665849e-09
2.543345761304648438e+13 3.245029966880359025e-09
2.596655972934872656e+13 2.923008371456336046e-09
2.651083601908530859e+13 2.630856614721779939e-09
2.706652070033235938e+13 2.366035980092317193e-09
2.763385290053166797e+13 2.126194227208446275e-09
2.821307675939470703e+13 1.909120890629664104e-09
2.880444153396297656e+13 1.712793814016114335e-09
2.940820170587066797e+13 1.535391283035267007e-09
3.002461709085555078e+13 1.375230971302249045e-09
3.065395295056535938e+13 1.230739224416412903e-09
3.129648010670750391e+13 1.100480320268414822e-09
3.195247505759213672e+13 9.831627507729030807e-10
3.262222009711659766e+13 8.775979119933286160e-10
3.330600343624581641e+13 7.826791308359785901e-10
3.400411932703702734e+13 6.973996129443249995e-10
3.471686818926559766e+13 6.208552539741250432e-10
3.544455673970435938e+13 5.522169424880339630e-10
3.618749812411284375e+13 4.907163290876067828e-10
3.694601205199309375e+13 4.356565174280431132e-10
3.772042493417008594e+13 3.864129300143696118e-10
3.851107002325568750e+13 3.424149089650565500e-10
3.931828755705770312e+13 3.031361215502580463e-10
4.014242490499309375e+13 2.681007041271242988e-10
4.098383671757252344e+13 2.368831272777138603e-10
4.184288507901575781e+13 2.090960874853831245e-10
4.271993966306776562e+13 1.843840810630929793e-10
4.361537789208005469e+13 1.624267758071878973e-10
4.452958509942659375e+13 1.429384362592976781e-10
4.546295469532408594e+13 1.256600313793165759e-10
4.641588833612791406e+13 1.103549603495368576e-10
4.738879609717650781e+13 9.681078847594089537e-11
4.838209664925957031e+13 8.483854624819099526e-11
4.939621743878305469e+13 7.426763534884489329e-11
5.043159487171348438e+13 6.494300686807354071e-11
5.148867450137487500e+13 5.672597067903498910e-11
5.256791122018419531e+13 4.949352841814423554e-11
5.366976945540475781e+13 4.313511880749446213e-11
5.479472336900292188e+13 3.755076985530819799e-11
5.594325706169388281e+13 3.265141102953937444e-11
5.711586478126446875e+13 2.835830906999516958e-11
5.831305113526218750e+13 2.460101029377425357e-11
5.953533130814369531e+13 2.131614145363715608e-11
6.078323128297210938e+13 1.844747516274813571e-11
6.205728806776487500e+13 1.594548656170934032e-11
6.335804992658241406e+13 1.376606667723404664e-11
6.468607661546320312e+13 1.186975201533080950e-11
6.604193962330304688e+13 1.022168261045663893e-11
6.742622241778349219e+13 8.791271823031165753e-12
6.883952069645510938e+13 7.551411158776860765e-12
7.028244264308367188e+13 6.477980844542317971e-12
7.175560918936920312e+13 5.549773208706021339e-12
7.325965428215229688e+13 4.748257084606189143e-12
7.479522515621796875e+13 4.057092436677649009e-12
7.636298261282225000e+13 3.461823324387927328e-12
7.796360130405220312e+13 2.949800965711182551e-12
7.959777002314978125e+13 2.510021735510403672e-12
8.126619200091945312e+13 2.132834818270189267e-12
8.296958520834914062e+13 1.809752272364027559e-12
8.470868266557418750e+13 1.533385251490159085e-12
8.648423275731743750e+13 1.297336262305439150e-12
8.829699955494082812e+13 1.096025591530524376e-12
9.014776314524917188e+13 9.245756217817869650e-13
9.203731996618229688e+13 7.787631889936167959e-13
9.396648314954671875e+13 6.549501296680913210e-13
9.593608287093126562e+13 5.499818167284589201e-13
9.794696670695385938e+13 4.611178968440834741e-13
1.000000000000000000e+14 3.859991345115001756e-13
1.020960662306047656e+14 3.226039670701022771e-13
1.042360673976403281e+14 2.691901841946535152e-13
1.064209244064726875e+14 2.242542301774163190e-13
1.086515774652537188e+14 1.865093632210070185e-13
1.109289864895222656e+14 1.548592696166098400e-13
1.132541315152812656e+14 1.283651494106483938e-13
1.156280131207372969e+14 1.062222871341377939e-13
1.180516528568803125e+14 8.774631781117664947e-14
1.205260936870841250e+14 7.235766672972354766e-14
1.230524004359261562e+14 5.956333846319888376e-14
1.256316602474121406e+14 4.894372438193289151e-14
1.282649830528062500e+14 4.014431886571323528e-14
1.309535020482670312e+14 3.286681175482020931e-14
1.336983741824945156e+14 2.685922662193906963e-14
1.365007806546013906e+14 2.190866763525484538e-14
1.393619274224143594e+14 1.783651406744002730e-14
1.422830457214349062e+14 1.449347308462464603e-14
1.452653925946778125e+14 1.175436186429975502e-14
1.483102514336102812e+14 9.514220734931689454e-15
1.514189325304351875e+14 7.685628179287024106e-15
1.545927736419478438e+14 6.196037120736263728e-15
1.578331405652119688e+14 4.985082308393938084e-15
1.611414277253023125e+14 4.002553669849851033e-15
1.645190587753660625e+14 3.206950531417685283e-15
1.679674872092653125e+14 2.564092559792039060e-15
1.714881969870540938e+14 2.045767126449992051e-15
1.750827031735719688e+14 1.628702987131718190e-15
1.787525525904231875e+14 1.293820021545521677e-15
1.824993244816150312e+14 1.025528478672314555e-15
1.863246311931559688e+14 8.110687781559895197e-16
1.902301188668945625e+14 6.400076419518922950e-16
1.942174681489028438e+14 5.038630502335497752e-16
1.982883949127075312e+14 3.957626843222852629e-16
2.024446509976801875e+14 3.101314698986639183e-16
2.066880249629082188e+14 2.424522098586523189e-16
2.110203428568596562e+14 1.890851271449290440e-16
2.154434690031877812e+14 1.471072489927837918e-16
2.199593068030070312e+14 1.141693085530627639e-16
2.245697995539771562e+14 8.838592370529373574e-17
2.292769312865648750e+14 6.825210846457725832e-17
2.340827276178294375e+14 5.257051914296108412e-17
2.389892566231052500e+14 4.038817107267882684e-17
2.439986297259555000e+14 3.094787453460448614e-17
2.491130026067785938e+14 2.365114296814711038e-17
2.543345761304648125e+14 1.802650292879803911e-17
2.596655972934872500e+14 1.370252892448064204e-17
2.651083601908530625e+14 1.038718710090657867e-17
2.706652070033235938e+14 7.852034735282520105e-18
2.763385290053167188e+14 5.918971132796150059e-18
2.821307675939470625e+14 4.449191887368695832e-18
2.880444153396298125e+14 3.334756220240471513e-18
2.940820170587066250e+14 2.492144281581434646e-18
3.002461709085555000e+14 1.856950926036248858e-18
3.065395295056535625e+14 1.379546150097868615e-18
3.129648010670750625e+14 1.021778423565572196e-18
3.195247505759213750e+14 7.544648260388317856e-19
3.262222009711659375e+14 5.553596306104694844e-19
3.330600343624581250e+14 4.075231362404530622e-19
3.400411932703702500e+14 2.980903662435038467e-19
3.471686818926559375e+14 2.173388375683774675e-19
3.544455673970435625e+14 1.579468345207733535e-19
3.618749812411283750e+14 1.144082810278056025e-19
3.694601205199310000e+14 8.259444995600822959e-20
3.772042493417008750e+14 5.942456742131463895e-20
3.851107002325568750e+14 4.260813712758411536e-20
3.931828755705770000e+14 3.044516051024789789e-20
4.014242490499310000e+14 2.167783547445566014e-20
4.098383671757253125e+14 1.538010062647423168e-20
4.184288507901576250e+14 1.087268289529208615e-20
4.271993966306776875e+14 7.658353790798032770e-21
4.361537789208005625e+14 5.374359798926417952e-21
4.452958509942660000e+14 3.757362279422205298e-21
4.546295469532408750e+14 2.616929996066069996e-21
4.641588833612791250e+14 1.815681513510182849e-21
4.738879609717650625e+14 1.254861718922313338e-21
4.838209664925956875e+14 8.638369177549703891e-22
4.939621743878305000e+14 5.922893992731345905e-22
5.043159487171348125e+14 4.044708087712856530e-22
5.148867450137486875e+14 2.750806857225871762e-22
5.256791122018418750e+14 1.863040622309711082e-22
5.366976945540476250e+14 1.256490887833389557e-22
5.479472336900293125e+14 8.438294419525037930e-23
5.594325706169389375e+14 5.642550588173433975e-23
5.711586478126446250e+14 3.756555388161786946e-23
5.831305113526218750e+14 2.489900209335964024e-23
5.953533130814370000e+14 1.642987029807639957e-23
6.078323128297211250e+14 1.079224767104772485e-23
6.205728806776487500e+14 7.056375979395682079e-24
6.335804992658241250e+14 4.592260520093979548e-24
6.468607661546320000e+14 2.974590480618012214e-24
6.604193962330305000e+14 1.917553625802201385e-24
6.742622241778348750e+14 1.230133532914842631e-24
6.883952069645510000e+14 7.852771360787828032e-25
7.028244264308366250e+14 4.988144198284462077e-25
7.175560918936921250e+14 3.152552848259419444e-25
7.325965428215230000e+14 1.982238815214670728e-25
7.479522515621797500e+14 1.239937650225993144e-25
7.636298261282225000e+14 7.715637367859241932e-26
7.796360130405220000e+14 4.775643376008509019e-26
7.959777002314977500e+14 2.939957298383269507e-26
8.126619200091946250e+14 1.800021292742678789e-26
8.296958520834916250e+14 1.096018474425977415e-26
8.470868266557420000e+14 6.636203218409336897e-27
8.648423275731745000e+14 3.995230983329599764e-27
8.829699955494082500e+14 2.391449535814364652e-27
9.014776314524917500e+14 1.423154244408331517e-27
9.203731996618230000e+14 8.419181971207566246e-28
9.396648314954671250e+14 4.950756980398389904e-28
9.593608287093126250e+14 2.893556348742511741e-28
9.794696670695385000e+14 1.680827976041322589e-28
1.000000000000000000e+15 9.702842322983793473e-29
1.020960662306047500e+15 5.565616785288878531e-29
1.042360673976403250e+15 3.172043117618822969e-29
1.064209244064722375e+15 1.796166504702373768e-29
1.086515774652537375e+15 1.010384596199736444e-29
1.109289864895222875e+15 5.645613624222098428e-30
1.132541315152812750e+15 3.133217815162109874e-30
1.156280131207377750e+15 1.727002829574918162e-30
1.180516528568803000e+15 9.452936504688529613e-31
1.205260936870841250e+15 5.137604313917851807e-31
1.230524004359261500e+15 2.772318745311409786e-31
1.256316602474121500e+15 1.485182702821487753e-31
1.282649830528062500e+15 7.897982315798217477e-32
1.309535020482665000e+15 4.168675404862660680e-32
1.336983741824945250e+15 2.183692806456837433e-32
1.365007806546013750e+15 1.135166512266105172e-32
1.393619274224143500e+15 5.855236559175882836e-33
1.422830457214354750e+15 2.996326727180690966e-33
1.452653925946778250e+15 1.521097169074142479e-33
1.483102514336102750e+15 7.659634590386580636e-34
1.514189325304352000e+15 3.825440621691944287e-34
1.545927736419478500e+15 1.894597184602202664e-34
1.578331405652119500e+15 9.304106318926179215e-35
1.611414277253016750e+15 4.530144289739909476e-35
1.645190587753660750e+15 2.186575717540105045e-35
1.679674872092653250e+15 1.046088115547447285e-35
1.714881969870541000e+15 4.959986895557222689e-36
1.750827031735726750e+15 2.330533329185643482e-36
1.787525525904231750e+15 1.084986709866557874e-36
1.824993244816150500e+15 5.004033201100088686e-37
1.863246311931559750e+15 2.286106886634201936e-37
1.902301188668945750e+15 1.034436917063893392e-37
1.942174681489028250e+15 4.635220526696591489e-38
1.982883949127067250e+15 2.056477633529643375e-38
2.024446509976801750e+15 9.032648585752688212e-39
2.066880249629082000e+15 3.927268390906875368e-39
2.110203428568596500e+15 1.689950124968794047e-39
2.154434690031886500e+15 7.195963721346853929e-40
2.199593068030070500e+15 3.031672517265150439e-40
2.245697995539771750e+15 1.263562241394505075e-40
2.292769312865648500e+15 5.208958824355531625e-41
2.340827276178294500e+15 2.123559367679588459e-41
2.389892566231052500e+15 8.560111003006681990e-42
2.439986297259545000e+15 3.411413372528629898e-42
2.491130026067786000e+15 1.343826612732546878e-42
2.543345761304648500e+15 5.231428852983695045e-43
2.596655972934872000e+15 2.012349583494561703e-43
2.651083601908541500e+15 7.647620674743662124e-44
2.706652070033235500e+15 2.870765716836510715e-44
2.763385290053167000e+15 1.064208071257674113e-44
2.821307675939470500e+15 3.895343109403420792e-45
2.880444153396297500e+15 1.407615412835232991e-45
2.940820170587066500e+15 5.020471067096526819e-46
3.002461709085543000e+15 1.766974147570019198e-46
3.065395295056523500e+15 6.135768515228847512e-47
3.129648010670750500e+15 2.101764805655019797e-47
3.195247505759214000e+15 7.100232864074081263e-48
3.262222009711673500e+15 2.365000921523985129e-48
3.330600343624582000e+15 7.765732559938984587e-49
3.400411932703702500e+15 2.513294761822129239e-49
3.471686818926559500e+15 8.015022088732508735e-50
3.544455673970435500e+15 2.518004967668883803e-50
3.618749812411284000e+15 7.791392552062877351e-51
3.694601205199294500e+15 2.374058491535822752e-51
3.772042493416993500e+15 7.121458992315002300e-52
3.851107002325568500e+15 2.102475199372424395e-52
3.931828755705770000e+15 6.107826126547171753e-53
4.014242490499326000e+15 1.745583830693515411e-53
4.098383671757253000e+15 4.906467102695968709e-54
4.184288507901576000e+15 1.355959210257785059e-54
4.271993966306776500e+15 3.683633314162441822e-55
4.361537789208006000e+15 9.834566860111403546e-56
4.452958509942660000e+15 2.579591510421263711e-56
4.546295469532390000e+15 6.645545665208984603e-57
4.641588833612773000e+15 1.681083254414081330e-57
4.738879609717651000e+15 4.174608933891668636e-58
4.838209664925957000e+15 1.017347800027602362e-58
4.939621743878326000e+15 2.432251257616814797e-59
5.043159487171349000e+15 5.703210491507977272e-60
5.148867450137487000e+15 1.311242264664883475e-60
5.256791122018419000e+15 2.954940720224523375e-61
5.366976945540476000e+15 6.524775863106629125e-62
5.479472336900292000e+15 1.411273510395338319e-62
5.594325706169389000e+15 2.989213525843999746e-63
5.711586478126423000e+15 6.197870626165116984e-64
5.831305113526218000e+15 1.257495106886754385e-64
5.953533130814370000e+15 2.495838853339264093e-65
6.078323128297236000e+15 4.844340654529308450e-66
6.205728806776513000e+15 9.191566952419214984e-67
6.335804992658241000e+15 1.704152783316357822e-67
6.468607661546321000e+15 3.086380659486461865e-68
6.604193962330306000e+15 5.458372662415295735e-69
6.742622241778349000e+15 9.422514984039761907e-70
6.883952069645510000e+15 1.586996248439915919e-70
7.028244264308338000e+15 2.606976664565394621e-71
7.175560918936921000e+15 4.175320015183593053e-72
7.325965428215230000e+15 6.516861674160361144e-73
7.479522515621829000e+15 9.908000230094359306e-74
7.636298261282257000e+15 1.466787040821562271e-74
7.796360130405221000e+15 2.113530057127748834e-75
7.959777002314978000e+15 2.962793675474538717e-76
8.126619200091945000e+15 4.038637881124984736e-77
8.296958520834915000e+15 5.350949027769686567e-78
8.470868266557420000e+15 6.888147922072159998e-79
8.648423275731709000e+15 8.610468097821041463e-80
8.829699955494083000e+15 1.044666926040709837e-80
9.014776314524918000e+15 1.229599523949996448e-81
9.203731996618230000e+15 1.403405661567409842e-82
9.396648314954710000e+15 1.552379452352855537e-83
9.593608287093126000e+15 1.663282272000334767e-84
9.794696670695384000e+15 1.725362974305748060e-85
