1.020960662306047603e+07 2.575363606111863533e+02
1.042360673976401053e+07 2.524862887413098633e+02
1.064209244064724632e+07 2.475341239541078835e+02
1.086515774652537145e+07 2.426790581904929525e+02
1.109289864895222709e+07 2.379189444740219130e+02
1.132541315152812563e+07 2.332508919752238228e+02
1.156280131207375228e+07 2.286733711577252279e+02
1.180516528568805568e+07 2.241856372853275730e+02
1.205260936870841496e+07 2.197857040413163645e+02
1.230524004359261692e+07 2.154708952963746356e+02
1.256316602474121563e+07 2.112397970715041140e+02
1.282649830528059974e+07 2.070917230009383729e+02
1.309535020482667536e+07 2.030248354202117298e+02
1.336983741824945062e+07 1.990366569842425122e+02
1.365007806546013802e+07 1.951258805493382340e+02
1.393619274224143475e+07 1.912918735518849189e+02
1.422830457214351930e+07 1.875329358723220139e+02
1.452653925946781226e+07 1.838467742091107482e+02
1.483102514336102828e+07 1.802321801922816462e+02
1.514189325304351933e+07 1.766885708493625486e+02
1.545927736419478431e+07 1.732143733258897953e+02
1.578331405652116425e+07 1.698074647193783164e+02
1.611414277253019996e+07 1.664667279781034779e+02
1.645190587753660791e+07 1.631916258377295605e+02
1.679674872092653066e+07 1.599807031972347602e+02
1.714881969870540872e+07 1.568319949192245417e+02
1.750827031735723466e+07 1.537444683786975190e+02
1.787525525904235244e+07 1.507176284387953729e+02
1.824993244816150516e+07 1.477501289505482873e+02
1.863246311931559816e+07 1.448401508446516459e+02
1.902301188668945804e+07 1.419867395496692950e+02
1.942174681489024311e+07 1.391894387563536100e+02
1.982883949127071351e+07 1.364470031249762769e+02
2.024446509976801649e+07 1.337577488229864002e+02
2.066880249629081786e+07 1.311207934396157100e+02
2.110203428568596393e+07 1.285357164522248752e+02
2.154434690031882003e+07 1.260013657945151095e+02
2.199593068030074611e+07 1.235161828419996368e+02
2.245697995539776236e+07 1.210793518978042869e+02
2.292769312865648791e+07 1.186904854202446984e+02
2.340827276178294048e+07 1.163485176452333008e+02
2.389892566231048107e+07 1.140520058705293422e+02
2.439986297259550542e+07 1.118001960764278380e+02
2.491130026067791134e+07 1.095927311173586531e+02
2.543345761304648221e+07 1.074286250797318303e+02
2.596655972934872285e+07 1.053065425859943929e+02
2.651083601908536255e+07 1.032257866372928845e+02
2.706652070033241063e+07 1.011860281012660892e+02
2.763385290053172782e+07 9.918635494399673291e+01
2.821307675939470530e+07 9.722553115316301842e+01
2.880444153396297619e+07 9.530291244547554186e+01
2.940820170587060601e+07 9.341819550426238550e+01
3.002461709085549042e+07 9.157053665271673992e+01
3.065395295056529716e+07 8.975879187251082669e+01
3.129648010670750216e+07 8.798236561499724928e+01
3.195247505759213492e+07 8.624097835526492872e+01
3.262222009711666778e+07 8.453384966184441396e+01
3.330600343624588847e+07 8.285992068608345562e+01
3.400411932703709602e+07 8.121864093389143591e+01
3.471686818926559389e+07 7.960975280475584270e+01
3.544455673970435560e+07 7.803253438408778209e+01
3.618749812411276251e+07 7.648600567405449624e+01
3.694601205199302733e+07 7.496965783184954546e+01
3.772042493417001516e+07 7.348325346220647702e+01
3.851107002325568348e+07 7.202612479063101603e+01
3.931828755705770105e+07 7.059736481898505644e+01
4.014242490499317646e+07 6.919650321085651967e+01
4.098383671757261455e+07 6.782332118956780675e+01
4.184288507901584357e+07 6.647720107174765758e+01
4.271993966306776553e+07 6.515730344225893589e+01
4.361537789208005369e+07 6.386319356217967425e+01
4.452958509942659736e+07 6.259466981195986790e+01
4.546295469532398880e+07 6.135116085290621157e+01
4.641588833612781763e+07 6.013188983673297372e+01
4.738879609717650712e+07 5.893645493283025871e+01
4.838209664925957471e+07 5.776467033227120140e+01
4.939621743878325820e+07 5.661600757376065474e+01
5.043159487171358615e+07 5.548974773181550546e+01
5.148867450137497485e+07 5.438551939799746293e+01
5.256791122018418461e+07 5.330315133232398495e+01
5.366976945540475845e+07 5.224215474339317922e+01
5.479472336900292337e+07 5.120186432830941214e+01
5.594325706169377267e+07 5.018193680214857011e+01
5.711586478126434237e+07 4.918221434964322469e+01
5.831305113526218385e+07 4.820224488128300777e+01
5.953533130814369768e+07 4.724141273516741535e+01
6.078323128297235817e+07 4.629940062475984064e+01
6.205728806776500493e+07 4.537606310523646869e+01
6.335804992658253759e+07 4.447098204222061213e+01
6.468607661546321213e+07 4.358358772846506213e+01
6.604193962330305576e+07 4.271358691126393836e+01
6.742622241778348386e+07 4.186084554424986948e+01
6.883952069645495713e+07 4.102497690697409638e+01
7.028244264308351278e+07 4.020545383352995117e+01
7.175560918936920166e+07 3.940200528848551897e+01
7.325965428215231001e+07 3.861450772863622660e+01
7.479522515621829033e+07 3.784260349587023597e+01
7.636298261282241344e+07 3.708580480539757218e+01
7.796360130405236781e+07 3.634386115959939900e+01
7.959777002314977348e+07 3.561665869299512366e+01
8.126619200091944635e+07 3.490386663446425075e+01
8.296958520834915340e+07 3.420503365386232986e+01
8.470868266557401419e+07 3.351992823883507100e+01
8.648423275731725991e+07 3.284844544133549959e+01
8.829699955494081974e+07 3.219027936386157762e+01
9.014776314524917305e+07 3.154501242167053121e+01
9.203731996618229151e+07 3.091243065232074017e+01
9.396648314954690635e+07 3.029243732436618330e+01
9.593608287093147635e+07 2.968474955110582769e+01
9.794696670695386827e+07 2.908898098482912076e+01
1.000000000000000000e+08 2.850493388599089428e+01
1.020960662306047529e+08 2.793251909379476672e+01
1.042360673976403177e+08 2.737147500898723251e+01
1.064209244064722359e+08 2.682144419824317438e+01
1.086515774652537256e+08 2.628224391797748183e+01
1.109289864895222783e+08 2.575379198320577245e+01
1.132541315152812600e+08 2.523584648725380930e+01
1.156280131207377762e+08 2.472807676078290839e+01
1.180516528568803072e+08 2.423031392198425849e+01
1.205260936870841384e+08 2.374248221332240760e+01
1.230524004359261543e+08 2.326435794523219514e+01
1.256316602474121451e+08 2.279563522133613063e+01
1.282649830528062433e+08 2.233615797301276373e+01
1.309535020482665002e+08 2.188585636495136555e+01
1.336983741824945360e+08 2.144452355947526456e+01
1.365007806546013653e+08 2.101187658979974415e+01
1.393619274224143326e+08 2.058777123104005469e+01
1.422830457214354575e+08 2.017214310465687177e+01
1.452653925946778059e+08 1.976480096159373545e+01
1.483102514336102903e+08 1.936548305802082837e+01
1.514189325304352045e+08 1.897405611661902469e+01
1.545927736419478357e+08 1.859046078666363400e+01
1.578331405652119517e+08 1.821452023899342265e+01
1.611414277253016531e+08 1.784599237250886716e+01
1.645190587753660679e+08 1.748475402898857567e+01
1.679674872092653215e+08 1.713075049041349374e+01
1.714881969870540798e+08 1.678381826604933735e+01
1.750827031735726893e+08 1.644373343463218262e+01
1.787525525904231668e+08 1.611038219110101011e+01
1.824993244816150367e+08 1.578371408598501269e+01
1.863246311931559741e+08 1.546357796654972994e+01
1.902301188668946028e+08 1.514976673688590125e+01
1.942174681489028633e+08 1.484217523696676366e+01
1.982883949127075374e+08 1.454075695049991168e+01
2.024446509976801872e+08 1.424537213698762450e+01
2.066880249629082084e+08 1.395582927192561229e+01
2.110203428568596542e+08 1.367203118578189525e+01
2.154434690031886399e+08 1.339393498637641500e+01
2.199593068030070364e+08 1.312141148892969333e+01
2.245697995539771616e+08 1.285428357944238620e+01
2.292769312865648568e+08 1.259246147377735348e+01
2.340827276178294122e+08 1.233590561910033401e+01
2.389892566231052577e+08 1.208449659396501730e+01
2.439986297259555161e+08 1.183807062005579347e+01
2.491130026067785919e+08 1.159654473928058671e+01
2.543345761304648221e+08 1.135988247583732225e+01
2.596655972934872508e+08 1.112797343843221043e+01
2.651083601908541918e+08 1.090066618947883370e+01
2.706652070033235550e+08 1.067788407976473586e+01
2.763385290053166747e+08 1.045959346885872243e+01
2.821307675939470530e+08 1.024569231737050856e+01
2.880444153396297693e+08 1.003604060727122160e+01
2.940820170587067008e+08 9.830567520175899077e+00
3.002461709085555673e+08 9.629242028406645559e+00
3.065395295056523085e+08 9.431969816946269347e+00
3.129648010670750141e+08 9.238621434539595612e+00
3.195247505759213567e+08 9.049131451773028800e+00
3.262222009711673260e+08 8.863471248622396104e+00
3.330600343624581695e+08 8.681553653827009498e+00
3.400411932703702450e+08 8.503258993509268393e+00
3.471686818926559091e+08 8.328526818725892511e+00
3.544455673970435262e+08 8.157330728160262723e+00
3.618749812411283851e+08 7.989590157191556408e+00
3.694601205199309587e+08 7.825194478512329077e+00
3.772042493416993618e+08 7.664087846084441935e+00
3.851107002325568795e+08 7.506245903193024205e+00
3.931828755705770254e+08 7.351594194976120988e+00
4.014242490499325991e+08 7.200030464209752346e+00
4.098383671757252812e+08 7.051503118670398251e+00
4.184288507901575565e+08 6.905989685928473953e+00
4.271993966306776404e+08 6.763421361175010915e+00
4.361537789208005667e+08 6.623703631030721795e+00
4.452958509942659736e+08 6.486788834440039508e+00
4.546295469532408714e+08 6.352656235538108653e+00
4.641588833612772226e+08 6.221242254309762743e+00
4.738879609717651010e+08 6.092459541524470445e+00
4.838209664925957322e+08 5.966264069054251884e+00
4.939621743878325820e+08 5.842636701544456912e+00
5.043159487171348333e+08 5.721518690327630274e+00
5.148867450137487054e+08 5.602829313738842743e+00
5.256791122018419504e+08 5.486527900921507772e+00
5.366976945540476441e+08 5.372596791649312920e+00
5.479472336900292635e+08 5.260981704673185710e+00
5.594325706169389486e+08 5.151608049213383111e+00
5.711586478126422167e+08 5.044438256864767212e+00
5.831305113526217937e+08 4.939456027048760411e+00
5.953533130814369917e+08 4.836611209267672074e+00
6.078323128297235966e+08 4.735834883908310644e+00
6.205728806776486635e+08 4.637092349453956430e+00
6.335804992658240795e+08 4.540368558616251882e+00
6.468607661546320915e+08 4.445617180220556186e+00
6.604193962330304384e+08 4.352774540280438309e+00
6.742622241778348684e+08 4.261808586469352456e+00
6.883952069645509720e+08 4.172705426788149374e+00
7.028244264308338165e+08 4.085422261302156244e+00
7.175560918936921358e+08 3.999900267801371534e+00
7.325965428215229511e+08 3.916109841924015011e+00
7.479522515621827841e+08 3.834038156702918698e+00
7.636298261282258034e+08 3.753645676944528553e+00
7.796360130405220985e+08 3.674878067696541795e+00
7.959777002314977646e+08 3.597707986572214356e+00
8.126619200091946125e+08 3.522123588474676215e+00
8.296958520834914446e+08 3.448088356459733106e+00
8.470868266557419300e+08 3.375552105461404384e+00
8.648423275731709003e+08 3.304489583168658484e+00
8.829699955494083166e+08 3.234889849734913447e+00
9.014776314524917603e+08 3.166719178479978414e+00
9.203731996618230343e+08 3.099931221991725216e+00
9.396648314954710007e+08 3.034502659134785674e+00
9.593608287093126774e+08 2.970423384760716434e+00
9.794696670695385933e+08 2.907662251557469268e+00
1.000000000000000000e+09 2.846176460806013608e+00
1.020960662306047559e+09 2.785944475703565182e+00
1.042360673976403356e+09 2.726956960782822126e+00
1.064209244064726830e+09 2.669185153044271619e+00
1.086515774652537346e+09 2.612589535058171375e+00
1.109289864895222664e+09 2.557150218629479888e+00
1.132541315152812481e+09 2.502858578080733309e+00
1.156280131207372904e+09 2.449688054322330721e+00
1.180516528568803072e+09 2.397602163748302040e+00
1.205260936870841503e+09 2.346582541332497662e+00
1.230524004359261513e+09 2.296621216019022249e+00
1.256316602474121332e+09 2.247693665767326099e+00
1.282649830528062582e+09 2.199766211808038996e+00
1.309535020482670307e+09 2.152821896358975362e+00
1.336983741824945211e+09 2.106853352146214053e+00
1.365007806546013832e+09 2.061837939867959157e+00
1.393619274224143505e+09 2.017744573698694310e+00
1.422830457214349031e+09 1.974557595959727907e+00
1.452653925946778297e+09 1.932270196332934287e+00
1.483102514336102724e+09 1.890861475534405978e+00
1.514189325304351807e+09 1.850302744622299711e+00
1.545927736419478655e+09 1.810579547004014467e+00
1.578331405652119875e+09 1.771685586174667204e+00
1.611414277253023148e+09 1.733601570882965071e+00
1.645190587753660679e+09 1.696301027662078464e+00
1.679674872092653036e+09 1.659770609503703920e+00
1.714881969870540857e+09 1.624004493963356888e+00
1.750827031735726833e+09 1.588984875767387672e+00
1.787525525904231787e+09 1.554687329081354985e+00
1.824993244816150427e+09 1.521099531918527425e+00
1.863246311931559801e+09 1.488216099268653725e+00
1.902301188668945789e+09 1.456020598963349011e+00
1.942174681489028454e+09 1.424490497521140986e+00
1.982883949127075434e+09 1.393614419831256779e+00
2.024446509976801872e+09 1.363387384566770555e+00
2.066880249629082203e+09 1.333794228295062334e+00
2.110203428568596601e+09 1.304814166227581174e+00
2.154434690031886578e+09 1.276436697916897955e+00
2.199593068030070305e+09 1.248657214623033473e+00
2.245697995539771557e+09 1.221461725135135623e+00
2.292769312865648746e+09 1.194831060463565242e+00
2.340827276178294182e+09 1.168755528091445894e+00
2.389892566231052876e+09 1.143230863210765724e+00
2.439986297259555340e+09 1.118244157591981036e+00
2.491130026067785740e+09 1.093777735109680682e+00
2.543345761304647923e+09 1.069822649514825086e+00
2.596655972934872150e+09 1.046374953523808049e+00
2.651083601908541679e+09 1.023422739377693347e+00
2.706652070033235550e+09 1.000949710098103074e+00
2.763385290053166866e+09 9.789476087258293102e-01
2.821307675939470768e+09 9.574127811648541764e-01
2.880444153396297932e+09 9.363342438349404606e-01
2.940820170587066650e+09 9.156969737300807433e-01
3.002461709085555077e+09 8.954933505287673290e-01
3.065395295056523800e+09 8.757199908904127472e-01
3.129648010670750618e+09 8.563667648838931834e-01
3.195247505759213448e+09 8.374198261940830612e-01
3.262222009711673260e+09 8.188721424891881595e-01
3.330600343624581814e+09 8.007205805108255081e-01
3.400411932703702450e+09 7.829557987679482967e-01
3.471686818926559448e+09 7.655650376685598779e-01
3.544455673970435619e+09 7.485418079209995579e-01
3.618749812411283970e+09 7.318832072920817833e-01
3.694601205199309826e+09 7.155806224477040400e-01
3.772042493416993618e+09 6.996222973195984629e-01
3.851107002325568676e+09 6.840022441233896133e-01
3.931828755705770016e+09 6.687177740838931017e-01
4.014242490499325752e+09 6.537609462992947096e-01
4.098383671757252693e+09 6.391209312849934765e-01
4.184288507901576042e+09 6.247922043922007340e-01
4.271993966306777000e+09 6.107722741084317120e-01
4.361537789208005905e+09 5.970538204499545865e-01
4.452958509942660332e+09 5.836268693772440619e-01
4.546295469532408714e+09 5.704863239232129679e-01
4.641588833612771988e+09 5.576298749040318192e-01
4.738879609717651367e+09 5.450507756413125460e-01
4.838209664925957680e+09 5.327398417627632332e-01
4.939621743878325462e+09 5.206923712288420436e-01
5.043159487171347618e+09 5.089062234153084452e-01
5.148867450137486458e+09 4.973751809388937684e-01
5.256791122018419266e+09 4.860907882820680315e-01
5.366976945540475845e+09 4.750487080720547373e-01
5.479472336900292397e+09 4.642469555465035258e-01
5.594325706169388771e+09 4.536798019415336225e-01
5.711586478126422882e+09 4.433394643757273546e-01
5.831305113526218414e+09 4.332219421864929587e-01
5.953533130814370155e+09 4.233253947625938429e-01
6.078323128297236443e+09 4.136445443682795764e-01
6.205728806776488304e+09 4.041722287888962484e-01
6.335804992658241272e+09 3.949047582465231021e-01
6.468607661546320915e+09 3.858404254790732679e-01
6.604193962330305099e+09 3.769743690378322132e-01
6.742622241778348923e+09 3.682999993408458961e-01
6.883952069645509720e+09 3.598139136368172508e-01
7.028244264308338165e+09 3.515145280468454647e-01
7.175560918936921120e+09 3.433973653071679677e-01
7.325965428215229988e+09 3.354563640728041030e-01
7.479522515621828079e+09 3.276883865801649698e-01
7.636298261282225609e+09 3.200919631392015741e-01
7.796360130405220985e+09 3.126629710069597778e-01
7.959777002314977646e+09 3.053958360474636202e-01
8.126619200091945648e+09 2.982876651260914502e-01
8.296958520834915161e+09 2.913370942578346612e-01
8.470868266557419777e+09 2.845403278120071655e-01
8.648423275731708527e+09 2.778922409483092215e-01
8.829699955494083405e+09 2.713901663561595345e-01
9.014776314524917603e+09 2.650328379256121081e-01
9.203731996618228912e+09 2.588167618152766303e-01
9.396648314954671860e+09 2.527372274492331594e-01
9.593608287093128204e+09 2.467917759712258408e-01
9.794696670695384979e+09 2.409792319191119692e-01
1.000000000000000000e+10 2.352963798454992816e-01
1.020960662306047440e+10 2.297388910747251711e-01
1.042360673976403236e+10 2.243044991609738636e-01
1.064209244064726830e+10 2.189921126171019694e-01
1.086515774652537155e+10 2.137987727784113889e-01
1.109289864895222664e+10 2.087205029710202664e-01
1.132541315152812576e+10 2.037552143413488559e-01
1.156280131207373047e+10 1.989018932160863395e-01
1.180516528568803024e+10 1.941578177499926616e-01
1.205260936870841217e+10 1.895193356541959862e-01
1.230524004359261703e+10 1.849845219811154240e-01
1.256316602474121475e+10 1.805524351813658501e-01
1.282649830528062630e+10 1.762205717901359492e-01
1.309535020482670403e+10 1.719855783969706509e-01
1.336983741824945259e+10 1.678456813201684439e-01
1.365007806546013641e+10 1.638000058783496693e-01
1.393619274224143410e+10 1.598462499575671880e-01
1.422830457214348984e+10 1.559813354703009081e-01
1.452653925946778107e+10 1.522036283276078650e-01
1.483102514336102867e+10 1.485123158601195370e-01
1.514189325304351997e+10 1.449052815773944625e-01
1.545927736419478416e+10 1.413797009651743819e-01
1.578331405652119637e+10 1.379340687466647786e-01
1.611414277253023148e+10 1.345676297767938734e-01
1.645190587753660774e+10 1.312784386661791647e-01
1.679674872092653275e+10 1.280639043927837839e-01
1.714881969870541000e+10 1.249226405367466902e-01
1.750827031735726929e+10 1.218539453292994817e-01
1.787525525904231644e+10 1.188560310724741942e-01
1.824993244816150284e+10 1.159265216992569208e-01
1.863246311931559753e+10 1.130641404535801114e-01
1.902301188668945694e+10 1.102682351079598416e-01
1.942174681489028549e+10 1.075371632753773371e-01
1.982883949127075195e+10 1.048687467337957313e-01
2.024446509976801682e+10 1.022618099018592769e-01
2.066880249629082108e+10 9.971574654691275907e-02
2.110203428568596649e+10 9.722904816365558756e-02
2.154434690031886673e+10 9.479971858423778819e-02
2.199593068030070114e+10 9.242667556375873394e-02
2.245697995539771652e+10 9.010935558385523014e-02
2.292769312865648651e+10 8.784637347049668865e-02
2.340827276178294373e+10 8.563590053951411485e-02
2.389892566231052399e+10 8.347694064500515987e-02
2.439986297259555435e+10 8.136896994735996758e-02
2.491130026067786026e+10 7.931071686602404747e-02
2.543345761304648209e+10 7.730050675767578816e-02
2.596655972934872437e+10 7.533742289311048945e-02
2.651083601908541489e+10 7.342097830201310682e-02
2.706652070033235550e+10 7.155000601022543094e-02
2.763385290053166962e+10 6.972297301487981325e-02
2.821307675939470673e+10 6.793903583398905321e-02
2.880444153396297836e+10 6.619774176551426748e-02
2.940820170587066650e+10 6.449802014839545183e-02
3.002461709085555267e+10 6.283846818342010698e-02
3.065395295056523514e+10 6.121830993986916020e-02
3.129648010670750427e+10 5.963712457526289951e-02
3.195247505759213638e+10 5.809393008949261666e-02
3.262222009711672974e+10 5.658744334047625252e-02
3.330600343624581909e+10 5.511695069053069301e-02
3.400411932703702927e+10 5.368206092522961187e-02
3.471686818926559448e+10 5.228187364554767042e-02
3.544455673970435333e+10 5.091521564304390263e-02
3.618749812411283875e+10 4.958143071883520242e-02
3.694601205199309540e+10 4.828015521860696407e-02
3.772042493416993713e+10 4.701056383187755816e-02
3.851107002325569153e+10 4.577158432066318061e-02
3.931828755705770111e+10 4.456261344390146512e-02
4.014242490499325562e+10 4.338331319038399303e-02
4.098383671757252502e+10 4.223292733117361974e-02
4.184288507901576233e+10 4.111047633806529100e-02
4.271993966306776428e+10 4.001540579156395022e-02
4.361537789208005524e+10 3.894740154583441888e-02
4.452958509942659760e+10 3.790577091351701039e-02
4.546295469532408905e+10 3.688961946452835872e-02
4.641588833612772369e+10 3.589843778299505600e-02
4.738879609717650604e+10 3.493193393928203244e-02
4.838209664925956726e+10 3.398947367909188610e-02
4.939621743878325653e+10 3.307024065816815267e-02
5.043159487171348572e+10 3.217376694040906260e-02
5.148867450137487030e+10 3.129978128186591824e-02
5.256791122018418884e+10 3.044770315121168858e-02
5.366976945540475464e+10 2.961678783145083385e-02
5.479472336900292206e+10 2.880660561384934884e-02
5.594325706169388580e+10 2.801690451924199882e-02
5.711586478126422882e+10 2.724715339716402007e-02
5.831305113526218414e+10 2.649667321060697467e-02
5.953533130814369965e+10 2.576506947655762478e-02
6.078323128297235870e+10 2.505210816091715462e-02
6.205728806776487732e+10 2.435730349181767368e-02
6.335804992658241272e+10 2.368003663705618711e-02
6.468607661546320343e+10 2.301994556920439888e-02
6.604193962330305481e+10 2.237681297305258582e-02
6.742622241778349304e+10 2.175019476682857680e-02
6.883952069645510864e+10 2.113952728384549742e-02
7.028244264308338928e+10 2.054447839588273081e-02
7.175560918936921692e+10 1.996484636684713390e-02
7.325965428215229797e+10 1.940022540630633591e-02
7.479522515621827698e+10 1.885010237610115769e-02
7.636298261282226562e+10 1.831417268826847702e-02
7.796360130405221558e+10 1.779224912593379074e-02
7.959777002314976501e+10 1.728396105868845734e-02
8.126619200091944885e+10 1.678884161128518446e-02
8.296958520834915161e+10 1.630661155930561781e-02
8.470868266557418823e+10 1.583709721904566839e-02
8.648423275731707764e+10 1.537996023570513057e-02
8.829699955494082642e+10 1.493477607403076619e-02
9.014776314524917603e+10 1.450128886469410038e-02
9.203731996618229675e+10 1.407933753941322669e-02
9.396648314954670715e+10 1.366861336247728737e-02
9.593608287093125916e+10 1.326873053187748244e-02
9.794696670695385742e+10 1.287945468026354193e-02
1.000000000000000000e+11 1.250063650024228756e-02
1.020960662306047516e+11 1.213199442898632748e-02
1.042360673976403351e+11 1.177317808265787580e-02
1.064209244064726715e+11 1.142397288618291970e-02
1.086515774652537231e+11 1.108424049701613352e-02
1.109289864895222778e+11 1.075372427308911305e-02
1.132541315152812653e+11 1.043210620267103275e-02
1.156280131207372894e+11 1.011918992566982443e-02
1.180516528568803101e+11 9.814847322497323792e-03
1.205260936870841370e+11 9.518844598785677555e-03
1.230524004359261475e+11 9.230893316940743179e-03
1.256316602474121399e+11 8.950813876753178910e-03
1.282649830528062439e+11 8.678487689871023508e-03
1.309535020482670288e+11 8.413701901777549327e-03
1.336983741824945221e+11 8.156195079763426531e-03
1.365007806546013794e+11 7.905803041208626231e-03
1.393619274224143372e+11 7.662416083762215065e-03
1.422830457214349060e+11 7.425840537302922165e-03
1.452653925946778259e+11 7.195839615574973688e-03
1.483102514336102905e+11 6.972263315385095889e-03
1.514189325304352112e+11 6.755010218241017800e-03
1.545927736419478455e+11 6.543904223516691827e-03
1.578331405652119751e+11 6.338731027272047694e-03
1.611414277253023071e+11 6.139353663679562000e-03
1.645190587753660583e+11 5.945678435935501487e-03
1.679674872092653198e+11 5.757545327627430591e-03
1.714881969870540771e+11 5.574760531999522345e-03
1.750827031735719604e+11 5.397199067232526064e-03
1.787525525904231873e+11 5.224774433132847035e-03
1.824993244816150513e+11 5.057341331735343976e-03
1.863246311931559753e+11 4.894724633227404142e-03
1.902301188668945618e+11 4.736810368303706262e-03
1.942174681489028320e+11 4.583518742741957315e-03
1.982883949127075500e+11 4.434717921437446655e-03
2.024446509976802063e+11 4.290249783128941355e-03
2.066880249629082031e+11 4.150010475083817756e-03
2.110203428568596497e+11 4.013926450400238065e-03
2.154434690031877747e+11 3.881878182812005616e-03
2.199593068030070190e+11 3.753723031012135176e-03
2.245697995539771729e+11 3.629366432625314234e-03
2.292769312865648804e+11 3.508740659156762368e-03
2.340827276178294067e+11 3.391737432759295116e-03
2.389892566231052551e+11 3.278228192151969467e-03
2.439986297259555054e+11 3.168126903442034566e-03
2.491130026067796021e+11 3.061371255289987731e-03
2.543345761304648132e+11 2.957863244100941095e-03
2.596655972934872437e+11 2.857487107076680556e-03
2.651083601908530884e+11 2.760164636315677947e-03
2.706652070033235779e+11 2.665838562121795527e-03
2.763385290053167114e+11 2.574420260451243045e-03
2.821307675939470825e+11 2.485805594345196975e-03
2.880444153396297607e+11 2.399923534197928067e-03
2.940820170587066650e+11 2.316721500419052868e-03
3.002461709085555420e+11 2.236119427014343110e-03
3.065395295056536255e+11 2.158023730361458611e-03
3.129648010670750732e+11 2.082369962018981984e-03
3.195247505759213257e+11 2.009109903309732811e-03
3.262222009711659546e+11 1.938171292207593443e-03
3.330600343624581909e+11 1.869470117971147203e-03
3.400411932703702393e+11 1.802947962857344042e-03
3.471686818926559448e+11 1.738560660751903167e-03
3.544455673970435181e+11 1.676243061596254143e-03
3.618749812411284180e+11 1.615919831664124453e-03
3.694601205199309692e+11 1.557538076504769338e-03
3.772042493417008667e+11 1.501057393673835587e-03
3.851107002325568848e+11 1.446419110236205150e-03
3.931828755705770264e+11 1.393555751316534475e-03
4.014242490499309692e+11 1.342419478093118557e-03
4.098383671757252808e+11 1.292973381073931954e-03
4.184288507901575928e+11 1.245164682218481136e-03
4.271993966306776123e+11 1.198933018689531593e-03
4.361537789208005371e+11 1.154235176306708148e-03
4.452958509942659912e+11 1.111037484810447479e-03
4.546295469532408447e+11 1.069292527250148388e-03
4.641588833612791138e+11 1.028946371508507318e-03
4.738879609717650757e+11 9.899600309100512266e-04
4.838209664925957031e+11 9.523028366153162266e-04
4.939621743878305664e+11 9.159322435189537525e-04
5.043159487171348267e+11 8.808001290010299611e-04
5.148867450137487183e+11 8.468713679994448445e-04
5.256791122018419189e+11 8.141180701856922872e-04
5.366976945540476074e+11 7.825021140530415576e-04
5.479472336900292969e+11 7.519806203750107687e-04
5.594325706169388428e+11 7.225219886550078531e-04
5.711586478126446533e+11 6.941008981403211332e-04
5.831305113526218262e+11 6.666832403912157767e-04
5.953533130814368896e+11 6.402308640038296235e-04
6.078323128297211914e+11 6.147153826294143170e-04
6.205728806776488037e+11 5.901138492732973780e-04
6.335804992658240967e+11 5.663957927195567999e-04
6.468607661546320801e+11 5.435273201273878437e-04
6.604193962330305176e+11 5.214829734671780478e-04
6.742622241778348389e+11 5.002419960098249737e-04
6.883952069645510254e+11 4.797772098215615714e-04
7.028244264308366699e+11 4.600585537884171474e-04
7.175560918936921387e+11 4.410632350807823163e-04
7.325965428215229492e+11 4.227725153349610890e-04
7.479522515621828613e+11 4.051621952923055827e-04
7.636298261282225342e+11 3.882056575746153384e-04
7.796360130405220947e+11 3.718825324107394390e-04
7.959777002314978027e+11 3.561759388176591627e-04
8.126619200091945801e+11 3.410643685758046688e-04
8.296958520834915771e+11 3.265242956054178764e-04
8.470868266557419434e+11 3.125375504344841721e-04
8.648423275731743164e+11 2.990889587641053595e-04
8.829699955494082031e+11 2.861594405731394085e-04
9.014776314524916992e+11 2.737282411700857928e-04
9.203731996618229980e+11 2.617791865363571771e-04
9.396648314954670410e+11 2.502986680670544030e-04
9.593608287093126221e+11 2.392697938924770831e-04
9.794696670695385742e+11 2.286742905451803352e-04
1.000000000000000000e+12 2.184977911741080314e-04
1.020960662306047485e+12 2.087281210457849249e-04
1.042360673976403198e+12 1.993503573471646837e-04
1.064209244064726929e+12 1.903484448610111616e-04
1.086515774652537354e+12 1.817096509318867387e-04
1.109289864895222656e+12 1.734231115418339252e-04
1.132541315152812744e+12 1.654756730979052364e-04
1.156280131207372803e+12 1.578532605033804040e-04
1.180516528568802979e+12 1.505446164931064431e-04
1.205260936870841309e+12 1.435400728090788865e-04
1.230524004359261719e+12 1.368280629427199636e-04
1.256316602474121338e+12 1.303962764791361515e-04
1.282649830528062500e+12 1.242347858475828114e-04
1.309535020482670410e+12 1.183350113600950185e-04
1.336983741824945068e+12 1.126868077258784629e-04
1.365007806546013672e+12 1.072794344888792698e-04
1.393619274224143311e+12 1.021041602124554140e-04
1.422830457214348877e+12 9.715339394834230063e-05
1.452653925946778320e+12 9.241826070968383049e-05
1.483102514336102783e+12 8.788941418112128292e-05
1.514189325304351807e+12 8.355919673780800151e-05
1.545927736419478516e+12 7.942091331973405932e-05
1.578331405652119873e+12 7.546682207298776592e-05
1.611414277253023193e+12 7.168881224985871724e-05
1.645190587753660889e+12 6.808018812523923514e-05
1.679674872092653076e+12 6.463506429719303808e-05
1.714881969870540771e+12 6.134670750420590196e-05
1.750827031735719727e+12 5.820809971783036992e-05
1.787525525904231689e+12 5.521340484702061434e-05
1.824993244816150391e+12 5.235746720170223232e-05
1.863246311931559814e+12 4.963444917982076573e-05
1.902301188668945801e+12 4.703829695623206445e-05
1.942174681489028320e+12 4.456394074888003456e-05
1.982883949127075439e+12 4.220688059810472547e-05
2.024446509976801758e+12 3.996207229527712015e-05
2.066880249629082031e+12 3.782431076014329486e-05
2.110203428568596680e+12 3.578920748268293655e-05
2.154434690031877930e+12 3.385284991365531022e-05
2.199593068030070312e+12 3.201089477289321625e-05
2.245697995539771484e+12 3.025888215743701104e-05
2.292769312865648926e+12 2.859302747598337424e-05
2.340827276178293945e+12 2.700994264171479198e-05
2.389892566231052246e+12 2.550590184184967340e-05
2.439986297259555176e+12 2.407709760594321517e-05
2.491130026067796387e+12 2.272027903105120720e-05
2.543345761304647949e+12 2.143252463940561645e-05
2.596655972934872070e+12 2.021065089365850877e-05
2.651083601908530762e+12 1.905141985639966176e-05
2.706652070033235840e+12 1.795205068450959183e-05
2.763385290053166992e+12 1.691003548353879846e-05
2.821307675939470703e+12 1.592266539090748405e-05
2.880444153396297852e+12 1.498719805316316806e-05
2.940820170587066406e+12 1.410126517492953996e-05
3.002461709085555176e+12 1.326272398887634650e-05
3.065395295056536133e+12 1.246927967173055812e-05
3.129648010670750488e+12 1.171861963580349301e-05
3.195247505759213867e+12 1.100873628470250547e-05
3.262222009711660156e+12 1.033780784108245983e-05
3.330600343624582031e+12 9.703899271610109324e-06
3.400411932703702637e+12 9.105069316253732475e-06
3.471686818926559082e+12 8.539624468122276592e-06
3.544455673970435547e+12 8.006023877794107987e-06
3.618749812411284180e+12 7.502643902217481824e-06
3.694601205199310059e+12 7.027862862722887821e-06
3.772042493417008789e+12 6.580259573910787544e-06
3.851107002325568848e+12 6.158537888912687103e-06
3.931828755705770020e+12 5.761342507353751810e-06
4.014242490499309570e+12 5.387325646084318036e-06
4.098383671757252930e+12 5.035301140548256683e-06
4.184288507901576172e+12 4.704184924260491161e-06
4.271993966306776855e+12 4.392851881540249630e-06
4.361537789208005859e+12 4.100187919743088504e-06
4.452958509942660156e+12 3.825208709239422718e-06
4.546295469532409180e+12 3.567013015861165475e-06
4.641588833612791016e+12 3.324672209883794175e-06
4.738879609717650391e+12 3.097270632437230105e-06
4.838209664925957031e+12 2.883996384564974631e-06
4.939621743878305664e+12 2.684104965460955295e-06
5.043159487171347656e+12 2.496834590758197692e-06
5.148867450137486328e+12 2.321437237250525873e-06
5.256791122018418945e+12 2.157247498940299322e-06
5.366976945540475586e+12 2.003654437570377349e-06
5.479472336900291992e+12 1.860037157405058972e-06
5.594325706169388672e+12 1.725788480864484780e-06
5.711586478126446289e+12 1.600366725246873319e-06
5.831305113526218750e+12 1.483274055330736785e-06
5.953533130814370117e+12 1.374007841645877296e-06
6.078323128297210938e+12 1.272078555525321038e-06
6.205728806776487305e+12 1.177048353040232665e-06
6.335804992658241211e+12 1.088514541380872553e-06
6.468607661546321289e+12 1.006073142817290839e-06
6.604193962330305664e+12 9.293322923287962470e-07
6.742622241778348633e+12 8.579407172632529416e-07
6.883952069645509766e+12 7.915751979661106314e-07
7.028244264308366211e+12 7.299134967703864499e-07
7.175560918936920898e+12 6.726442869339169842e-07
7.325965428215229492e+12 6.194879627415429505e-07
7.479522515621797852e+12 5.701871977806673820e-07
7.636298261282225586e+12 5.244870009618744982e-07
7.796360130405220703e+12 4.821419949416531798e-07
7.959777002314977539e+12 4.429314597813112985e-07
8.126619200091945312e+12 4.066522759398532519e-07
8.296958520834915039e+12 3.731043583423604523e-07
8.470868266557419922e+12 3.420959294901792127e-07
8.648423275731745117e+12 3.134542709827235712e-07
8.829699955494082031e+12 2.870204885513174485e-07
9.014776314524917969e+12 2.626389688616247208e-07
9.203731996618228516e+12 2.401611515085468231e-07
9.396648314954669922e+12 2.194531197343499123e-07
9.593608287093126953e+12 2.003917468277267805e-07
9.794696670695386719e+12 1.828571346277195907e-07
1.000000000000000000e+13 1.667352746091588369e-07
1.020960662306047461e+13 1.519233372565936840e-07
1.042360673976403125e+13 1.383268574458928102e-07
1.064209244064726758e+13 1.258543623317152011e-07
1.086515774652537305e+13 1.144192203881274150e-07
1.109289864895222656e+13 1.039432754246476974e-07
1.132541315152812695e+13 9.435480711581485611e-08
1.156280131207373047e+13 8.558475098174021142e-08
1.180516528568803125e+13 7.756796174840141427e-08
1.205260936870841211e+13 7.024567205552813870e-08
1.230524004359261523e+13 6.356402654034528055e-08
1.256316602474121484e+13 5.747144808442628463e-08
1.282649830528062695e+13 5.191948489460666391e-08
1.309535020482670312e+13 4.686444634274868442e-08
1.336983741824945312e+13 4.226635789546835655e-08
1.365007806546013672e+13 3.808714425413191540e-08
1.393619274224143359e+13 3.429118528714468715e-08
1.422830457214349023e+13 3.084638441875068283e-08
1.452653925946778320e+13 2.772342974541880907e-08
1.483102514336102734e+13 2.489455329598900497e-08
1.514189325304351953e+13 2.233388694339852915e-08
1.545927736419478516e+13 2.001814588448344779e-08
1.578331405652119727e+13 1.792611062141989824e-08
1.611414277253023242e+13 1.603778824496653375e-08
1.645190587753660742e+13 1.433463366760309876e-08
1.679674872092653125e+13 1.279997670608135873e-08
1.714881969870541016e+13 1.141866201099475831e-08
1.750827031735719922e+13 1.017648788681931000e-08
1.787525525904231641e+13 9.060338902061445160e-09
1.824993244816150391e+13 8.058445582776499740e-09
1.863246311931559766e+13 7.160136316894655821e-09
1.902301188668945703e+13 6.355465707261116372e-09
1.942174681489028516e+13 5.635290405599266227e-09
1.982883949127075391e+13 4.991421973615818219e-09
2.024446509976801562e+13 4.416457475631608118e-09
2.066880249629082031e+13 3.903535867045011776e-09
2.110203428568596484e+13 3.446378603234612250e-09
2.154434690031877734e+13 3.039376063687043562e-09
2.199593068030070312e+13 2.677472952002918145e-09
2.245697995539771484e+13 2.356010243198637375e-09
2.292769312865648828e+13 2.070744794391866517e-09
2.340827276178294141e+13 1.817895691843380608e-09
2.389892566231052344e+13 1.594067481057706337e-09
2.439986297259555078e+13 1.396148674981561497e-09
2.491130026067785938e+13 1.221319489052385075e-09
2.543345761304648438e+13 1.067074888185388439e-09
2.596655972934872656e+13 9.311736871538881288e-10
2.651083601908530859e+13 8.115740520837564394e-10
2.706652070033235938e+13 7.064350074085865474e-10
2.763385290053166797e+13 6.141265567419770082e-10
2.821307675939470703e+13 5.331963049929790565e-10
2.880444153396297656e+13 4.623288998029180212e-10
2.940820170587066797e+13 4.003446550280034656e-10
3.002461709085555078e+13 3.462029435222249733e-10
3.065395295056535938e+13 2.989805668815535868e-10
3.129648010670750391e+13 2.578465266923715417e-10
3.195247505759213672e+13 2.220596308446063739e-10
3.262222009711659766e+13 1.909687073245081992e-10
3.330600343624581641e+13 1.639987656387629895e-10
3.400411932703702734e+13 1.406354808694987527e-10
3.471686818926559766e+13 1.204227363195720907e-10
3.544455673970435938e+13 1.029615807883936677e-10
3.618749812411284375e+13 8.790149794332901640e-11
3.694601205199309375e+13 7.493097819888489191e-11
3.772042493417008594e+13 6.377541492221094770e-11
3.851107002325568750e+13 5.419576724865768805e-11
3.931828755705770312e+13 4.598313568093774217e-11
4.014242490499309375e+13 3.895310718770467974e-11
4.098383671757252344e+13 3.294412793709917295e-11
4.184288507901575781e+13 2.781629414297897697e-11
4.271993966306776562e+13 2.344803791924332168e-11
4.361537789208005469e+13 1.973278338427455682e-11
4.452958509942659375e+13 1.657777356512356123e-11
4.546295469532408594e+13 1.390312841544462186e-11
4.641588833612791406e+13 1.163985686780186326e-11
4.738879609717650781e+13 9.727910270776173104e-12
4.838209664925957031e+13 8.115382396025327961e-12
4.939621743878305469e+13 6.757839460005770051e-12
5.043159487171348438e+13 5.617151442511202901e-12
5.148867450137487500e+13 4.660378500895706874e-12
5.256791122018419531e+13 3.859250807852509360e-12
5.366976945540475781e+13 3.189722795805092731e-12
5.479472336900292188e+13 2.631301047779171624e-12
5.594325706169388281e+13 2.166419453395217004e-12
5.711586478126446875e+13 1.780115337072170339e-12
5.831305113526218750e+13 1.459748674626625250e-12
5.953533130814369531e+13 1.194624706953395440e-12
6.078323128297210938e+13 9.756507923804347188e-13
6.205728806776487500e+13 7.951428561964004891e-13
6.335804992658241406e+13 6.466568659835328146e-13
6.468607661546320312e+13 5.247823669932690810e-13
6.604193962330304688e+13 4.249584680348863695e-13
6.742622241778349219e+13 3.433627036587657132e-13
6.883952069645510938e+13 2.768143265540253694e-13
7.028244264308367188e+13 2.226644848854182705e-13
7.175560918936920312e+13 1.787000996975152043e-13
7.325965428215229688e+13 1.430825353036597865e-13
7.479522515621796875e+13 1.142944508410503572e-13
7.636298261282225000e+13 9.108312889737520418e-14
7.796360130405220312e+13 7.241168856743874665e-14
7.959777002314978125e+13 5.742657283969334740e-14
8.126619200091945312e+13 4.542955918158589670e-14
8.296958520834914062e+13 3.584945443541496724e-14
8.470868266557418750e+13 2.821809824028102091e-14
8.648423275731743750e+13 2.215381902237915017e-14
8.829699955494082812e+13 1.734731268856643401e-14
9.014776314524917188e+13 1.354799167513806404e-14
9.203731996618229688e+13 1.055257730905011964e-14
9.396648314954671875e+13 8.197029103285268791e-15
9.593608287093126562e+13 6.349724653274584608e-15
9.794696670695385938e+13 4.905118196860790986e-15
1.000000000000000000e+14 3.778513678688028929e-15
1.020960662306047656e+14 2.902295940655461950e-15
1.042360673976403281e+14 2.222781477747405644e-15
1.064209244064726875e+14 1.697388168085632282e-15
1.086515774652537188e+14 1.292333419447523251e-15
1.109289864895222656e+14 9.809524983193947910e-16
1.132541315152812656e+14 7.423104120062687731e-16
1.156280131207372969e+14 5.599915184972943025e-16
1.180516528568803125e+14 4.211280591614503792e-16
1.205260936870841250e+14 3.156846156618691315e-16
1.230524004359261562e+14 2.358751760929669617e-16
1.256316602474121406e+14 1.756685139802604609e-16
1.282649830528062500e+14 1.303964453526611383e-16
1.309535020482670312e+14 9.646416100781296845e-17
1.336983741824945156e+14 7.111750848411820594e-17
1.365007806546013906e+14 5.225041448642115268e-17
1.393619274224143594e+14 3.825441331960774475e-17
1.422830457214349062e+14 2.790735936604950509e-17
1.452653925946778125e+14 2.028532453259168565e-17
1.483102514336102812e+14 1.469137864392813821e-17
1.514189325304351875e+14 1.060071197082460927e-17
1.545927736419478438e+14 7.620169350557505219e-18
1.578331405652119688e+14 5.456706370542782759e-18
1.611414277253023125e+14 3.892451403667105477e-18
1.645190587753660625e+14 2.765766185597943297e-18
1.679674872092653125e+14 1.957360917589843878e-18
1.714881969870540938e+14 1.379645033486313567e-18
1.750827031735719688e+14 9.684872895129352867e-19
1.787525525904231875e+14 6.770519233538020922e-19
1.824993244816150312e+14 4.713171763514194381e-19
1.863246311931559688e+14 3.266961770570671806e-19
1.902301188668945625e+14 2.254769698353851202e-19
1.942174681489028438e+14 1.549377756218685844e-19
1.982883949127075312e+14 1.059910725831287873e-19
2.024446509976801875e+14 7.217930286273323899e-20
2.066880249629082188e+14 4.892986378127839330e-20
2.110203428568596562e+14 3.301574022622416212e-20
2.154434690031877812e+14 2.217234415968591688e-20
2.199593068030070312e+14 1.481898685013017801e-20
2.245697995539771562e+14 9.856592058338464682e-21
2.292769312865648750e+14 6.523823677017718276e-21
2.340827276178294375e+14 4.296358243845796536e-21
2.389892566231052500e+14 2.815091168546734722e-21
2.439986297259555000e+14 1.835107912455917821e-21
2.491130026067785938e+14 1.190067469812531411e-21
2.543345761304648125e+14 7.676721333853495219e-22
2.596655972934872500e+14 4.925416743449839632e-22
2.651083601908530625e+14 3.143076581653955593e-22
2.706652070033235938e+14 1.994679412424701099e-22
2.763385290053167188e+14 1.258775685696917289e-22
2.821307675939470625e+14 7.898548053902025859e-23
2.880444153396298125e+14 4.927762702647021058e-23
2.940820170587066250e+14 3.056432833321330682e-23
3.002461709085555000e+14 1.884476826919065523e-23
3.065395295056535625e+14 1.154893187933690023e-23
3.129648010670750625e+14 7.034704420366692232e-24
3.195247505759213750e+14 4.258525326977397585e-24
3.262222009711659375e+14 2.561695475031335757e-24
3.330600343624581250e+14 1.531130801641011283e-24
3.400411932703702500e+14 9.092627863003704009e-25
3.471686818926559375e+14 5.364291816135043345e-25
3.544455673970435625e+14 3.143574778691060496e-25
3.618749812411283750e+14 1.829711030762208782e-25
3.694601205199310000e+14 1.057698839411494584e-25
3.772042493417008750e+14 6.071735899747717104e-26
3.851107002325568750e+14 3.460783512942972399e-26
3.931828755705770000e+14 1.958405586463614492e-26
4.014242490499310000e+14 1.100192055477622261e-26
4.098383671757253125e+14 6.135067015475567045e-27
4.184288507901576250e+14 3.395400878425373672e-27
4.271993966306776875e+14 1.864818169734012326e-27
4.361537789208005625e+14 1.016304727735642424e-27
4.452958509942660000e+14 5.495373714363544002e-28
4.546295469532408750e+14 2.947736919992206647e-28
4.641588833612791250e+14 1.568367166290259548e-28
4.738879609717650625e+14 8.276366730265976796e-29
4.838209664925956875e+14 4.331165344926264577e-29
4.939621743878305000e+14 2.247353259454132899e-29
5.043159487171348125e+14 1.156072620456770940e-29
5.148867450137486875e+14 5.895333568014891570e-30
5.256791122018418750e+14 2.979732197960115960e-30
5.366976945540476250e+14 1.492505729617476644e-30
5.479472336900293125e+14 7.407410066224308822e-31
5.594325706169389375e+14 3.642397207067275871e-31
5.711586478126446250e+14 1.774232555513447974e-31
5.831305113526218750e+14 8.559649910678552094e-32
5.953533130814370000e+14 4.089414163910914127e-32
6.078323128297211250e+14 1.934555139090973772e-32
6.205728806776487500e+14 9.060313205542404685e-33
6.335804992658241250e+14 4.200128044672106907e-33
6.468607661546320000e+14 1.926956412228760644e-33
6.604193962330305000e+14 8.748279373074119127e-34
6.742622241778348750e+14 3.929497124197451675e-34
6.883952069645510000e+14 1.745922360142170728e-34
7.028244264308366250e+14 7.672101964980301632e-35
7.175560918936921250e+14 3.333898661603723445e-35
7.325965428215230000e+14 1.432372080195202453e-35
7.479522515621797500e+14 6.083160872060459312e-36
7.636298261282225000e+14 2.553261442743591601e-36
7.796360130405220000e+14 1.059000868384244519e-36
7.959777002314977500e+14 4.339537662985934985e-37
8.126619200091946250e+14 1.756448600485732080e-37
8.296958520834916250e+14 7.020839397203848430e-38
8.470868266557420000e+14 2.771033641983964562e-38
8.648423275731745000e+14 1.079688789772684824e-38
8.829699955494082500e+14 4.151947553181996780e-39
9.014776314524917500e+14 1.575477342781382400e-39
9.203731996618230000e+14 5.898094182520654978e-40
9.396648314954671250e+14 2.177953813530439987e-40
9.593608287093126250e+14 7.930649335478035495e-41
9.794696670695385000e+14 2.847054708550557706e-41
1.000000000000000000e+15 1.007479638534838914e-41
1.020960662306047500e+15 3.513347615824697807e-42
1.042360673976403250e+15 1.207059855834695687e-42
1.064209244064722375e+15 4.084660507006309554e-43
1.086515774652537375e+15 1.361202585722197219e-43
1.109289864895222875e+15 4.465935186997218055e-44
1.132541315152812750e+15 1.442100773074952928e-44
1.156280131207377750e+15 4.582064248893311358e-45
1.180516528568803000e+15 1.432262155966406711e-45
1.205260936870841250e+15 4.403058673575465565e-46
1.230524004359261500e+15 1.330820205769619506e-46
1.256316602474121500e+15 3.953644843145335019e-47
1.282649830528062500e+15 1.154238025271093170e-47
1.309535020482665000e+15 3.310383854971235248e-48
1.336983741824945250e+15 9.323950518702559726e-49
1.365007806546013750e+15 2.578288314298376987e-49
1.393619274224143500e+15 6.997954576522876857e-50
1.422830457214354750e+15 1.863695343875820336e-50
1.452653925946778250e+15 4.868404024553247556e-51
1.483102514336102750e+15 1.247003408147017447e-51
1.514189325304352000e+15 3.131177349139034930e-52
1.545927736419478500e+15 7.704637357949366154e-53
1.578331405652119500e+15 1.857097071286499451e-53
1.611414277253016750e+15 4.383345221894299098e-54
1.645190587753660750e+15 1.012851655649589873e-54
1.679674872092653250e+15 2.290283466995143366e-55
1.714881969870541000e+15 5.065916926167883906e-56
1.750827031735726750e+15 1.095699868353711905e-56
1.787525525904231750e+15 2.316649397925219017e-57
1.824993244816150500e+15 4.786146782428995986e-58
1.863246311931559750e+15 9.657815521947188246e-59
1.902301188668945750e+15 1.902680319749816440e-59
1.942174681489028250e+15 3.658528183522079567e-60
1.982883949127067250e+15 6.862924072321030582e-61
2.024446509976801750e+15 1.255369175474212262e-61
2.066880249629082000e+15 2.238239554189395914e-62
2.110203428568596500e+15 3.888324012982163779e-63
2.154434690031886500e+15 6.578597062299706191e-64
2.199593068030070500e+15 1.083433930046846519e-64
2.245697995539771750e+15 1.736075696060589167e-65
2.292769312865648500e+15 2.705622767088060813e-66
2.340827276178294500e+15 4.098989765007536595e-67
2.389892566231052500e+15 6.033450847347452736e-68
2.439986297259545000e+15 8.624164967657268305e-69
2.491130026067786000e+15 1.196608963280199872e-69
2.543345761304648500e+15 1.610768718682021315e-70
2.596655972934872000e+15 2.102384083094979874e-71
2.651083601908541500e+15 2.659222841256852618e-72
2.706652070033235500e+15 3.258126715416954083e-73
2.763385290053167000e+15 3.864518466317717082e-74
2.821307675939470500e+15 4.434776798227775073e-75
2.880444153396297500e+15 4.920898748625921586e-76
2.940820170587066500e+15 5.277206581038377185e-77
3.002461709085543000e+15 5.466063354881970063e-78
3.065395295056523500e+15 5.464773189019530726e-79
3.129648010670750500e+15 5.270159462978093692e-80
3.195247505759214000e+15 4.900076442681996990e-81
3.262222009711673500e+15 4.389468915019064626e-82
3.330600343624582000e+15 3.785706121840125981e-83
3.400411932703702500e+15 3.141326225154826424e-84
3.471686818926559500e+15 2.506484067726475850e-85
3.544455673970435500e+15 1.921684201599550159e-86
3.618749812411284000e+15 1.414614792476136789e-87
3.694601205199294500e+15 9.991145063152741387e-89
3.772042493416993500e+15 6.766240124126790638e-90
3.851107002325568500e+15 4.390246785483440538e-91
3.931828755705770000e+15 2.727032009390561187e-92
4.014242490499326000e+15 1.620344877934800329e-93
4.098383671757253000e+15 9.203494029769919031e-95
4.184288507901576000e+15 4.992903533746201280e-96
4.271993966306776500e+15 2.584840548137354237e-97
4.361537789208006000e+15 1.275918116932138803e-98
4.452958509942660000e+15 6.000791814725554244e-100
4.546295469532390000e+15 2.686511130640779637e-101
4.641588833612773000e+15 1.143827694011274835e-102
4.738879609717651000e+15 4.627245748456449186e-104
4.838209664925957000e+15 1.777202445055749110e-105
4.939621743878326000e+15 6.473948407403416924e-107
5.043159487171349000e+15 2.234536797244518526e-108
5.148867450137487000e+15 7.300574744797344459e-110
5.256791122018419000e+15 2.255860477265461234e-111
5.366976945540476000e+15 6.585427121422534129e-113
5.479472336900292000e+15 1.814296177173148726e-114
5.594325706169389000e+15 4.712101626403766891e-116
5.711586478126423000e+15 1.152676356498158838e-117
5.831305113526218000e+15 2.652647731275862859e-119
5.953533130814370000e+15 5.736311561587032547e-121
6.078323128297236000e+15 1.164281090443166543e-122
6.205728806776513000e+15 2.215777353128330261e-124
6.335804992658241000e+15 3.949024274426922181e-126
6.468607661546321000e+15 6.582837699337679976e-128
6.604193962330306000e+15 1.025050138181193075e-129
6.742622241778349000e+15 1.489434188941263200e-131
6.883952069645510000e+15 2.016738360229580262e-133
7.028244264308338000e+15 2.541287867925203751e-135
7.175560918936921000e+15 2.976031228293389017e-137
7.325965428215230000e+15 3.235173196326964636e-139
7.479522515621829000e+15 3.259819013868676206e-141
7.636298261282257000e+15 3.040226525332104800e-143
7.796360130405221000e+15 2.620525944120084330e-145
7.959777002314978000e+15 2.084953872415291405e-147
8.126619200091945000e+15 1.528751414177098225e-149
8.296958520834915000e+15 1.031438704855452745e-151
8.470868266557420000e+15 6.393160851468278686e-154
8.648423275731709000e+15 3.635496503658546401e-156
8.829699955494083000e+15 1.893379244303533454e-158
9.014776314524918000e+15 9.016133162545650913e-161
9.203731996618230000e+15 3.918795331064369707e-163
9.396648314954710000e+15 1.552371777167091085e-165
9.593608287093126000e+15 5.594194993952156571e-168
9.794696670695384000e+15 1.830654967005103263e-170
