1.020960662306047603e+07 6.126111662060074536e+01
1.042360673976401053e+07 5.986709588287108375e+01
1.064209244064724632e+07 5.850411002698331231e+01
1.086515774652537145e+07 5.717129467462245174e+01
1.109289864895222709e+07 5.586785037188518999e+01
1.132541315152812563e+07 5.459332607307847951e+01
1.156280131207375228e+07 5.334723571236289530e+01
1.180516528568805568e+07 5.212878657363426527e+01
1.205260936870841496e+07 5.093724542385857035e+01
1.230524004359261692e+07 4.977219778444927556e+01
1.256316602474121563e+07 4.863319717289502364e+01
1.282649830528059974e+07 4.751951669399429079e+01
1.309535020482667536e+07 4.643048394056746986e+01
1.336983741824945062e+07 4.536571806892892056e+01
1.365007806546013802e+07 4.432480899410072084e+01
1.393619274224143475e+07 4.330709027037657677e+01
1.422830457214351930e+07 4.231194535538512724e+01
1.452653925946781226e+07 4.133902434083373123e+01
1.483102514336102828e+07 4.038795060779575863e+01
1.514189325304351933e+07 3.945811322077663164e+01
1.545927736419478431e+07 3.854894694094935659e+01
1.578331405652116425e+07 3.766013031037152814e+01
1.611414277253019996e+07 3.679131747815054609e+01
1.645190587753660791e+07 3.594194847833986017e+01
1.679674872092653066e+07 3.511150518082030203e+01
1.714881969870540872e+07 3.429969229120808194e+01
1.750827031735723466e+07 3.350619224476591995e+01
1.787525525904235244e+07 3.273049186970723667e+01
1.824993244816150516e+07 3.197211628870769928e+01
1.863246311931559816e+07 3.123079426533186620e+01
1.902301188668945804e+07 3.050623423805940959e+01
1.942174681489024311e+07 2.979796599102160926e+01
1.982883949127071351e+07 2.910555435379851374e+01
2.024446509976801649e+07 2.842875021158961601e+01
2.066880249629081786e+07 2.776728590511809003e+01
2.110203428568596393e+07 2.712073064587461602e+01
2.154434690031882003e+07 2.648868571133563421e+01
2.199593068030074611e+07 2.587092232657380464e+01
2.245697995539776236e+07 2.526719480109243676e+01
2.292769312865648791e+07 2.467710853093091217e+01
2.340827276178294048e+07 2.410029824641461715e+01
2.389892566231048107e+07 2.353655387207397709e+01
2.439986297259550542e+07 2.298564990803006580e+01
2.491130026067791134e+07 2.244722495492469960e+01
2.543345761304648221e+07 2.192094444194253100e+01
2.596655972934872285e+07 2.140661548489092780e+01
2.651083601908536255e+07 2.090403113873787078e+01
2.706652070033241063e+07 2.041286046944508925e+01
2.763385290053172782e+07 1.993279707564622072e+01
2.821307675939470530e+07 1.946366387564470202e+01
2.880444153396297619e+07 1.900527097471793070e+01
2.940820170587060601e+07 1.855731538781078882e+01
3.002461709085549042e+07 1.811951655775422054e+01
3.065395295056529716e+07 1.769171192832059347e+01
3.129648010670750216e+07 1.727372727116268436e+01
3.195247505759213492e+07 1.686528523800163626e+01
3.262222009711666778e+07 1.646612897971425582e+01
3.330600343624588847e+07 1.607610929066805383e+01
3.400411932703709602e+07 1.569506633608254909e+01
3.471686818926559389e+07 1.532274628020120311e+01
3.544455673970435560e+07 1.495891401944088273e+01
3.618749812411276251e+07 1.460343261805682857e+01
3.694601205199302733e+07 1.425615546406675804e+01
3.772042493417001516e+07 1.391685028317541573e+01
3.851107002325568348e+07 1.358530191463283110e+01
3.931828755705770105e+07 1.326138469824699051e+01
4.014242490499317646e+07 1.294496416825323948e+01
4.098383671757261455e+07 1.263582781983583025e+01
4.184288507901584357e+07 1.233377877923295785e+01
4.271993966306776553e+07 1.203870174719110153e+01
4.361537789208005369e+07 1.175047341439508664e+01
4.452958509942659736e+07 1.146889939965519112e+01
4.546295469532398880e+07 1.119379959533098479e+01
4.641588833612781763e+07 1.092506822206546424e+01
4.738879609717650712e+07 1.066259221670537194e+01
4.838209664925957471e+07 1.040619381055639003e+01
4.939621743878325820e+07 1.015570826543311078e+01
5.043159487171358615e+07 9.911038548216833277e+00
5.148867450137497485e+07 9.672081005248500674e+00
5.256791122018418461e+07 9.438673092568553358e+00
5.366976945540475845e+07 9.210664159123741257e+00
5.479472336900292337e+07 8.987965206729546352e+00
5.594325706169377267e+07 8.770481221667751015e+00
5.711586478126434237e+07 8.558063610911602836e+00
5.831305113526218385e+07 8.350574633309518546e+00
5.953533130814369768e+07 8.147932671285881057e+00
6.078323128297235817e+07 7.950050643724408062e+00
6.205728806776500493e+07 7.756792739288606242e+00
6.335804992658253759e+07 7.568033045929339231e+00
6.468607661546321213e+07 7.383696725024697649e+00
6.604193962330305576e+07 7.203703978009123432e+00
6.742622241778348386e+07 7.027930701964861804e+00
6.883952069645495713e+07 6.856261821860248240e+00
7.028244264308351278e+07 6.688628724920590685e+00
7.175560918936920166e+07 6.524958297511042282e+00
7.325965428215231001e+07 6.365137160226944424e+00
7.479522515621829033e+07 6.209060164595339160e+00
7.636298261282241344e+07 6.056664415110181388e+00
7.796360130405236781e+07 5.907882933850624241e+00
7.959777002314977348e+07 5.762612161138822131e+00
8.126619200091944635e+07 5.620756039595011799e+00
8.296958520834915340e+07 5.482256923430586681e+00
8.470868266557401419e+07 5.347053465617406687e+00
8.648423275731725991e+07 5.215051097118416301e+00
8.829699955494081974e+07 5.086162085055542015e+00
9.014776314524917305e+07 4.960333603497526056e+00
9.203731996618229151e+07 4.837509472472137695e+00
9.396648314954690635e+07 4.717603352968526842e+00
9.593608287093147635e+07 4.600535133343539584e+00
9.794696670695386827e+07 4.486256412382767955e+00
1.000000000000000000e+08 4.374715751004845110e+00
1.020960662306047529e+08 4.265834342556864556e+00
1.042360673976403177e+08 4.159539051518533093e+00
1.064209244064722359e+08 4.055785538234797372e+00
1.086515774652537256e+08 3.954526712887212359e+00
1.109289864895222783e+08 3.855690661441642408e+00
1.132541315152812600e+08 3.759210632787199913e+00
1.156280131207377762e+08 3.665046015026648174e+00
1.180516528568803072e+08 3.573153707903397702e+00
1.205260936870841384e+08 3.483468103292466811e+00
1.230524004359261543e+08 3.395928291931749055e+00
1.256316602474121451e+08 3.310497082938715696e+00
1.282649830528062433e+08 3.227135035101565741e+00
1.309535020482665002e+08 3.145782308372388592e+00
1.336983741824945360e+08 3.066383337848712642e+00
1.365007806546013653e+08 2.988904071760023040e+00
1.393619274224143326e+08 2.913308424369325245e+00
1.422830457214354575e+08 2.839541830682979828e+00
1.452653925946778059e+08 2.767553614087972402e+00
1.483102514336102903e+08 2.697312602864860853e+00
1.514189325304352045e+08 2.628785787976374966e+00
1.545927736419478357e+08 2.561923427604135828e+00
1.578331405652119517e+08 2.496679315351233441e+00
1.611414277253016531e+08 2.433024921561492082e+00
1.645190587753660679e+08 2.370930057855070050e+00
1.679674872092653215e+08 2.310349391495586602e+00
1.714881969870540798e+08 2.251240803158318649e+00
1.750827031735726893e+08 2.193578186597588964e+00
1.787525525904231668e+08 2.137333938990255700e+00
1.824993244816150367e+08 2.082466757264599178e+00
1.863246311931559741e+08 2.028938258084350910e+00
1.902301188668946028e+08 1.976724557757400191e+00
1.942174681489028633e+08 1.925800423125297423e+00
1.982883949127075374e+08 1.876128233225365260e+00
2.024446509976801872e+08 1.827673019056253123e+00
2.066880249629082084e+08 1.780412934967161132e+00
2.110203428568596542e+08 1.734324919276384103e+00
2.154434690031886399e+08 1.689374714787463816e+00
2.199593068030070364e+08 1.645530472183980741e+00
2.245697995539771616e+08 1.602772214385579153e+00
2.292769312865648568e+08 1.561078869262978674e+00
2.340827276178294122e+08 1.520419251860361642e+00
2.389892566231052577e+08 1.480764362671967760e+00
2.439986297259555161e+08 1.442095937564364050e+00
2.491130026067785919e+08 1.404394726966442075e+00
2.543345761304648221e+08 1.367632351237644039e+00
2.596655972934872508e+08 1.331782413571744872e+00
2.651083601908541918e+08 1.296828219856754449e+00
2.706652070033235550e+08 1.262752189822877513e+00
2.763385290053166747e+08 1.229528504799230593e+00
2.821307675939470530e+08 1.197133144421962614e+00
2.880444153396297693e+08 1.165550853384940577e+00
2.940820170587067008e+08 1.134765580071331437e+00
3.002461709085555673e+08 1.104753843136994318e+00
3.065395295056523085e+08 1.075493791557491807e+00
3.129648010670750141e+08 1.046971488353036328e+00
3.195247505759213567e+08 1.019172281509921341e+00
3.262222009711673260e+08 9.920748223635041940e-01
3.330600343624581695e+08 9.656592396827727853e-01
3.400411932703702450e+08 9.399128042103905845e-01
3.471686818926559091e+08 9.148221451472656751e-01
3.544455673970435262e+08 8.903678592759668442e-01
3.618749812411283851e+08 8.665318817073466295e-01
3.694601205199309587e+08 8.433025893912927673e-01
3.772042493416993618e+08 8.206677841446357036e-01
3.851107002325568795e+08 7.986098369196177327e-01
3.931828755705770254e+08 7.771123305001111925e-01
4.014242490499325991e+08 7.561646548693020664e-01
4.098383671757252812e+08 7.357556848433824959e-01
4.184288507901575565e+08 7.158694089214860945e-01
4.271993966306776404e+08 6.964909124190538092e-01
4.361537789208005667e+08 6.776105128520696352e-01
4.452958509942659736e+08 6.592180666826324975e-01
4.546295469532408714e+08 6.412990367460135177e-01
4.641588833612772226e+08 6.238398781602089160e-01
4.738879609717651010e+08 6.068317575219901450e-01
4.838209664925957322e+08 5.902654291750738524e-01
4.939621743878325820e+08 5.741276993723199995e-01
5.043159487171348333e+08 5.584062716878059884e-01
5.148867450137487054e+08 5.430930898165738929e-01
5.256791122018419504e+08 5.281797291886545231e-01
5.366976945540476441e+08 5.136542198292789463e-01
5.479472336900292635e+08 4.995054028366817112e-01
5.594325706169389486e+08 4.857259329799913927e-01
5.711586478126422167e+08 4.723081363775283870e-01
5.831305113526217937e+08 4.592411574985276745e-01
5.953533130814369917e+08 4.465148735932283341e-01
6.078323128297235966e+08 4.341225899427023638e-01
6.205728806776486635e+08 4.220573188299173162e-01
6.335804992658240795e+08 4.103092192992433551e-01
6.468607661546320915e+08 3.988691121265610096e-01
6.604193962330304384e+08 3.877308975683596004e-01
6.742622241778348684e+08 3.768882149421420302e-01
6.883952069645509720e+08 3.663321466562723394e-01
7.028244264308338165e+08 3.560543724016711487e-01
7.175560918936921358e+08 3.460493364853083897e-01
7.325965428215229511e+08 3.363112510833815016e-01
7.479522515621827841e+08 3.268320386850792070e-01
7.636298261282258034e+08 3.176041606256982952e-01
7.796360130405220985e+08 3.086225585741676491e-01
7.959777002314977646e+08 2.998819679355644308e-01
8.126619200091946125e+08 2.913750752561973800e-01
8.296958520834914446e+08 2.830950529637934476e-01
8.470868266557419300e+08 2.750372972940225980e-01
8.648423275731709003e+08 2.671970214220747430e-01
8.829699955494083166e+08 2.595676065705161961e-01
9.014776314524917603e+08 2.521428718622646392e-01
9.203731996618230343e+08 2.449186288753498475e-01
9.396648314954710007e+08 2.378905269255105759e-01
9.593608287093126774e+08 2.310525786127703152e-01
9.794696670695385933e+08 2.243991909863966572e-01
1.000000000000000000e+09 2.179265550250707173e-01
1.020960662306047559e+09 2.116307180695721213e-01
1.042360673976403356e+09 2.055062663598754280e-01
1.064209244064726830e+09 1.995481412550444700e-01
1.086515774652537346e+09 1.937528802060554389e-01
1.109289864895222664e+09 1.881168936863545083e-01
1.132541315152812481e+09 1.826352889270058399e-01
1.156280131207372904e+09 1.773034926969010994e-01
1.180516528568803072e+09 1.721183587533534065e-01
1.205260936870841503e+09 1.670766287680701678e-01
1.230524004359261513e+09 1.621738829694172324e-01
1.256316602474121332e+09 1.574059889454011429e-01
1.282649830528062582e+09 1.527700891349576262e-01
1.309535020482670307e+09 1.482632271860850615e-01
1.336983741824945211e+09 1.438814125844574410e-01
1.365007806546013832e+09 1.396209130919962571e-01
1.393619274224143505e+09 1.354791345321619545e-01
1.422830457214349031e+09 1.314533957961949162e-01
1.452653925946778297e+09 1.275400957776950117e-01
1.483102514336102724e+09 1.237358653713204470e-01
1.514189325304351807e+09 1.200383506279144308e-01
1.545927736419478655e+09 1.164451212290706084e-01
1.578331405652119875e+09 1.129529291823795079e-01
1.611414277253023148e+09 1.095587347704036069e-01
1.645190587753660679e+09 1.062604030753329792e-01
1.679674872092653036e+09 1.030557322088772876e-01
1.714881969870540857e+09 9.994179424670304734e-02
1.750827031735726833e+09 9.691584812752108979e-02
1.787525525904231787e+09 9.397595856770606104e-02
1.824993244816150427e+09 9.112013166686175336e-02
1.863246311931559801e+09 8.834572949086949567e-02
1.902301188668945789e+09 8.565028165392470083e-02
1.942174681489028454e+09 8.303203476169737640e-02
1.982883949127075434e+09 8.048918421703120385e-02
2.024446509976801872e+09 7.801935470802084938e-02
2.066880249629082203e+09 7.562032105846738794e-02
2.110203428568596601e+09 7.329049553202261758e-02
2.154434690031886578e+09 7.102824576173326354e-02
2.199593068030070305e+09 6.883143416451793783e-02
2.245697995539771557e+09 6.669805760329208799e-02
2.292769312865648746e+09 6.462667915811896868e-02
2.340827276178294182e+09 6.261582309485497211e-02
2.389892566231052876e+09 6.066356692483307333e-02
2.439986297259555340e+09 5.876810847598811643e-02
2.491130026067785740e+09 5.692814807635932645e-02
2.543345761304647923e+09 5.514235238021038960e-02
2.596655972934872150e+09 5.340899341982103393e-02
2.651083601908541679e+09 5.172645082801114597e-02
2.706652070033235550e+09 5.009354977957057586e-02
2.763385290053166866e+09 4.850908631157820755e-02
2.821307675939470768e+09 4.697150828485499585e-02
2.880444153396297932e+09 4.547935972237397706e-02
2.940820170587066650e+09 4.403157931521244073e-02
3.002461709085555077e+09 4.262708061240848278e-02
3.065395295056523800e+09 4.126447032574825230e-02
3.129648010670750618e+09 3.994244104704385706e-02
3.195247505759213448e+09 3.866003463369770826e-02
3.262222009711673260e+09 3.741627131503590803e-02
3.330600343624581814e+09 3.620990124027793911e-02
3.400411932703702450e+09 3.503975120118862224e-02
3.471686818926559448e+09 3.390495677080696685e-02
3.544455673970435619e+09 3.280463497813935342e-02
3.618749812411283970e+09 3.173766542183383693e-02
3.694601205199309826e+09 3.070299604937215196e-02
3.772042493416993618e+09 2.969984752218147311e-02
3.851107002325568676e+09 2.872742465912363555e-02
3.931828755705770016e+09 2.778472381918236506e-02
4.014242490499325752e+09 2.687080226895961418e-02
4.098383671757252693e+09 2.598495788515420984e-02
4.184288507901576042e+09 2.512647506347960233e-02
4.271993966306777000e+09 2.429445541770999112e-02
4.361537789208005905e+09 2.348805479672349053e-02
4.452958509942660332e+09 2.270664111057747736e-02
4.546295469532408714e+09 2.194957084793954308e-02
4.641588833612771988e+09 2.121604044913219869e-02
4.738879609717651367e+09 2.050529461098454104e-02
4.838209664925957680e+09 1.981676472739410735e-02
4.939621743878325462e+09 1.914987256292839321e-02
5.043159487171347618e+09 1.850389993745877801e-02
5.148867450137486458e+09 1.787817157376626193e-02
5.256791122018419266e+09 1.727217637940292941e-02
5.366976945540475845e+09 1.668539518762344326e-02
5.479472336900292397e+09 1.611718664353705560e-02
5.594325706169388771e+09 1.556694750472390268e-02
5.711586478126422882e+09 1.503421875219368084e-02
5.831305113526218414e+09 1.451853463835722259e-02
5.953533130814370155e+09 1.401932289135047506e-02
6.078323128297236443e+09 1.353604506846103721e-02
6.205728806776488304e+09 1.306828926897783683e-02
6.335804992658241272e+09 1.261563802459068559e-02
6.468607661546320915e+09 1.217758114291226518e-02
6.604193962330305099e+09 1.175363843347391503e-02
6.742622241778348923e+09 1.134344060242039112e-02
6.883952069645509720e+09 1.094661378667445735e-02
7.028244264308338165e+09 1.056270354110881368e-02
7.175560918936921120e+09 1.019128200545108866e-02
7.325965428215229988e+09 9.832018387095678089e-03
7.479522515621828079e+09 9.484578179703764475e-03
7.636298261282225609e+09 9.148556963272538520e-03
7.796360130405220985e+09 8.823573854140395051e-03
7.959777002314977646e+09 8.509332826469566055e-03
8.126619200091945648e+09 8.205534870758613222e-03
8.296958520834915161e+09 7.911820424202452642e-03
8.470868266557419777e+09 7.627850742706262198e-03
8.648423275731708527e+09 7.353361171891665063e-03
8.829699955494083405e+09 7.088084694097251601e-03
9.014776314524917603e+09 6.831701938916568545e-03
9.203731996618228912e+09 6.583911933994702342e-03
9.396648314954671860e+09 6.344478311060583291e-03
9.593608287093128204e+09 6.113162863185274236e-03
9.794696670695384979e+09 5.889682204248593116e-03
1.000000000000000000e+10 5.673769191754145930e-03
1.020960662306047440e+10 5.465212941386209111e-03
1.042360673976403236e+10 5.263801171407856035e-03
1.064209244064726830e+10 5.069282686117530454e-03
1.086515774652537155e+10 4.881420617603235076e-03
1.109289864895222664e+10 4.700027021956276058e-03
1.132541315152812576e+10 4.524912926691041469e-03
1.156280131207373047e+10 4.355855908316100776e-03
1.180516528568803024e+10 4.192646168897638456e-03
1.205260936870841217e+10 4.035116397514473645e-03
1.230524004359261703e+10 3.883098560792573161e-03
1.256316602474121475e+10 3.736395929719583432e-03
1.282649830528062630e+10 3.594822889710902296e-03
1.309535020482670403e+10 3.458230670878596671e-03
1.336983741824945259e+10 3.326470032910549494e-03
1.365007806546013641e+10 3.199367171959603511e-03
1.393619274224143410e+10 3.076758058350784458e-03
1.422830457214348984e+10 2.958510567845809569e-03
1.452653925946778107e+10 2.844492311289736723e-03
1.483102514336102867e+10 2.734549919977775564e-03
1.514189325304351997e+10 2.628538611738985564e-03
1.545927736419478416e+10 2.526341191867978193e-03
1.578331405652119637e+10 2.427840366408652237e-03
1.611414277253023148e+10 2.332900964512134388e-03
1.645190587753660774e+10 2.241395350450072800e-03
1.679674872092653275e+10 2.153219706342724814e-03
1.714881969870541000e+10 2.068270246745614483e-03
1.750827031735726929e+10 1.986427989989632183e-03
1.787525525904231644e+10 1.907580559598886626e-03
1.824993244816150284e+10 1.831636110706436190e-03
1.863246311931559753e+10 1.758502933715098190e-03
1.902301188668945694e+10 1.688076434127627019e-03
1.942174681489028549e+10 1.620257800960103528e-03
1.982883949127075195e+10 1.554965894140526977e-03
2.024446509976801682e+10 1.492119787356362918e-03
2.066880249629082108e+10 1.431627657986216931e-03
2.110203428568596649e+10 1.373402741625951318e-03
2.154434690031886673e+10 1.317373458215214191e-03
2.199593068030070114e+10 1.263468499508046483e-03
2.245697995539771652e+10 1.211607368071099602e-03
2.292769312865648651e+10 1.161713985113848550e-03
2.340827276178294373e+10 1.113725298104803517e-03
2.389892566231052399e+10 1.067578567361961682e-03
2.439986297259555435e+10 1.023203326091448855e-03
2.491130026067786026e+10 9.805329627519199578e-04
2.543345761304648209e+10 9.395120219786633415e-04
2.596655972934872437e+10 9.000853882210011489e-04
2.651083601908541489e+10 8.621914679830170293e-04
2.706652070033235550e+10 8.257720272705222197e-04
2.763385290053166962e+10 7.907783703299477076e-04
2.821307675939470673e+10 7.571621566638709212e-04
2.880444153396297836e+10 7.248696323851181768e-04
2.940820170587066650e+10 6.938499673528614057e-04
3.002461709085555267e+10 6.640604721598698584e-04
3.065395295056523514e+10 6.354588187697843803e-04
3.129648010670750427e+10 6.079981705708398980e-04
3.195247505759213638e+10 5.816342321149068663e-04
3.262222009711672974e+10 5.563296435803156059e-04
3.330600343624581909e+10 5.320474051836309066e-04
3.400411932703702927e+10 5.087467754746729989e-04
3.471686818926559448e+10 4.863892186494283643e-04
3.544455673970435333e+10 4.649420971071106367e-04
3.618749812411283875e+10 4.443731261076779254e-04
3.694601205199309540e+10 4.246469273654327500e-04
3.772042493416993713e+10 4.057300343502215942e-04
3.851107002325569153e+10 3.875939872134649342e-04
3.931828755705770111e+10 3.702106673067573719e-04
4.014242490499325562e+10 3.535494084873605676e-04
4.098383671757252502e+10 3.375811992517584767e-04
4.184288507901576233e+10 3.222812700024750760e-04
4.271993966306776428e+10 3.076251773404000789e-04
4.361537789208005524e+10 2.935863889439581809e-04
4.452958509942659760e+10 2.801398024689263737e-04
4.546295469532408905e+10 2.672639026168290499e-04
4.641588833612772369e+10 2.549374829074829924e-04
4.738879609717650604e+10 2.431376317307330868e-04
4.838209664925956726e+10 2.318426714027889499e-04
4.939621743878325653e+10 2.210339515831741112e-04
5.043159487171348572e+10 2.106931117863742079e-04
5.148867450137487030e+10 2.008004064489270343e-04
5.256791122018418884e+10 1.913371530758251017e-04
5.366976945540475464e+10 1.822872190477634871e-04
5.479472336900292206e+10 1.736347417112748214e-04
5.594325706169388580e+10 1.653627392126841267e-04
5.711586478126422882e+10 1.574551440683539020e-04
5.831305113526218414e+10 1.498980321408192016e-04
5.953533130814369965e+10 1.426777289781062214e-04
6.078323128297235870e+10 1.357796609051873911e-04
6.205728806776487732e+10 1.291900393860687894e-04
6.335804992658241272e+10 1.228968737824153703e-04
6.468607661546320343e+10 1.168884028975290834e-04
6.604193962330305481e+10 1.111521475262030955e-04
6.742622241778349304e+10 1.056763014532772398e-04
6.883952069645510864e+10 1.004505634054004334e-04
7.028244264308338928e+10 9.546484168317452524e-05
7.175560918936921692e+10 9.070847517001099042e-05
7.325965428215229797e+10 8.617137856130288218e-05
7.479522515621827698e+10 8.184472356297364045e-05
7.636298261282226562e+10 7.771987222492757078e-05
7.796360130405221558e+10 7.378773841651936713e-05
7.959777002314976501e+10 7.003972774416135838e-05
8.126619200091944885e+10 6.646829343607037882e-05
8.296958520834915161e+10 6.306606066909424210e-05
8.470868266557418823e+10 5.982530482729309741e-05
8.648423275731707764e+10 5.673872041057507137e-05
8.829699955494082642e+10 5.379987307898072572e-05
9.014776314524917603e+10 5.100248302188429406e-05
9.203731996618229675e+10 4.834000001744601370e-05
9.396648314954670715e+10 4.580623033683139017e-05
9.593608287093125916e+10 4.339570302096148043e-05
9.794696670695385742e+10 4.110308529239053044e-05
1.000000000000000000e+11 3.892283760401864647e-05
1.020960662306047516e+11 3.684972299437220823e-05
1.042360673976403351e+11 3.487910276277594569e-05
1.064209244064726715e+11 3.300646117155256080e-05
1.086515774652537231e+11 3.122712638087578714e-05
1.109289864895222778e+11 2.953668281588914368e-05
1.132541315152812653e+11 2.793120892631636924e-05
1.156280131207372894e+11 2.640689206149270579e-05
1.180516528568803101e+11 2.495980349669469180e-05
1.205260936870841370e+11 2.358623104513058567e-05
1.230524004359261475e+11 2.228286948036463749e-05
1.256316602474121399e+11 2.104650956838205589e-05
1.282649830528062439e+11 1.987385735166429023e-05
1.309535020482670288e+11 1.876180140555723375e-05
1.336983741824945221e+11 1.770756471442062999e-05
1.365007806546013794e+11 1.670845448470134820e-05
1.393619274224143372e+11 1.576171751473518819e-05
1.422830457214349060e+11 1.486475408807390094e-05
1.452653925946778259e+11 1.401523858347135601e-05
1.483102514336102905e+11 1.321091893331805915e-05
1.514189325304352112e+11 1.244950131066206030e-05
1.545927736419478455e+11 1.172882061377356170e-05
1.578331405652119751e+11 1.104693581745534783e-05
1.611414277253023071e+11 1.040196983665887893e-05
1.645190587753660583e+11 9.792017943846617888e-06
1.679674872092653198e+11 9.215283078747551804e-06
1.714881969870540771e+11 8.670150879455114002e-06
1.750827031735719604e+11 8.155062310005942714e-06
1.787525525904231873e+11 7.668441213162147970e-06
1.824993244816150513e+11 7.208801231372802318e-06
1.863246311931559753e+11 6.774804561675890626e-06
1.902301188668945618e+11 6.365161050577784479e-06
1.942174681489028320e+11 5.978571116805909145e-06
1.982883949127075500e+11 5.613809855364758014e-06
2.024446509976802063e+11 5.269772814418816065e-06
2.066880249629082031e+11 4.945396387496011306e-06
2.110203428568596497e+11 4.639613032295164154e-06
2.154434690031877747e+11 4.351417114979162037e-06
2.199593068030070190e+11 4.079900387572353211e-06
2.245697995539771729e+11 3.824189448550327050e-06
2.292769312865648804e+11 3.583410758128711025e-06
2.340827276178294067e+11 3.356741934885636740e-06
2.389892566231052551e+11 3.143439099498673604e-06
2.439986297259555054e+11 2.942787957933428034e-06
2.491130026067796021e+11 2.754076588788080526e-06
2.543345761304648132e+11 2.576635203378625354e-06
2.596655972934872437e+11 2.409857099030725186e-06
2.651083601908530884e+11 2.253160568434355937e-06
2.706652070033235779e+11 2.105967826288663117e-06
2.763385290053167114e+11 1.967735664683345111e-06
2.821307675939470825e+11 1.837971412373177808e-06
2.880444153396297607e+11 1.716203410227732706e-06
2.940820170587066650e+11 1.601964765905957700e-06
3.002461709085555420e+11 1.494816859645703938e-06
3.065395295056536255e+11 1.394361422598265270e-06
3.129648010670750732e+11 1.300217759565374378e-06
3.195247505759213257e+11 1.212010283253058431e-06
3.262222009711659546e+11 1.129386434909641664e-06
3.330600343624581909e+11 1.052025764344157868e-06
3.400411932703702393e+11 9.796224426863681588e-07
3.471686818926559448e+11 9.118757417121955648e-07
3.544455673970435181e+11 8.485036150182136356e-07
3.618749812411284180e+11 7.892494758242505184e-07
3.694601205199309692e+11 7.338688374708175557e-07
3.772042493417008667e+11 6.821220766642375556e-07
3.851107002325568848e+11 6.337846620218866152e-07
3.931828755705770264e+11 5.886521755407810073e-07
4.014242490499309692e+11 5.465301581486285553e-07
4.098383671757252808e+11 5.072286355649854760e-07
4.184288507901575928e+11 4.705697718280867534e-07
4.271993966306776123e+11 4.363915599708173853e-07
4.361537789208005371e+11 4.045401436849221014e-07
4.452958509942659912e+11 3.748656967634660255e-07
4.546295469532408447e+11 3.472281109674032570e-07
4.641588833612791138e+11 3.214996855747108314e-07
4.738879609717650757e+11 2.975593521336651384e-07
4.838209664925957031e+11 2.752895881514646976e-07
4.939621743878305664e+11 2.545806140546529988e-07
5.043159487171348267e+11 2.353323353271605766e-07
5.148867450137487183e+11 2.174500221992341189e-07
5.256791122018419189e+11 2.008420095536171599e-07
5.366976945540476074e+11 1.854227706303569082e-07
5.479472336900292969e+11 1.711143056733376984e-07
5.594325706169388428e+11 1.578429279033380521e-07
5.711586478126446533e+11 1.455375580011015670e-07
5.831305113526218262e+11 1.341319574769751077e-07
5.953533130814368896e+11 1.235657109587986962e-07
6.078323128297211914e+11 1.137818486751425897e-07
6.205728806776488037e+11 1.047255882333896404e-07
6.335804992658240967e+11 9.634594393430439258e-08
6.468607661546320801e+11 8.859641347649124822e-08
6.604193962330305176e+11 8.143322936712591250e-08
6.742622241778348389e+11 7.481443541660157504e-08
6.883952069645510254e+11 6.870103619543558017e-08
7.028244264308366699e+11 6.305747087201892800e-08
7.175560918936921387e+11 5.785033473305201078e-08
7.325965428215229492e+11 5.304770481685426636e-08
7.479522515621828613e+11 4.861995326639759544e-08
7.636298261282225342e+11 4.454006952549231793e-08
7.796360130405220947e+11 4.078273117070464652e-08
7.959777002314978027e+11 3.732381399267107803e-08
8.126619200091945801e+11 3.414096180768334208e-08
8.296958520834915771e+11 3.121380190516826301e-08
8.470868266557419434e+11 2.852327386123759817e-08
8.648423275731743164e+11 2.605127544151782077e-08
8.829699955494082031e+11 2.378105754991791124e-08
9.014776314524916992e+11 2.169736551225967169e-08
9.203731996618229980e+11 1.978595724435170611e-08
9.396648314954670410e+11 1.803334863226075728e-08
9.593608287093126221e+11 1.642708414530512300e-08
9.794696670695385742e+11 1.495582734810619524e-08
1.000000000000000000e+12 1.360901717852290075e-08
1.020960662306047485e+12 1.237668579580039544e-08
1.042360673976403198e+12 1.124964169866131547e-08
1.064209244064726929e+12 1.021952605787565294e-08
1.086515774652537354e+12 9.278569083617280856e-09
1.109289864895222656e+12 8.419460383444390655e-09
1.132541315152812744e+12 7.635471192782296465e-09
1.156280131207372803e+12 6.920488141303904177e-09
1.180516528568802979e+12 6.268841684776065659e-09
1.205260936870841309e+12 5.675214309150931214e-09
1.230524004359261719e+12 5.134720895978856361e-09
1.256316602474121338e+12 4.642927931278088650e-09
1.282649830528062500e+12 4.195733481676029779e-09
1.309535020482670410e+12 3.789302531665846664e-09
1.336983741824945068e+12 3.420118937274275900e-09
1.365007806546013672e+12 3.084995508015511874e-09
1.393619274224143311e+12 2.780990603536391624e-09
1.422830457214348877e+12 2.505362821318119203e-09
1.452653925946778320e+12 2.255603942993124221e-09
1.483102514336102783e+12 2.029443500787823207e-09
1.514189325304351807e+12 1.824791215337017367e-09
1.545927736419478516e+12 1.639705411152917660e-09
1.578331405652119873e+12 1.472413447400477132e-09
1.611414277253023193e+12 1.321313115656714798e-09
1.645190587753660889e+12 1.184933187102899275e-09
1.679674872092653076e+12 1.061911515870260731e-09
1.714881969870540771e+12 9.510073745090474176e-10
1.750827031735719727e+12 8.511011656527175783e-10
1.787525525904231689e+12 7.611675717241506599e-10
1.824993244816150391e+12 6.802604591750316488e-10
1.863246311931559814e+12 6.075200833637687678e-10
1.902301188668945801e+12 5.421720175098447338e-10
1.942174681489028320e+12 4.835090106212211734e-10
1.982883949127075439e+12 4.308806405472540309e-10
2.024446509976801758e+12 3.836973437370016938e-10
2.066880249629082031e+12 3.414290855415157387e-10
2.110203428568596680e+12 3.035931922447509716e-10
2.154434690031877930e+12 2.697473020182315573e-10
2.199593068030070312e+12 2.394914852533144621e-10
2.245697995539771484e+12 2.124669387206393044e-10
2.292769312865648926e+12 1.883478860846561022e-10
2.340827276178293945e+12 1.668368063180521802e-10
2.389892566231052246e+12 1.476654462947917773e-10
2.439986297259555176e+12 1.305936728809108126e-10
2.491130026067796387e+12 1.154041235308881285e-10
2.543345761304647949e+12 1.018989982879750671e-10
2.596655972934872070e+12 8.990045966642732210e-11
2.651083601908530762e+12 7.924968980619598954e-11
2.706652070033235840e+12 6.980338581498480684e-11
2.763385290053166992e+12 6.143161864884966677e-11
2.821307675939470703e+12 5.401791666110810727e-11
2.880444153396297852e+12 4.745852749986472679e-11
2.940820170587066406e+12 4.166014121375291057e-11
3.002461709085555176e+12 3.653847233875072742e-11
3.065395295056536133e+12 3.201819774318761001e-11
3.129648010670750488e+12 2.803239997209223636e-11
3.195247505759213867e+12 2.452110088770530306e-11
3.262222009711660156e+12 2.143033056105413711e-11
3.330600343624582031e+12 1.871201258566694498e-11
3.400411932703702637e+12 1.632355707489541082e-11
3.471686818926559082e+12 1.422692491433129118e-11
3.544455673970435547e+12 1.238802185373820268e-11
3.618749812411284180e+12 1.077657831926364821e-11
3.694601205199310059e+12 9.365859768896480748e-12
3.772042493417008789e+12 8.132075275767347664e-12
3.851107002325568848e+12 7.053987083306698207e-12
3.931828755705770020e+12 6.112805613024013236e-12
4.014242490499309570e+12 5.291988324158181556e-12
4.098383671757252930e+12 4.576869701874688832e-12
4.184288507901576172e+12 3.954412297748740746e-12
4.271993966306776855e+12 3.413123465714507750e-12
4.361537789208005859e+12 2.942918834123356127e-12
4.452958509942660156e+12 2.534893287839950830e-12
4.546295469532409180e+12 2.181164016826994569e-12
4.641588833612791016e+12 1.874808556265612570e-12
4.738879609717650391e+12 1.609774109526921701e-12
4.838209664925957031e+12 1.380737404271038187e-12
4.939621743878305664e+12 1.183006945148179873e-12
5.043159487171347656e+12 1.012479049119819648e-12
5.148867450137486328e+12 8.655788782720584068e-13
5.256791122018418945e+12 7.391757124369792130e-13
5.366976945540475586e+12 6.305228637314616632e-13
5.479472336900291992e+12 5.372276644344747391e-13
5.594325706169388672e+12 4.572139081017839138e-13
5.711586478126446289e+12 3.886712801593228626e-13
5.831305113526218750e+12 3.300189354122565002e-13
5.953533130814370117e+12 2.798856834747631579e-13
6.078323128297210938e+12 2.370865542719530994e-13
6.205728806776487305e+12 2.005930256834205812e-13
6.335804992658241211e+12 1.695112712047070384e-13
6.468607661546321289e+12 1.430694661786402889e-13
6.604193962330305664e+12 1.206034655180684198e-13
6.742622241778348633e+12 1.015395284285897693e-13
6.883952069645509766e+12 8.538153137426446072e-14
7.028244264308366211e+12 7.170306114197058817e-14
7.175560918936920898e+12 6.013884266757261025e-14
7.325965428215229492e+12 5.037486877985830311e-14
7.479522515621797852e+12 4.214100849777360327e-14
7.636298261282225586e+12 3.520621202683621757e-14
7.796360130405220703e+12 2.937348793341544620e-14
7.959777002314977539e+12 2.447435548448785848e-14
8.126619200091945312e+12 2.036464700849830450e-14
8.296958520834915039e+12 1.692167486994404000e-14
8.470868266557419922e+12 1.404135146219117378e-14
8.648423275731745117e+12 1.163512485705342972e-14
8.829699955494082031e+12 9.627639328509432834e-15
9.014776314524917969e+12 7.955104017433113960e-15
9.203731996618228516e+12 6.563677839867167447e-15
9.396648314954669922e+12 5.407807732201866412e-15
9.593608287093126953e+12 4.448950319662325511e-15
9.794696670695386719e+12 3.654656343597864404e-15
1.000000000000000000e+13 2.997685357287500645e-15
1.020960662306047461e+13 2.455121969169415439e-15
1.042360673976403125e+13 2.007691728541960788e-15
1.064209244064726758e+13 1.639260367224994480e-15
1.086515774652537305e+13 1.336359798098052336e-15
1.109289864895222656e+13 1.087727690803418592e-15
1.132541315152812695e+13 8.839492822006785895e-16
1.156280131207373047e+13 7.171905674149184137e-16
1.180516528568803125e+13 5.809505990434660130e-16
1.205260936870841211e+13 4.698267666394260913e-16
1.230524004359261523e+13 3.793315131430681852e-16
1.256316602474121484e+13 3.057539157945803673e-16
1.282649830528062695e+13 2.460334526928049475e-16
1.309535020482670312e+13 1.976430517611430998e-16
1.336983741824945312e+13 1.584975371957825086e-16
1.365007806546013672e+13 1.268837505601673364e-16
1.393619274224143359e+13 1.013978705761827182e-16
1.422830457214349023e+13 8.088852848867372755e-17
1.452653925946778320e+13 6.441221488176947526e-17
1.483102514336102734e+13 5.119897660390151382e-17
1.514189325304351953e+13 4.062212137523816578e-17
1.545927736419478516e+13 3.217124128110992442e-17
1.578331405652119727e+13 2.543105897036839087e-17
1.611414277253023242e+13 2.006506721598059286e-17
1.645190587753660742e+13 1.580129036756198683e-17
1.679674872092653125e+13 1.241982711997994729e-17
1.714881969870541016e+13 9.743089317691050754e-18
1.750827031735719922e+13 7.628227890826407939e-18
1.787525525904231641e+13 5.960632723399998817e-18
1.824993244816150391e+13 4.648338555821707241e-18
1.863246311931559766e+13 3.617649143717518412e-18
1.902301188668945703e+13 2.809737144171557486e-18
1.942174681489028516e+13 2.177765115244535783e-18
1.982883949127075391e+13 1.684445909166216973e-18
2.024446509976801562e+13 1.300139434736897223e-18
2.066880249629082031e+13 1.001374197658230737e-18
2.110203428568596484e+13 7.696116633934504558e-19
2.154434690031877734e+13 5.902144958660144814e-19
2.199593068030070312e+13 4.516445020795904659e-19
2.245697995539771484e+13 3.448406732541198111e-19
2.292769312865648828e+13 2.627059613862196462e-19
2.340827276178294141e+13 1.996847326444013841e-19
2.389892566231052344e+13 1.514357439848204467e-19
2.439986297259555078e+13 1.145793307077348703e-19
2.491130026067785938e+13 8.649139361979850287e-20
2.543345761304648438e+13 6.513607866230325819e-20
2.596655972934872656e+13 4.893695965543912246e-20
2.651083601908530859e+13 3.667787930325528718e-20
2.706652070033235938e+13 2.742314446937346864e-20
2.763385290053166797e+13 2.045356457099155552e-20
2.821307675939470703e+13 1.521750522266583364e-20
2.880444153396297656e+13 1.129341351591873332e-20
2.940820170587066797e+13 8.360029370013164859e-21
3.002461709085555078e+13 6.172820038033796882e-21
3.065395295056535938e+13 4.546069148411554608e-21
3.129648010670750391e+13 3.339251099254267744e-21
3.195247505759213672e+13 2.446333907384154353e-21
3.262222009711659766e+13 1.787425457237598947e-21
3.330600343624581641e+13 1.302472068732903680e-21
3.400411932703702734e+13 9.464998363783152225e-22
3.471686818926559766e+13 6.859252597107609075e-22
3.544455673970435938e+13 4.957110163963261095e-22
3.618749812411284375e+13 3.572382235519832588e-22
3.694601205199309375e+13 2.567128118966506112e-22
3.772042493417008594e+13 1.839455888851796922e-22
3.851107002325568750e+13 1.314238684367561278e-22
3.931828755705770312e+13 9.362320354723328443e-23
4.014242490499309375e+13 6.649655066125024183e-23
4.098383671757252344e+13 4.708824127652275532e-23
4.184288507901575781e+13 3.324403841390156651e-23
4.271993966306776562e+13 2.339826402040983424e-23
4.361537789208005469e+13 1.641735904592902292e-23
4.452958509942659375e+13 1.148321520847085544e-23
4.546295469532408594e+13 8.006705324264853622e-24
4.641588833612791406e+13 5.564858670210318383e-24
4.738879609717650781e+13 3.855181611314448691e-24
4.838209664925957031e+13 2.662049073324896056e-24
4.939621743878305469e+13 1.832131727065579259e-24
5.043159487171348438e+13 1.256740906708034381e-24
5.148867450137487500e+13 8.591378533081112715e-25
5.256791122018419531e+13 5.853254693829556219e-25
5.366976945540475781e+13 3.974089565237664085e-25
5.479472336900292188e+13 2.688819610304400312e-25
5.594325706169388281e+13 1.812793053652030563e-25
5.711586478126446875e+13 1.217828200765273868e-25
5.831305113526218750e+13 8.151968655833430091e-26
5.953533130814369531e+13 5.436944053920750297e-26
6.078323128297210938e+13 3.612775333913994034e-26
6.205728806776487500e+13 2.391710969150663394e-26
6.335804992658241406e+13 1.577410484031792913e-26
6.468607661546320312e+13 1.036394946449543702e-26
6.604193962330304688e+13 6.783084978343906288e-27
6.742622241778349219e+13 4.422193495496063907e-27
6.883952069645510938e+13 2.871722866531434614e-27
7.028244264308367188e+13 1.857448775284251050e-27
7.175560918936920312e+13 1.196565701477991056e-27
7.325965428215229688e+13 7.676935261900175023e-28
7.479522515621796875e+13 4.905188707365197409e-28
7.636298261282225000e+13 3.121147093899411994e-28
7.796360130405220312e+13 1.977598857997169888e-28
7.959777002314978125e+13 1.247707938396275124e-28
8.126619200091945312e+13 7.838308977725478870e-29
8.296958520834914062e+13 4.902747843847836270e-29
8.470868266557418750e+13 3.053079482799910509e-29
8.648423275731743750e+13 1.892789793477133009e-29
8.829699955494082812e+13 1.168194898933843130e-29
9.014776314524917188e+13 7.177095282263714229e-30
9.203731996618229688e+13 4.389095614022733051e-30
9.396648314954671875e+13 2.671637976210504723e-30
9.593608287093126562e+13 1.618595252571605972e-30
9.794696670695385938e+13 9.759500420223723328e-31
1.000000000000000000e+14 5.856211493482917561e-31
1.020960662306047656e+14 3.496938341650256597e-31
1.042360673976403281e+14 2.077887197417706527e-31
1.064209244064726875e+14 1.228536274991078153e-31
1.086515774652537188e+14 7.226963434829861029e-32
1.109289864895222656e+14 4.229671489821405763e-32
1.132541315152812656e+14 2.462747188264767006e-32
1.156280131207372969e+14 1.426472129545667700e-32
1.180516528568803125e+14 8.218743574137234967e-33
1.205260936870841250e+14 4.710055957225128814e-33
1.230524004359261562e+14 2.684747357549354401e-33
1.256316602474121406e+14 1.521962212149217567e-33
1.282649830528062500e+14 8.580139029434494199e-34
1.309535020482670312e+14 4.810090992376679667e-34
1.336983741824945156e+14 2.681375484559823334e-34
1.365007806546013906e+14 1.486182534393964247e-34
1.393619274224143594e+14 8.189590489102584423e-35
1.422830457214349062e+14 4.486470745669340114e-35
1.452653925946778125e+14 2.443292912239434915e-35
1.483102514336102812e+14 1.322627090493105796e-35
1.514189325304351875e+14 7.116298219117341005e-36
1.545927736419478438e+14 3.805408973188250323e-36
1.578331405652119688e+14 2.022334045277143602e-36
1.611414277253023125e+14 1.067997397892954479e-36
1.645190587753660625e+14 5.604219454522948272e-37
1.679674872092653125e+14 2.921875857194654681e-37
1.714881969870540938e+14 1.513499659911546619e-37
1.750827031735719688e+14 7.788186984835198974e-38
1.787525525904231875e+14 3.980924132995710609e-38
1.824993244816150312e+14 2.021144186690118372e-38
1.863246311931559688e+14 1.019171046455712717e-38
1.902301188668945625e+14 5.103766658268916929e-39
1.942174681489028438e+14 2.537970226117597940e-39
1.982883949127075312e+14 1.253155051743769840e-39
2.024446509976801875e+14 6.143478553167349100e-40
2.066880249629082188e+14 2.989996093331850379e-40
2.110203428568596562e+14 1.444539934683067391e-40
2.154434690031877812e+14 6.927233725563690832e-41
2.199593068030070312e+14 3.297070272758298691e-41
2.245697995539771562e+14 1.557356071880934006e-41
2.292769312865648750e+14 7.299492693791367807e-42
2.340827276178294375e+14 3.394760656107686831e-42
2.389892566231052500e+14 1.566397562794589977e-42
2.439986297259555000e+14 7.170049189120653133e-43
2.491130026067785938e+14 3.255523896280950835e-43
2.543345761304648125e+14 1.466097297090058773e-43
2.596655972934872500e+14 6.548024038051313352e-44
2.651083601908530625e+14 2.900091929394640676e-44
2.706652070033235938e+14 1.273550284196397594e-44
2.763385290053167188e+14 5.544795253239520633e-45
2.821307675939470625e+14 2.393205910292086184e-45
2.880444153396298125e+14 1.023871807972072574e-45
2.940820170587066250e+14 4.341384048709595893e-46
3.002461709085555000e+14 1.824264253691775452e-46
3.065395295056535625e+14 7.595943867305195031e-47
3.129648010670750625e+14 3.133669844919420367e-47
3.195247505759213750e+14 1.280694451150372113e-47
3.262222009711659375e+14 5.184606970079165156e-48
3.330600343624581250e+14 2.078830254912505941e-48
3.400411932703702500e+14 8.254583538069053425e-49
3.471686818926559375e+14 3.245521935747215919e-49
3.544455673970435625e+14 1.263402215554618873e-49
3.618749812411283750e+14 4.868760631134970654e-50
3.694601205199310000e+14 1.857170754170342951e-50
3.772042493417008750e+14 7.010983873610386279e-51
3.851107002325568750e+14 2.619095489516364183e-51
3.931828755705770000e+14 9.680947951753726071e-52
4.014242490499310000e+14 3.540072826953997926e-52
4.098383671757253125e+14 1.280465734509466599e-52
4.184288507901576250e+14 4.580717915807172305e-53
4.271993966306776875e+14 1.620521015211322860e-53
4.361537789208005625e+14 5.668410941571346989e-54
4.452958509942660000e+14 1.960124267669224008e-54
4.546295469532408750e+14 6.699872162700318933e-55
4.641588833612791250e+14 2.263353062571909395e-55
4.738879609717650625e+14 7.555569310360065464e-56
4.838209664925956875e+14 2.491939004538559727e-56
4.939621743878305000e+14 8.119034413158509140e-57
5.043159487171348125e+14 2.612803001538309762e-57
5.148867450137486875e+14 8.303600560183883547e-58
5.256791122018418750e+14 2.605588672575717826e-58
5.366976945540476250e+14 8.071653360887368594e-59
5.479472336900293125e+14 2.468146805703616729e-59
5.594325706169389375e+14 7.448163637285463523e-60
5.711586478126446250e+14 2.217761936862889820e-60
5.831305113526218750e+14 6.514808654969072335e-61
5.953533130814370000e+14 1.887729726361688175e-61
6.078323128297211250e+14 5.394394433788107375e-62
6.205728806776487500e+14 1.519929412436997613e-62
6.335804992658241250e+14 4.221931106833639105e-63
6.468607661546320000e+14 1.155930575270487342e-63
6.604193962330305000e+14 3.118844304072381550e-64
6.742622241778348750e+14 8.290965599013242985e-65
6.883952069645510000e+14 2.171153390689627325e-65
7.028244264308366250e+14 5.599779756856782475e-66
7.175560918936921250e+14 1.422164001966975870e-66
7.325965428215230000e+14 3.555736412846105801e-67
7.479522515621797500e+14 8.750444042096539422e-68
7.636298261282225000e+14 2.119176848580216921e-68
7.796360130405220000e+14 5.049386243418117561e-69
7.959777002314977500e+14 1.183426972133079860e-69
8.126619200091946250e+14 2.727658453812181503e-70
8.296958520834916250e+14 6.181510091433590962e-71
8.470868266557420000e+14 1.377041514883871184e-71
8.648423275731745000e+14 3.014661154611543484e-72
8.829699955494082500e+14 6.484514417307534794e-73
9.014776314524917500e+14 1.370150956495052206e-73
9.203731996618230000e+14 2.843130856107004900e-74
9.396648314954671250e+14 5.792252292071893285e-75
9.593608287093126250e+14 1.158304195728173709e-75
9.794696670695385000e+14 2.273110428015480071e-76
1.000000000000000000e+15 4.376429161132776780e-77
1.020960662306047500e+15 8.264157141279567408e-78
1.042360673976403250e+15 1.530214525828738895e-78
1.064209244064722375e+15 2.777618597335004886e-79
1.086515774652537375e+15 4.941183045950336639e-80
1.109289864895222875e+15 8.611876239076441933e-81
1.132541315152812750e+15 1.470150847037520180e-81
1.156280131207377750e+15 2.457579078164985806e-82
1.180516528568803000e+15 4.021595391960228357e-83
1.205260936870841250e+15 6.440166650715262361e-84
1.230524004359261500e+15 1.008985541149701336e-84
1.256316602474121500e+15 1.546102643807687028e-85
1.282649830528062500e+15 2.316395841290383914e-86
1.309535020482665000e+15 3.392051660411625126e-87
1.336983741824945250e+15 4.853561566558069329e-88
1.365007806546013750e+15 6.783832858798226371e-89
1.393619274224143500e+15 9.258762426908900962e-90
1.422830457214354750e+15 1.233499764482721967e-90
1.452653925946778250e+15 1.603607376992637031e-91
1.483102514336102750e+15 2.033710050543254398e-92
1.514189325304352000e+15 2.515065328136766514e-93
1.545927736419478500e+15 3.031895312693628292e-94
1.578331405652119500e+15 3.561550022430302879e-95
1.611414277253016750e+15 4.075429543899150181e-96
1.645190587753660750e+15 4.540924876202001998e-97
1.679674872092653250e+15 4.924667502816178062e-98
1.714881969870541000e+15 5.196565631538039335e-99
1.750827031735726750e+15 5.333374800717770399e-100
1.787525525904231750e+15 5.321697720532683606e-101
1.824993244816150500e+15 5.160296721898496747e-102
1.863246311931559750e+15 4.860825563287058785e-103
1.902301188668945750e+15 4.446153992762173354e-104
1.942174681489028250e+15 3.947322758422301587e-105
1.982883949127067250e+15 3.399902702496913140e-106
2.024446509976801750e+15 2.839873813394994261e-107
2.066880249629082000e+15 2.299411106981532227e-108
2.110203428568596500e+15 1.803895199486103643e-109
2.154434690031886500e+15 1.370478782635273437e-110
2.199593068030070500e+15 1.007883351502308219e-111
2.245697995539771750e+15 7.171808907162549494e-113
2.292769312865648500e+15 4.935217313137918408e-114
2.340827276178294500e+15 3.282603918800190546e-115
2.389892566231052500e+15 2.109417789558063921e-116
2.439986297259545000e+15 1.308966214230186876e-117
2.491130026067786000e+15 7.839353092464015179e-119
2.543345761304648500e+15 4.528753768812769228e-120
2.596655972934872000e+15 2.522358674085019524e-121
2.651083601908541500e+15 1.353753628577062814e-122
2.706652070033235500e+15 6.997225195193161426e-124
2.763385290053167000e+15 3.481050899675550330e-125
2.821307675939470500e+15 1.665945310411268229e-126
2.880444153396297500e+15 7.665421563043937775e-128
2.940820170587066500e+15 3.388975479844553808e-129
3.002461709085543000e+15 1.438751273132882379e-130
3.065395295056523500e+15 5.861906294632470837e-132
3.129648010670750500e+15 2.290708577598014465e-133
3.195247505759214000e+15 8.580110910456988234e-135
3.262222009711673500e+15 3.078346876185726992e-136
3.330600343624582000e+15 1.057248020579017192e-137
3.400411932703702500e+15 3.473716689771909748e-139
3.471686818926559500e+15 1.091101500331422317e-140
3.544455673970435500e+15 3.274002037974468650e-142
3.618749812411284000e+15 9.378850375746220204e-144
3.694601205199294500e+15 2.563189960249110851e-145
3.772042493416993500e+15 6.678007315695707367e-147
3.851107002325568500e+15 1.657358589879987540e-148
3.931828755705770000e+15 3.915459013713254517e-150
4.014242490499326000e+15 8.798887075205604330e-152
4.098383671757253000e+15 1.879333371097651374e-153
4.184288507901576000e+15 3.812033346415501790e-155
4.271993966306776500e+15 7.337652199357922826e-157
4.361537789208006000e+15 1.339258230845247199e-158
4.452958509942660000e+15 2.315829232881881713e-160
4.546295469532390000e+15 3.790573719877920735e-162
4.641588833612773000e+15 5.868218760446130177e-164
4.738879609717651000e+15 8.585091722796841582e-166
4.838209664925957000e+15 1.185832569793054405e-167
4.939621743878326000e+15 1.545028031038811533e-169
5.043159487171349000e+15 1.897163277546268202e-171
5.148867450137487000e+15 2.193491776740457231e-173
5.256791122018419000e+15 2.385640831209928412e-175
5.366976945540476000e+15 2.438249574694389227e-177
5.479472336900292000e+15 2.339635367412175131e-179
5.594325706169389000e+15 2.105687278178640855e-181
5.711586478126423000e+15 1.775661675126758820e-183
5.831305113526218000e+15 1.401467016109151834e-185
5.953533130814370000e+15 1.034247860430922750e-187
6.078323128297236000e+15 7.129074311012006302e-190
6.205728806776513000e+15 4.584809578293880757e-192
6.335804992658241000e+15 2.747842200353695108e-194
6.468607661546321000e+15 1.533115799004717799e-196
6.604193962330306000e+15 7.953989226646899869e-199
6.742622241778349000e+15 3.832659795991200865e-201
6.883952069645510000e+15 1.713120652153205391e-203
7.028244264308338000e+15 7.094854256276015971e-206
7.175560918936921000e+15 2.719223920949773755e-208
7.325965428215230000e+15 9.632380971838869364e-211
7.479522515621829000e+15 3.149477333066959213e-213
7.636298261282257000e+15 9.493302638308295523e-216
7.796360130405221000e+15 2.634568234854983242e-218
7.959777002314978000e+15 6.722272909844300792e-221
8.126619200091945000e+15 1.574799530552139294e-223
8.296958520834915000e+15 3.382628128512394195e-226
8.470868266557420000e+15 6.652740378362146727e-229
8.648423275731709000e+15 1.196251755210935139e-231
8.829699955494083000e+15 1.963649694919148636e-234
9.014776314524918000e+15 2.938317712115186582e-237
9.203731996618230000e+15 4.002021062937618863e-240
9.396648314954710000e+15 4.953567908077572970e-243
9.593608287093126000e+15 5.563028632159680715e-246
9.794696670695384000e+15 5.659604311046576925e-249
