1.020960662306047603e+07 1.047365216454554542e+02
1.042360673976401053e+07 1.027466728632167019e+02
1.064209244064724632e+07 1.007949745061629301e+02
1.086515774652537145e+07 9.888036817457651750e+01
1.109289864895222709e+07 9.700189219143165076e+01
1.132541315152812563e+07 9.515917748840141144e+01
1.156280131207375228e+07 9.335178836122379664e+01
1.180516528568805568e+07 9.157874383758600345e+01
1.205260936870841496e+07 8.983915275394180355e+01
1.230524004359261692e+07 8.813267451276237807e+01
1.256316602474121563e+07 8.645890657052207473e+01
1.282649830528059974e+07 8.481693969837226632e+01
1.309535020482667536e+07 8.320594805862397436e+01
1.336983741824945062e+07 8.162561733730959190e+01
1.365007806546013802e+07 8.007557563017623181e+01
1.393619274224143475e+07 7.855498018714945374e+01
1.422830457214351930e+07 7.706306569217314006e+01
1.452653925946781226e+07 7.559954209420635607e+01
1.483102514336102828e+07 7.416406579877208571e+01
1.514189325304351933e+07 7.275585565721641501e+01
1.545927736419478431e+07 7.137420242672205006e+01
1.578331405652116425e+07 7.001883845262560158e+01
1.611414277253019996e+07 6.868944629667858237e+01
1.645190587753660791e+07 6.738530189494134959e+01
1.679674872092653066e+07 6.610574795590898134e+01
1.714881969870540872e+07 6.485053749840112403e+01
1.750827031735723466e+07 6.361937725177249803e+01
1.787525525904235244e+07 6.241159605096624574e+01
1.824993244816150516e+07 6.122658473938571433e+01
1.863246311931559816e+07 6.006411541648489560e+01
1.902301188668945804e+07 5.892391714289163929e+01
1.942174681489024311e+07 5.780536777490054590e+01
1.982883949127071351e+07 5.670790275373783373e+01
2.024446509976801649e+07 5.563131179146826355e+01
2.066880249629081786e+07 5.457534458207200601e+01
2.110203428568596393e+07 5.353942441014255138e+01
2.154434690031882003e+07 5.252302803929928388e+01
2.199593068030074611e+07 5.152596143886717783e+01
2.245697995539776236e+07 5.054799336628060047e+01
2.292769312865648791e+07 4.958858920619866950e+01
2.340827276178294048e+07 4.864726401156201518e+01
2.389892566231048107e+07 4.772383875591456359e+01
2.439986297259550542e+07 4.681809981038750834e+01
2.491130026067791134e+07 4.592955157691990564e+01
2.543345761304648221e+07 4.505774458543353234e+01
2.596655972934872285e+07 4.420251365916351460e+01
2.651083601908536255e+07 4.336366144331622507e+01
2.706652070033241063e+07 4.254072849910551923e+01
2.763385290053172782e+07 4.173329823115611248e+01
2.821307675939470530e+07 4.094121824419994482e+01
2.880444153396297619e+07 4.016430621986771143e+01
2.940820170587060601e+07 3.940213623203222681e+01
3.002461709085549042e+07 3.865432214733755956e+01
3.065395295056529716e+07 3.792072336719248682e+01
3.129648010670750216e+07 3.720117146591510959e+01
3.195247505759213492e+07 3.649527157722464921e+01
3.262222009711666778e+07 3.580266579528559134e+01
3.330600343624588847e+07 3.512322440891720277e+01
3.400411932703709602e+07 3.445679182838644294e+01
3.471686818926559389e+07 3.380300197433529519e+01
3.544455673970435560e+07 3.316152309837021761e+01
3.618749812411276251e+07 3.253223553755037045e+01
3.694601205199302733e+07 3.191499556115516256e+01
3.772042493417001516e+07 3.130946377119006030e+01
3.851107002325568348e+07 3.071533265910176524e+01
3.931828755705770105e+07 3.013249183498158956e+01
4.014242490499317646e+07 2.956080852461133546e+01
4.098383671757261455e+07 2.899996806034727470e+01
4.184288507901584357e+07 2.844968539687882370e+01
4.271993966306776553e+07 2.790985870167071781e+01
4.361537789208005369e+07 2.738036532353084240e+01
4.452958509942659736e+07 2.686091351699212026e+01
4.546295469532398880e+07 2.635123905374871356e+01
4.641588833612781763e+07 2.585124799844852106e+01
4.738879609717650712e+07 2.536082705233505408e+01
4.838209664925957471e+07 2.487970571701282196e+01
4.939621743878325820e+07 2.440763905591289529e+01
5.043159487171358615e+07 2.394454042110109526e+01
5.148867450137497485e+07 2.349030515486498416e+01
5.256791122018418461e+07 2.304468245294998852e+01
5.366976945540475845e+07 2.260744525758133605e+01
5.479472336900292337e+07 2.217851364584351614e+01
5.594325706169377267e+07 2.175779094293912053e+01
5.711586478126434237e+07 2.134504460018042593e+01
5.831305113526218385e+07 2.094006412969211439e+01
5.953533130814369768e+07 2.054277581392951646e+01
6.078323128297235817e+07 2.015309035314711394e+01
6.205728806776500493e+07 1.977079212119174301e+01
6.335804992658253759e+07 1.939568598704797253e+01
6.468607661546321213e+07 1.902770395897544375e+01
6.604193962330305576e+07 1.866676355097908058e+01
6.742622241778348386e+07 1.831266482380558358e+01
6.883952069645495713e+07 1.796522687929524409e+01
7.028244264308351278e+07 1.762438700905688549e+01
7.175560918936920166e+07 1.729006902196417172e+01
7.325965428215231001e+07 1.696208752065825820e+01
7.479522515621829033e+07 1.664027479843985446e+01
7.636298261282241344e+07 1.632457302181428105e+01
7.796360130405236781e+07 1.601491181518982287e+01
7.959777002314977348e+07 1.571111926182558882e+01
8.126619200091944635e+07 1.541303988159994987e+01
8.296958520834915340e+07 1.512062033894997448e+01
8.470868266557401419e+07 1.483379563071532559e+01
8.648423275731725991e+07 1.455240633747450651e+01
8.829699955494081974e+07 1.427630831155435587e+01
9.014776314524917305e+07 1.400545236727995047e+01
9.203731996618229151e+07 1.373977846467806785e+01
9.396648314954690635e+07 1.347913877017328232e+01
9.593608287093147635e+07 1.322339964004767765e+01
9.794696670695386827e+07 1.297251571728200403e+01
1.000000000000000000e+08 1.272643154706940649e+01
1.020960662306047529e+08 1.248501003684555855e+01
1.042360673976403177e+08 1.224812727909112553e+01
1.064209244064722359e+08 1.201574144907434949e+01
1.086515774652537256e+08 1.178780132768699396e+01
1.109289864895222783e+08 1.156417978056978413e+01
1.132541315152812600e+08 1.134476192481861112e+01
1.156280131207377762e+08 1.112950919440374520e+01
1.180516528568803072e+08 1.091837428327841941e+01
1.205260936870841384e+08 1.071123928944935422e+01
1.230524004359261543e+08 1.050799769538267547e+01
1.256316602474121451e+08 1.030861394134372944e+01
1.282649830528062433e+08 1.011304433599636710e+01
1.309535020482665002e+08 9.921179537149070526e+00
1.336983741824945360e+08 9.732920781668061849e+00
1.365007806546013653e+08 9.548235283113841732e+00
1.393619274224143326e+08 9.367082689272040241e+00
1.422830457214354575e+08 9.189361594330804905e+00
1.452653925946778059e+08 9.014980423388410102e+00
1.483102514336102903e+08 8.843908948189758590e+00
1.514189325304352045e+08 8.676109901135349745e+00
1.545927736419478357e+08 8.511489234914407120e+00
1.578331405652119517e+08 8.349962038066147230e+00
1.611414277253016531e+08 8.191500442127065185e+00
1.645190587753660679e+08 8.036070028895828443e+00
1.679674872092653215e+08 7.883583573898303776e+00
1.714881969870540798e+08 7.733962342801945056e+00
1.750827031735726893e+08 7.587180643832063254e+00
1.787525525904231668e+08 7.443206690913976686e+00
1.824993244816150367e+08 7.301959585840868350e+00
1.863246311931559741e+08 7.163366320713040025e+00
1.902301188668946028e+08 7.027403211498238100e+00
1.942174681489028633e+08 6.894040903425238120e+00
1.982883949127075374e+08 6.763204364313684991e+00
2.024446509976801872e+08 6.634825895004508922e+00
2.066880249629082084e+08 6.508883663276238352e+00
2.110203428568596542e+08 6.385350560173415069e+00
2.154434690031886399e+08 6.264156992871464880e+00
2.199593068030070364e+08 6.145240183819645985e+00
2.245697995539771616e+08 6.028580008706823534e+00
2.292769312865648568e+08 5.914151433059831930e+00
2.340827276178294122e+08 5.801889907887305853e+00
2.389892566231052577e+08 5.691737218391872410e+00
2.439986297259555161e+08 5.583674815451447060e+00
2.491130026067785919e+08 5.477679580754243993e+00
2.543345761304648221e+08 5.373691642456114081e+00
2.596655972934872508e+08 5.271657015971156213e+00
2.651083601908541918e+08 5.171558604842847018e+00
2.706652070033235550e+08 5.073375060675560100e+00
2.763385290053166747e+08 4.977050848859012611e+00
2.821307675939470530e+08 4.882535906739796872e+00
2.880444153396297693e+08 4.789814477550174310e+00
2.940820170587067008e+08 4.698866847665208013e+00
3.002461709085555673e+08 4.609641504568076087e+00
3.065395295056523085e+08 4.522092021837672782e+00
3.129648010670750141e+08 4.436203878116792509e+00
3.195247505759213567e+08 4.351958869707708288e+00
3.262222009711673260e+08 4.269309214042790401e+00
3.330600343624581695e+08 4.188211856100936714e+00
3.400411932703702450e+08 4.108653413716492508e+00
3.471686818926559091e+08 4.030617077813926308e+00
3.544455673970435262e+08 3.954058524922007489e+00
3.618749812411283851e+08 3.878937825903066905e+00
3.694601205199309587e+08 3.805242649039878966e+00
3.772042493416993618e+08 3.732957473368649470e+00
3.851107002325568795e+08 3.662041183346078199e+00
3.931828755705770254e+08 3.592456748195821614e+00
4.014242490499325991e+08 3.524192804765437170e+00
4.098383671757252812e+08 3.457235021765342697e+00
4.184288507901575565e+08 3.391545258773681404e+00
4.271993966306776404e+08 3.327089172424798846e+00
4.361537789208005667e+08 3.263856292603553033e+00
4.452958509942659736e+08 3.201833386772865442e+00
4.546295469532408714e+08 3.140985073759857915e+00
4.641588833612772226e+08 3.081279502059591113e+00
4.738879609717651010e+08 3.022707024928062758e+00
4.838209664925957322e+08 2.965255424596932698e+00
4.939621743878325820e+08 2.908891878965777611e+00
5.043159487171348333e+08 2.853586847149190309e+00
5.148867450137487054e+08 2.799331441475795934e+00
5.256791122018419504e+08 2.746114381370929447e+00
5.366976945540476441e+08 2.693905218229466936e+00
5.479472336900292635e+08 2.642676553723474875e+00
5.594325706169389486e+08 2.592420199976388950e+00
5.711586478126422167e+08 2.543125741944919582e+00
5.831305113526217937e+08 2.494764932417677716e+00
5.953533130814369917e+08 2.447312359860055686e+00
6.078323128297235966e+08 2.400760481492703935e+00
6.205728806776486635e+08 2.355099681598608274e+00
6.335804992658240795e+08 2.310303754799815312e+00
6.468607661546320915e+08 2.266349131931644223e+00
6.604193962330304384e+08 2.223228864877308641e+00
6.742622241778348684e+08 2.180934076085193407e+00
6.883952069645509720e+08 2.139440454048780804e+00
7.028244264308338165e+08 2.098726138085685200e+00
7.175560918936921358e+08 2.058784728215173221e+00
7.325965428215229511e+08 2.019608028569358282e+00
7.479522515621827841e+08 1.981173484301405496e+00
7.636298261282258034e+08 1.943460819084564584e+00
7.796360130405220985e+08 1.906464138162610400e+00
7.959777002314977646e+08 1.870175875177377156e+00
8.126619200091946125e+08 1.834575104709952997e+00
8.296958520834914446e+08 1.799643019699787017e+00
8.470868266557419300e+08 1.765374191048189267e+00
8.648423275731709003e+08 1.731761633710228399e+00
8.829699955494083166e+08 1.698785933701132178e+00
9.014776314524917603e+08 1.666429646537717524e+00
9.203731996618230343e+08 1.634687772275952078e+00
9.396648314954710007e+08 1.603553862666519114e+00
9.593608287093126774e+08 1.573009905746982406e+00
9.794696670695385933e+08 1.543039720682914950e+00
1.000000000000000000e+09 1.513638703031208177e+00
1.020960662306047559e+09 1.484800900221022735e+00
1.042360673976403356e+09 1.456509600839084762e+00
1.064209244064726830e+09 1.428749795970432723e+00
1.086515774652537346e+09 1.401517245646104248e+00
1.109289864895222664e+09 1.374806454993546589e+00
1.132541315152812481e+09 1.348601919042345942e+00
1.156280131207372904e+09 1.322889715762072926e+00
1.180516528568803072e+09 1.297665941028209424e+00
1.205260936870841503e+09 1.272925522590028669e+00
1.230524004359261513e+09 1.248654074652406631e+00
1.256316602474121332e+09 1.224838683205253353e+00
1.282649830528062582e+09 1.201475753589277273e+00
1.309535020482670307e+09 1.178560603775827387e+00
1.336983741824945211e+09 1.156079886199771201e+00
1.365007806546013832e+09 1.134021621761089227e+00
1.393619274224143505e+09 1.112382500926300422e+00
1.422830457214349031e+09 1.091158201973140285e+00
1.452653925946778297e+09 1.070336340496907068e+00
1.483102514336102724e+09 1.049905804503683759e+00
1.514189325304351807e+09 1.029863547161367521e+00
1.545927736419478655e+09 1.010205579411984855e+00
1.578331405652119875e+09 9.909204103893436422e-01
1.611414277253023148e+09 9.719977323349976439e-01
1.645190587753660679e+09 9.534347404392129466e-01
1.679674872092653036e+09 9.352277527849268690e-01
1.714881969870540857e+09 9.173661074658463477e-01
1.750827031735726833e+09 8.998402426675939925e-01
1.787525525904231787e+09 8.826475765295174192e-01
1.824993244816150427e+09 8.657847107062356384e-01
1.863246311931559801e+09 8.492417523571881288e-01
1.902301188668945789e+09 8.330098315482082905e-01
1.942174681489028454e+09 8.170865717958372132e-01
1.982883949127075434e+09 8.014688365552126159e-01
2.024446509976801872e+09 7.861474464950141128e-01
2.066880249629082203e+09 7.711141734333915032e-01
2.110203428568596601e+09 7.563668300572026215e-01
2.154434690031886578e+09 7.419025215215121483e-01
2.199593068030070305e+09 7.277127304735037105e-01
2.245697995539771557e+09 7.137898239911838472e-01
2.292769312865648746e+09 7.001317890015712475e-01
2.340827276178294182e+09 6.867359537911126299e-01
2.389892566231052876e+09 6.735944151879760255e-01
2.439986297259555340e+09 6.607000924157560018e-01
2.491130026067785740e+09 6.480511328768038259e-01
2.543345761304647923e+09 6.356450708454475240e-01
2.596655972934872150e+09 6.234745729906452372e-01
2.651083601908541679e+09 6.115330707032826663e-01
2.706652070033235550e+09 5.998188591707052097e-01
2.763385290053166866e+09 5.883296628223554370e-01
2.821307675939470768e+09 5.770586770421286538e-01
2.880444153396297932e+09 5.659998083057143914e-01
2.940820170587066650e+09 5.551514878945974507e-01
3.002461709085555077e+09 5.445116157729120721e-01
3.065395295056523800e+09 5.340738778863859393e-01
3.129648010670750618e+09 5.238326214095592182e-01
3.195247505759213448e+09 5.137864029390810661e-01
3.262222009711673260e+09 5.039332844751801543e-01
3.330600343624581814e+09 4.942674071339037689e-01
3.400411932703702450e+09 4.847835268938313069e-01
3.471686818926559448e+09 4.754803157383100110e-01
3.544455673970435619e+09 4.663559852369889569e-01
3.618749812411283970e+09 4.574050988446858867e-01
3.694601205199309826e+09 4.486227917628608508e-01
3.772042493416993618e+09 4.400078422121844746e-01
3.851107002325568676e+09 4.315585998210892393e-01
3.931828755705770016e+09 4.232700199243440986e-01
4.014242490499325752e+09 4.151375895147147999e-01
4.098383671757252693e+09 4.071601846160521343e-01
4.184288507901576042e+09 3.993362822870592521e-01
4.271993966306777000e+09 3.916612014888050108e-01
4.361537789208005905e+09 3.841307555572321397e-01
4.452958509942660332e+09 3.767439105524348353e-01
4.546295469532408714e+09 3.694992611510772851e-01
4.641588833612771988e+09 3.623924637241450752e-01
4.738879609717651367e+09 3.554196343526009882e-01
4.838209664925957680e+09 3.485798219736468417e-01
4.939621743878325462e+09 3.418717298216549794e-01
5.043159487171347618e+09 3.352913273590341081e-01
5.148867450137486458e+09 3.288350115194488832e-01
5.256791122018419266e+09 3.225019075249743183e-01
5.366976945540475845e+09 3.162908188016869127e-01
5.479472336900292397e+09 3.101980053406068194e-01
5.594325706169388771e+09 3.042201246236080348e-01
5.711586478126422882e+09 2.983563720832497768e-01
5.831305113526218414e+09 2.926056436146542428e-01
5.953533130814370155e+09 2.869644688029970858e-01
6.078323128297236443e+09 2.814297468457910845e-01
6.205728806776488304e+09 2.760007377904822312e-01
6.335804992658241272e+09 2.706764228703123498e-01
6.468607661546320915e+09 2.654535818433861327e-01
6.604193962330305099e+09 2.603293381527059802e-01
6.742622241778348923e+09 2.553030113068228135e-01
6.883952069645509720e+09 2.503736612947283779e-01
7.028244264308338165e+09 2.455383000270182359e-01
7.175560918936921120e+09 2.407942589874519090e-01
7.325965428215229988e+09 2.361409123988015279e-01
7.479522515621828079e+09 2.315773929293293565e-01
7.636298261282225609e+09 2.271009279219174115e-01
7.796360130405220985e+09 2.227090418692459495e-01
7.959777002314977646e+09 2.184011593372630344e-01
8.126619200091945648e+09 2.141764800630256149e-01
8.296958520834915161e+09 2.100324313085970562e-01
8.470868266557419777e+09 2.059667166311657527e-01
8.648423275731708527e+09 2.019788069144191622e-01
8.829699955494083405e+09 1.980679637855595476e-01
9.014776314524917603e+09 1.942318000310430393e-01
9.203731996618228912e+09 1.904681853381609835e-01
9.396648314954671860e+09 1.867766332007430585e-01
9.593608287093128204e+09 1.831564623556689864e-01
9.794696670695384979e+09 1.796054577576876587e-01
1.000000000000000000e+10 1.761216432244354646e-01
1.020960662306047440e+10 1.727045714468407600e-01
1.042360673976403236e+10 1.693536138588644657e-01
1.064209244064726830e+10 1.660667151895899862e-01
1.086515774652537155e+10 1.628420422559606617e-01
1.109289864895222664e+10 1.596791838029017474e-01
1.132541315152812576e+10 1.565775598886620934e-01
1.156280131207373047e+10 1.535352635165799506e-01
1.180516528568803024e+10 1.505505941758467636e-01
1.205260936870841217e+10 1.476231737726179105e-01
1.230524004359261703e+10 1.447524672295268378e-01
1.256316602474121475e+10 1.419367051528725998e-01
1.282649830528062630e+10 1.391743101237773450e-01
1.309535020482670403e+10 1.364649345463627705e-01
1.336983741824945259e+10 1.338080847379162774e-01
1.365007806546013641e+10 1.312021190046478158e-01
1.393619274224143410e+10 1.286455741323644375e-01
1.422830457214348984e+10 1.261381305712752643e-01
1.452653925946778107e+10 1.236793328304783834e-01
1.483102514336102867e+10 1.212676577270088707e-01
1.514189325304351997e+10 1.189017480058465054e-01
1.545927736419478416e+10 1.165813099067584402e-01
1.578331405652119637e+10 1.143059231748994459e-01
1.611414277253023148e+10 1.120741746105263920e-01
1.645190587753660774e+10 1.098848052680861109e-01
1.679674872092653275e+10 1.077375450999639300e-01
1.714881969870541000e+10 1.056320063596343922e-01
1.750827031735726929e+10 1.035668779169532649e-01
1.787525525904231644e+10 1.015409920386522863e-01
1.824993244816150284e+10 9.955410047865177747e-02
1.863246311931559753e+10 9.760584548099966729e-02
1.902301188668945694e+10 9.569501064144095293e-02
1.942174681489028549e+10 9.382051285431466936e-02
1.982883949127075195e+10 9.198212391633406315e-02
2.024446509976801682e+10 9.017951373903433654e-02
2.066880249629082108e+10 8.841155382848953082e-02
2.110203428568596649e+10 8.667723959772262454e-02
2.154434690031886673e+10 8.497636126798704947e-02
2.199593068030070114e+10 8.330861427419120058e-02
2.245697995539771652e+10 8.167295170798877235e-02
2.292769312865648651e+10 8.006844183301264906e-02
2.340827276178294373e+10 7.849489180610447203e-02
2.389892566231052399e+10 7.695202060728018045e-02
2.439986297259555435e+10 7.543885704389427516e-02
2.491130026067786026e+10 7.395453697122092440e-02
2.543345761304648209e+10 7.249888311195983037e-02
2.596655972934872437e+10 7.107163616579237342e-02
2.651083601908541489e+10 6.967189520809323466e-02
2.706652070033235550e+10 6.829885880641139995e-02
2.763385290053166962e+10 6.695236398934871491e-02
2.821307675939470673e+10 6.563217149173862508e-02
2.880444153396297836e+10 6.433744560126579415e-02
2.940820170587066650e+10 6.306744307025645424e-02
3.002461709085555267e+10 6.182201407440410246e-02
3.065395295056523514e+10 6.060093782958369396e-02
3.129648010670750427e+10 5.940343914329494768e-02
3.195247505759213638e+10 5.822882875220566218e-02
3.262222009711672974e+10 5.707696891312123710e-02
3.330600343624581909e+10 5.594765588885686203e-02
3.400411932703702927e+10 5.484017065194903007e-02
3.471686818926559448e+10 5.375387402566353390e-02
3.544455673970435333e+10 5.268863936772742035e-02
3.618749812411283875e+10 5.164427866490653440e-02
3.694601205199309540e+10 5.062012501286151933e-02
3.772042493416993713e+10 4.961558570499626647e-02
3.851107002325569153e+10 4.863054429845068555e-02
3.931828755705770111e+10 4.766482728346814468e-02
4.014242490499325562e+10 4.671781612745057322e-02
4.098383671757252502e+10 4.578896123815729552e-02
4.184288507901576233e+10 4.487815554347300562e-02
4.271993966306776428e+10 4.398523891096726285e-02
4.361537789208005524e+10 4.310963769803129175e-02
4.452958509942659760e+10 4.225084231304726545e-02
4.546295469532408905e+10 4.140875429263569940e-02
4.641588833612772369e+10 4.058322584297999885e-02
4.738879609717650604e+10 3.977372497977913618e-02
4.838209664925956726e+10 3.897977922282711699e-02
4.939621743878325653e+10 3.820129801705578892e-02
5.043159487171348572e+10 3.743814494890160272e-02
5.148867450137487030e+10 3.668982669299677979e-02
5.256791122018418884e+10 3.595590519958066777e-02
5.366976945540475464e+10 3.523629717801854411e-02
5.479472336900292206e+10 3.453087671105614653e-02
5.594325706169388580e+10 3.383918634830531541e-02
5.711586478126422882e+10 3.316081998275632187e-02
5.831305113526218414e+10 3.249570099636294590e-02
5.953533130814369965e+10 3.184371315287773396e-02
6.078323128297235870e+10 3.120443229287865952e-02
6.205728806776487732e+10 3.057748194368896388e-02
6.335804992658241272e+10 2.996279161604035665e-02
6.468607661546320343e+10 2.936025400254847068e-02
6.604193962330305481e+10 2.876947583639112571e-02
6.742622241778349304e+10 2.819010813716966643e-02
6.883952069645510864e+10 2.762208604462925224e-02
7.028244264308338928e+10 2.706531048660494945e-02
7.175560918936921692e+10 2.651941686267645856e-02
7.325965428215229797e+10 2.598408169707502532e-02
7.479522515621827698e+10 2.545924529937615421e-02
7.636298261282226562e+10 2.494481619279162801e-02
7.796360130405221558e+10 2.444045637703044782e-02
7.959777002314976501e+10 2.394586603653684614e-02
8.126619200091944885e+10 2.346099022880513904e-02
8.296958520834915161e+10 2.298574448238179663e-02
8.470868266557418823e+10 2.251981547918124188e-02
8.648423275731707764e+10 2.206292535230450561e-02
8.829699955494082642e+10 2.161502351960760404e-02
9.014776314524917603e+10 2.117603197079910571e-02
9.203731996618229675e+10 2.074566028978661048e-02
9.396648314954670715e+10 2.032365097012230060e-02
9.593608287093125916e+10 1.990995743402927676e-02
9.794696670695385742e+10 1.950450763050145739e-02
1.000000000000000000e+11 1.910703239307854143e-02
1.020960662306047516e+11 1.871729310194260310e-02
1.042360673976403351e+11 1.833524685674477531e-02
1.064209244064726715e+11 1.796082710299421945e-02
1.086515774652537231e+11 1.759378439005886141e-02
1.109289864895222778e+11 1.723389761719018240e-02
1.132541315152812653e+11 1.688112726119803120e-02
1.156280131207372894e+11 1.653541183729397013e-02
1.180516528568803101e+11 1.619652018708078386e-02
1.205260936870841370e+11 1.586424745980583029e-02
1.230524004359261475e+11 1.553855723370587381e-02
1.256316602474121399e+11 1.521939270018682691e-02
1.282649830528062439e+11 1.490653967165233434e-02
1.309535020482670288e+11 1.459980836970095099e-02
1.336983741824945221e+11 1.429916522084645307e-02
1.365007806546013794e+11 1.400455772983085802e-02
1.393619274224143372e+11 1.371578745329862271e-02
1.422830457214349060e+11 1.343267859243745324e-02
1.452653925946778259e+11 1.315520018960764613e-02
1.483102514336102905e+11 1.288330372829274255e-02
1.514189325304352112e+11 1.261680537092382294e-02
1.545927736419478455e+11 1.235554228420141128e-02
1.578331405652119751e+11 1.209948591299628458e-02
1.611414277253023071e+11 1.184859141105844803e-02
1.645190587753660583e+11 1.160268848984469421e-02
1.679674872092653198e+11 1.136162634060188491e-02
1.714881969870540771e+11 1.112537861488846133e-02
1.750827031735719604e+11 1.089390385227151370e-02
1.787525525904231873e+11 1.066704433239298519e-02
1.824993244816150513e+11 1.044466039788180360e-02
1.863246311931559753e+11 1.022672772724170058e-02
1.902301188668945618e+11 1.001320798363552339e-02
1.942174681489028320e+11 9.803955104474170248e-03
1.982883949127075500e+11 9.598839773516257626e-03
2.024446509976802063e+11 9.397839531273965638e-03
2.066880249629082031e+11 9.200918922752335249e-03
2.110203428568596497e+11 9.007942698097319220e-03
2.154434690031877747e+11 8.818791130355156660e-03
2.199593068030070190e+11 8.633443470696630304e-03
2.245697995539771729e+11 8.451866923081056623e-03
2.292769312865648804e+11 8.273936266064992051e-03
2.340827276178294067e+11 8.099540664320821134e-03
2.389892566231052551e+11 7.928660940823586273e-03
2.439986297259555054e+11 7.761266753017016101e-03
2.491130026067796021e+11 7.597242179874072812e-03
2.543345761304648132e+11 7.436484630342468476e-03
2.596655972934872437e+11 7.278976371801223859e-03
2.651083601908530884e+11 7.124689325756184202e-03
2.706652070033235779e+11 6.973516195922353778e-03
2.763385290053167114e+11 6.825362034838656881e-03
2.821307675939470825e+11 6.680210437420943878e-03
2.880444153396297607e+11 6.538035414624431343e-03
2.940820170587066650e+11 6.398737667781193884e-03
3.002461709085555420e+11 6.262229335660648814e-03
3.065395295056536255e+11 6.128495233510932241e-03
3.129648010670750732e+11 5.997511300779702868e-03
3.195247505759213257e+11 5.869185654365866901e-03
3.262222009711659546e+11 5.743437002110283844e-03
3.330600343624581909e+11 5.620251281272864961e-03
3.400411932703702393e+11 5.499606211412102000e-03
3.471686818926559448e+11 5.381416784797697292e-03
3.544455673970435181e+11 5.265607798488694709e-03
3.618749812411284180e+11 5.152166221588598723e-03
3.694601205199309692e+11 5.041071416996477546e-03
3.772042493417008667e+11 4.932244750991015593e-03
3.851107002325568848e+11 4.825616664636126971e-03
3.931828755705770264e+11 4.721175076186820939e-03
4.014242490499309692e+11 4.618900865800602655e-03
4.098383671757252808e+11 4.518721308482334144e-03
4.184288507901575928e+11 4.420572076217638320e-03
4.271993966306776123e+11 4.324441960582607429e-03
4.361537789208005371e+11 4.230313242784355422e-03
4.452958509942659912e+11 4.138118674742855864e-03
4.546295469532408447e+11 4.047798776109483992e-03
4.641588833612791138e+11 3.959343142252339832e-03
4.738879609717650757e+11 3.872735348308186526e-03
4.838209664925957031e+11 3.787913222382348604e-03
4.939621743878305664e+11 3.704821776223327871e-03
5.043159487171348267e+11 3.623451345240838711e-03
5.148867450137487183e+11 3.543786699755322421e-03
5.256791122018419189e+11 3.465770372190216542e-03
5.366976945540476074e+11 3.389351536508956268e-03
5.479472336900292969e+11 3.314521209715733888e-03
5.594325706169388428e+11 3.241265266299945321e-03
5.711586478126446533e+11 3.169530597914057939e-03
5.831305113526218262e+11 3.099270234707397504e-03
5.953533130814368896e+11 3.030475821692576750e-03
6.078323128297211914e+11 2.963134253624549828e-03
6.205728806776488037e+11 2.897196461175774538e-03
6.335804992658240967e+11 2.832619046778701334e-03
6.468607661546320801e+11 2.769394234325859606e-03
6.604193962330305176e+11 2.707509861502764830e-03
6.742622241778348389e+11 2.646920600876542188e-03
6.883952069645510254e+11 2.587586363800092274e-03
7.028244264308366699e+11 2.529499908007062925e-03
7.175560918936921387e+11 2.472649942825315590e-03
7.325965428215229492e+11 2.416994607024296280e-03
7.479522515621828613e+11 2.362496876582202178e-03
7.636298261282225342e+11 2.309150001782797265e-03
7.796360130405220947e+11 2.256943497875768794e-03
7.959777002314978027e+11 2.205838714045346618e-03
8.126619200091945801e+11 2.155801464290510276e-03
8.296958520834915771e+11 2.106825453589681544e-03
8.470868266557419434e+11 2.058900942531498822e-03
8.648423275731743164e+11 2.011992253399103991e-03
8.829699955494082031e+11 1.966067828029713100e-03
9.014776314524916992e+11 1.921121791390306395e-03
9.203731996618229980e+11 1.877145093556033349e-03
9.396648314954670410e+11 1.834104809744659158e-03
9.593608287093126221e+11 1.791971814690429760e-03
9.794696670695385742e+11 1.750740621527125751e-03
1.000000000000000000e+12 1.710402818323746412e-03
1.020960662306047485e+12 1.670928028992502753e-03
1.042360673976403198e+12 1.632289380367707475e-03
1.064209244064726929e+12 1.594481744571095774e-03
1.086515774652537354e+12 1.557497300190529687e-03
1.109289864895222656e+12 1.521308030373355602e-03
1.132541315152812744e+12 1.485889146387291831e-03
1.156280131207372803e+12 1.451235852584231451e-03
1.180516528568802979e+12 1.417340874294834236e-03
1.205260936870841309e+12 1.384178378167671020e-03
1.230524004359261719e+12 1.351725504420616840e-03
1.256316602474121338e+12 1.319977765095935130e-03
1.282649830528062500e+12 1.288928391900428724e-03
1.309535020482670410e+12 1.258553571989388508e-03
1.336983741824945068e+12 1.228832230357276671e-03
1.365007806546013672e+12 1.199760164227543476e-03
1.393619274224143311e+12 1.171331074455681702e-03
1.422830457214348877e+12 1.143523017538311754e-03
1.452653925946778320e+12 1.116316569567678404e-03
1.483102514336102783e+12 1.089707792297438900e-03
1.514189325304351807e+12 1.063690821397615671e-03
1.545927736419478516e+12 1.038245442521371249e-03
1.578331405652119873e+12 1.013353758920322676e-03
1.611414277253023193e+12 9.890120779286620551e-04
1.645190587753660889e+12 9.652149383617561820e-04
1.679674872092653076e+12 9.419437250374718910e-04
1.714881969870540771e+12 9.191819534690185084e-04
1.750827031735719727e+12 8.969261591789482726e-04
1.787525525904231689e+12 8.751712549118453215e-04
1.824993244816150391e+12 8.539001041225457566e-04
1.863246311931559814e+12 8.330975280778392519e-04
1.902301188668945801e+12 8.127602745215063750e-04
1.942174681489028320e+12 7.928836031710915014e-04
1.982883949127075439e+12 7.734517443755071749e-04
2.024446509976801758e+12 7.544507264341268702e-04
2.066880249629082031e+12 7.358774946481117657e-04
2.110203428568596680e+12 7.177276308325990836e-04
2.154434690031877930e+12 6.999866286434390517e-04
2.199593068030070312e+12 6.826416319171090246e-04
2.245697995539771484e+12 6.656897700404050457e-04
2.292769312865648926e+12 6.491269239678551127e-04
2.340827276178293945e+12 6.329397546456023071e-04
2.389892566231052246e+12 6.171164366577080573e-04
2.439986297259555176e+12 6.016542710949649136e-04
2.491130026067796387e+12 5.865494168580967721e-04
2.543345761304647949e+12 5.717896131943573344e-04
2.596655972934872070e+12 5.573639868692783095e-04
2.651083601908530762e+12 5.432699992929341864e-04
2.706652070033235840e+12 5.295040677435278870e-04
2.763385290053166992e+12 5.160549273040486006e-04
2.821307675939470703e+12 5.029125841305675908e-04
2.880444153396297852e+12 4.900746494786716468e-04
2.940820170587066406e+12 4.775377809313486590e-04
3.002461709085555176e+12 4.652916329971617951e-04
3.065395295056536133e+12 4.533270237906539680e-04
3.129648010670750488e+12 4.416417047718905822e-04
3.195247505759213867e+12 4.302325571329836920e-04
3.262222009711660156e+12 4.190900840181799466e-04
3.330600343624582031e+12 4.082058530418840639e-04
3.400411932703702637e+12 3.975777469876592063e-04
3.471686818926559082e+12 3.872028552287992481e-04
3.544455673970435547e+12 3.770724639733250352e-04
3.618749812411284180e+12 3.671788324905987688e-04
3.694601205199310059e+12 3.575199667019607125e-04
3.772042493417008789e+12 3.480931499018531401e-04
3.851107002325568848e+12 3.388903906318226815e-04
3.931828755705770020e+12 3.299045862536919183e-04
4.014242490499309570e+12 3.211338582757518236e-04
4.098383671757252930e+12 3.125756707276257785e-04
4.184288507901576172e+12 3.042226982490315538e-04
4.271993966306776855e+12 2.960684267047248566e-04
4.361537789208005859e+12 2.881110862186053549e-04
4.452958509942660156e+12 2.803483093584663950e-04
4.546295469532409180e+12 2.727733847978930652e-04
4.641588833612791016e+12 2.653803410010434935e-04
4.738879609717650391e+12 2.581675102651135385e-04
4.838209664925957031e+12 2.511326824091147242e-04
4.939621743878305664e+12 2.442697119471351182e-04
5.043159487171347656e+12 2.375731274591663601e-04
5.148867450137486328e+12 2.310413574559065891e-04
5.256791122018418945e+12 2.246723385581343333e-04
5.366976945540475586e+12 2.184604465195630698e-04
5.479472336900291992e+12 2.124006707249420710e-04
5.594325706169388672e+12 2.064915303794832239e-04
5.711586478126446289e+12 2.007310992272803905e-04
5.831305113526218750e+12 1.951142329944473058e-04
5.953533130814370117e+12 1.896363455029165311e-04
6.078323128297210938e+12 1.842960415354037772e-04
6.205728806776487305e+12 1.790915229903341014e-04
6.335804992658241211e+12 1.740180873922405388e-04
6.468607661546321289e+12 1.690715393628889002e-04
6.604193962330305664e+12 1.642505645121310860e-04
6.742622241778348633e+12 1.595534845763568190e-04
6.883952069645509766e+12 1.549760035744142579e-04
7.028244264308366211e+12 1.505142858229853995e-04
7.175560918936920898e+12 1.461670933429617221e-04
7.325965428215229492e+12 1.419328599927832809e-04
7.479522515621797852e+12 1.378076636442794676e-04
7.636298261282225586e+12 1.337879995528169384e-04
7.796360130405220703e+12 1.298727020388844972e-04
7.959777002314977539e+12 1.260603099196715192e-04
8.126619200091945312e+12 1.223472447486601130e-04
8.296958520834915039e+12 1.187303061417146230e-04
8.470868266557419922e+12 1.152083968852426191e-04
8.648423275731745117e+12 1.117801541001839111e-04
8.829699955494082031e+12 1.084423151414586674e-04
9.014776314524917969e+12 1.051919594270323715e-04
9.203731996618228516e+12 1.020280546287678108e-04
9.396648314954669922e+12 9.894932998397505837e-05
9.593608287093126953e+12 9.595281289384263073e-05
9.794696670695386719e+12 9.303583989272988812e-05
1.000000000000000000e+13 9.019744018807008038e-05
1.020960662306047461e+13 8.743642937637631312e-05
1.042360673976403125e+13 8.475010112055169720e-05
1.064209244064726758e+13 8.213602812170136614e-05
1.086515774652537305e+13 7.959329798310991598e-05
1.109289864895222656e+13 7.712080729899732569e-05
1.132541315152812695e+13 7.471609403665877079e-05
1.156280131207373047e+13 7.237694772343405893e-05
1.180516528568803125e+13 7.010251141002180747e-05
1.205260936870841211e+13 6.789175769080096098e-05
1.230524004359261523e+13 6.574244857400513844e-05
1.256316602474121484e+13 6.365257256392451519e-05
1.282649830528062695e+13 6.162132538451829146e-05
1.309535020482670312e+13 5.964775096761627127e-05
1.336983741824945312e+13 5.772981666910091821e-05
1.365007806546013672e+13 5.586569350275855762e-05
1.393619274224143359e+13 5.405462725046027297e-05
1.422830457214349023e+13 5.229572882673837463e-05
1.452653925946778320e+13 5.058715369684401125e-05
1.483102514336102734e+13 4.892724019665486431e-05
1.514189325304351953e+13 4.731528169507522854e-05
1.545927736419478516e+13 4.575045201777246275e-05
1.578331405652119727e+13 4.423107884915722854e-05
1.611414277253023242e+13 4.275565384524082142e-05
1.645190587753660742e+13 4.132351562267670068e-05
1.679674872092653125e+13 3.993389710717217765e-05
1.714881969870541016e+13 3.858528356067789930e-05
1.750827031735719922e+13 3.727630705500422574e-05
1.787525525904231641e+13 3.600634923505674050e-05
1.824993244816150391e+13 3.477469855505310650e-05
1.863246311931559766e+13 3.357998436904605137e-05
1.902301188668945703e+13 3.242096727624507415e-05
1.942174681489028516e+13 3.129706983947896253e-05
1.982883949127075391e+13 3.020763269033318639e-05
2.024446509976801562e+13 2.915141685977856427e-05
2.066880249629082031e+13 2.812730052610834614e-05
2.110203428568596484e+13 2.713474515921302161e-05
2.154434690031877734e+13 2.617314041966586313e-05
2.199593068030070312e+13 2.524136759054359676e-05
2.245697995539771484e+13 2.433841235044652602e-05
2.292769312865648828e+13 2.346377315617208931e-05
2.340827276178294141e+13 2.261688573546517171e-05
2.389892566231052344e+13 2.179674111479827677e-05
2.439986297259555078e+13 2.100242319828724195e-05
2.491130026067785938e+13 2.023346559227067110e-05
2.543345761304648438e+13 1.948934730157636554e-05
2.596655972934872656e+13 1.876915943436328039e-05
2.651083601908530859e+13 1.807207558851392211e-05
2.706652070033235938e+13 1.739766275820162783e-05
2.763385290053166797e+13 1.674544059345113396e-05
2.821307675939470703e+13 1.611459140531436093e-05
2.880444153396297656e+13 1.550437064023166728e-05
2.940820170587066797e+13 1.491437698790708964e-05
3.002461709085555078e+13 1.434416825760326467e-05
3.065395295056535938e+13 1.379300980777305268e-05
3.129648010670750391e+13 1.326023172221076402e-05
3.195247505759213672e+13 1.274546275762020821e-05
3.262222009711659766e+13 1.224829653117550133e-05
3.330600343624581641e+13 1.176807396113236914e-05
3.400411932703702734e+13 1.130419314259340589e-05
3.471686818926559766e+13 1.085631132942372024e-05
3.544455673970435938e+13 1.042405571972421471e-05
3.618749812411284375e+13 1.000683592028562493e-05
3.694601205199309375e+13 9.604111951230224323e-06
3.772042493417008594e+13 9.215568048011134718e-06
3.851107002325568750e+13 8.840862877671954879e-06
3.931828755705770312e+13 8.479468432724985376e-06
4.014242490499309375e+13 8.130901069709235837e-06
4.098383671757252344e+13 7.794870540509170957e-06
4.184288507901575781e+13 7.471064975761608013e-06
4.271993966306776562e+13 7.159012975029933018e-06
4.361537789208005469e+13 6.858282101381748668e-06
4.452958509942659375e+13 6.568606205172392856e-06
4.546295469532408594e+13 6.289700974399831354e-06
4.641588833612791406e+13 6.021146319920222346e-06
4.738879609717650781e+13 5.762556303943350005e-06
4.838209664925957031e+13 5.513687501680535614e-06
4.939621743878305469e+13 5.274281344535418561e-06
5.043159487171348438e+13 5.043964203578561795e-06
5.148867450137487500e+13 4.822392321744449820e-06
5.256791122018419531e+13 4.609343667523058271e-06
5.366976945540475781e+13 4.404583688041693770e-06
5.479472336900292188e+13 4.207780772794505785e-06
5.594325706169388281e+13 4.018629384981552601e-06
5.711586478126446875e+13 3.836927594957635540e-06
5.831305113526218750e+13 3.662463218778567553e-06
5.953533130814369531e+13 3.494942599039239474e-06
6.078323128297210938e+13 3.334094787992961285e-06
6.205728806776487500e+13 3.179736705142428883e-06
6.335804992658241406e+13 3.031676964890262542e-06
6.468607661546320312e+13 2.889656143807666549e-06
6.604193962330304688e+13 2.753434554825210793e-06
6.742622241778349219e+13 2.622846751604080582e-06
6.883952069645510938e+13 2.497720648510789848e-06
7.028244264308367188e+13 2.377827655238121259e-06
7.175560918936920312e+13 2.262956295505979091e-06
7.325965428215229688e+13 2.152957579251204491e-06
7.479522515621796875e+13 2.047677291160108070e-06
7.636298261282225000e+13 1.946914565690372666e-06
7.796360130405220312e+13 1.850483343533853461e-06
7.959777002314978125e+13 1.758249949833388926e-06
8.126619200091945312e+13 1.670076675739828320e-06
8.296958520834914062e+13 1.585787540875593030e-06
8.470868266557418750e+13 1.505219344559487368e-06
8.648423275731743750e+13 1.428252622916265638e-06
8.829699955494082812e+13 1.354764873049701231e-06
9.014776314524917188e+13 1.284602407102864632e-06
9.203731996618229688e+13 1.217622541285664111e-06
9.396648314954671875e+13 1.153718955659032613e-06
9.593608287093126562e+13 1.092783114136223957e-06
9.794696670695385938e+13 1.034681255728336842e-06
1.000000000000000000e+14 9.792890711969933354e-07
1.020960662306047656e+14 9.265123553045263133e-07
1.042360673976403281e+14 8.762553594602353907e-07
1.064209244064726875e+14 8.284020926099281477e-07
1.086515774652537188e+14 7.828446613932961985e-07
1.109289864895222656e+14 7.394999846541548822e-07
1.132541315152812656e+14 6.982839805862504168e-07
1.156280131207372969e+14 6.590964631341049560e-07
1.180516528568803125e+14 6.218441654785707921e-07
1.205260936870841250e+14 5.864541795469663698e-07
1.230524004359261562e+14 5.528530273300319877e-07
1.256316602474121406e+14 5.209545396145137382e-07
1.282649830528062500e+14 4.906784431126197673e-07
1.309535020482670312e+14 4.619610925934525441e-07
1.336983741824945156e+14 4.347386079337953425e-07
1.365007806546013906e+14 4.089372114944913251e-07
1.393619274224143594e+14 3.844881349957655581e-07
1.422830457214349062e+14 3.613361277580255187e-07
1.452653925946778125e+14 3.394259582515231693e-07
1.483102514336102812e+14 3.186947653859205230e-07
1.514189325304351875e+14 2.990839311075826285e-07
1.545927736419478438e+14 2.805457741747202690e-07
1.578331405652119688e+14 2.630328186547026272e-07
1.611414277253023125e+14 2.464917837124737051e-07
1.645190587753660625e+14 2.308729707161472217e-07
1.679674872092653125e+14 2.161354871101983404e-07
1.714881969870540938e+14 2.022387755975890166e-07
1.750827031735719688e+14 1.891379275388895170e-07
1.787525525904231875e+14 1.767910480052853798e-07
1.824993244816150312e+14 1.651632978244485078e-07
1.863246311931559688e+14 1.542202571497959964e-07
1.902301188668945625e+14 1.439243001303790586e-07
1.942174681489028438e+14 1.342403268019515321e-07
1.982883949127075312e+14 1.251388624752391331e-07
2.024446509976801875e+14 1.165908990494022098e-07
2.066880249629082188e+14 1.085651139467262959e-07
2.110203428568596562e+14 1.010322929826901059e-07
2.154434690031877812e+14 9.396768419275804698e-08
2.199593068030070312e+14 8.734702056521178562e-08
2.245697995539771562e+14 8.114440508995496709e-08
2.292769312865648750e+14 7.533569285765055968e-08
2.340827276178294375e+14 6.990026047459232285e-08
2.389892566231052500e+14 6.481796579157812096e-08
2.439986297259555000e+14 6.006755398124183571e-08
2.491130026067785938e+14 5.562921918560943144e-08
2.543345761304648125e+14 5.148592017908994578e-08
2.596655972934872500e+14 4.762107702748833155e-08
2.651083601908530625e+14 4.401738103296719269e-08
2.706652070033235938e+14 4.065871543350649151e-08
2.763385290053167188e+14 3.753112231356957831e-08
2.821307675939470625e+14 3.462107376198386082e-08
2.880444153396298125e+14 3.191459191653048872e-08
2.940820170587066250e+14 2.939867372104495142e-08
3.002461709085555000e+14 2.706199266702311185e-08
3.065395295056535625e+14 2.489361370301047955e-08
3.129648010670750625e+14 2.288234903746001035e-08
3.195247505759213750e+14 2.101780303387073998e-08
3.262222009711659375e+14 1.929087465011294099e-08
3.330600343624581250e+14 1.769281180656779875e-08
3.400411932703702500e+14 1.621474459123980122e-08
3.471686818926559375e+14 1.484844232720828518e-08
3.544455673970435625e+14 1.358666805937200968e-08
3.618749812411283750e+14 1.242248998263693732e-08
3.694601205199310000e+14 1.134894671751081879e-08
3.772042493417008750e+14 1.035958877537870047e-08
3.851107002325568750e+14 9.448724667024299988e-09
3.931828755705770000e+14 8.610924943325023244e-09
4.014242490499310000e+14 7.840784711658174093e-09
4.098383671757253125e+14 7.133305565012042553e-09
4.184288507901576250e+14 6.484063438293821765e-09
4.271993966306776875e+14 5.888855386510216202e-09
4.361537789208005625e+14 5.343532887242457671e-09
4.452958509942660000e+14 4.844267252998536560e-09
4.546295469532408750e+14 4.387661867168214568e-09
4.641588833612791250e+14 3.970503529777741220e-09
4.738879609717650625e+14 3.589646691748710114e-09
4.838209664925956875e+14 3.242194952650717101e-09
4.939621743878305000e+14 2.925574437307149280e-09
5.043159487171348125e+14 2.637360836768150855e-09
5.148867450137486875e+14 2.375199858157905197e-09
5.256791122018418750e+14 2.136929190137318902e-09
5.366976945540476250e+14 1.920625242881145458e-09
5.479472336900293125e+14 1.724484310303714865e-09
5.594325706169389375e+14 1.546768467167537575e-09
5.711586478126446250e+14 1.385885980135816169e-09
5.831305113526218750e+14 1.240420175318724681e-09
5.953533130814370000e+14 1.109048805631195017e-09
6.078323128297211250e+14 9.905076187182074070e-10
6.205728806776487500e+14 8.836422684537789302e-10
6.335804992658241250e+14 7.874254789391686429e-10
6.468607661546320000e+14 7.009030297718201428e-10
6.604193962330305000e+14 6.231694536627598471e-10
6.742622241778348750e+14 5.534007736223329756e-10
6.883952069645510000e+14 4.908642171352516265e-10
7.028244264308366250e+14 4.348824989031707318e-10
7.175560918936921250e+14 3.848177525013373317e-10
7.325965428215230000e+14 3.400916366917166036e-10
7.479522515621797500e+14 3.001904658132525224e-10
7.636298261282225000e+14 2.646418995152813261e-10
7.796360130405220000e+14 2.330044056967812757e-10
7.959777002314977500e+14 2.048792390897373879e-10
8.126619200091946250e+14 1.799128683934342446e-10
8.296958520834916250e+14 1.577819630503521633e-10
8.470868266557420000e+14 1.381865362030116875e-10
8.648423275731745000e+14 1.208568292417722607e-10
8.829699955494082500e+14 1.055542318131981127e-10
9.014776314524917500e+14 9.206174023272956540e-11
9.203731996618230000e+14 8.017952762592386622e-11
9.396648314954671250e+14 6.972873054877259989e-11
9.593608287093126250e+14 6.055159456920685421e-11
9.794696670695385000e+14 5.250549092163265960e-11
1.000000000000000000e+15 4.546007525583229579e-11
1.020960662306047500e+15 3.929925549937434382e-11
1.042360673976403250e+15 3.392099089457953488e-11
1.064209244064722375e+15 2.923359050253474022e-11
1.086515774652537375e+15 2.515390462858694546e-11
1.109289864895222875e+15 2.160826941598200471e-11
1.132541315152812750e+15 1.853219350720285857e-11
1.156280131207377750e+15 1.586809962545759243e-11
1.180516528568803000e+15 1.356418307551342534e-11
1.205260936870841250e+15 1.157481083174909839e-11
1.230524004359261500e+15 9.860211968732905647e-12
1.256316602474121500e+15 8.385119248376072893e-12
1.282649830528062500e+15 7.118055811638577493e-12
1.309535020482665000e+15 6.031464006385270607e-12
1.336983741824945250e+15 5.101447631954277934e-12
1.365007806546013750e+15 4.306967009203697443e-12
1.393619274224143500e+15 3.629398585139406525e-12
1.422830457214354750e+15 3.052544071136182173e-12
1.452653925946778250e+15 2.562436146163461935e-12
1.483102514336102750e+15 2.146869055119096458e-12
1.514189325304352000e+15 1.795130658667261484e-12
1.545927736419478500e+15 1.497968786201215200e-12
1.578331405652119500e+15 1.247454826208186404e-12
1.611414277253016750e+15 1.036714700613374436e-12
1.645190587753660750e+15 8.597686795409860137e-13
1.679674872092653250e+15 7.114904629069391309e-13
1.714881969870541000e+15 5.875167709835391732e-13
1.750827031735726750e+15 4.840960806097687559e-13
1.787525525904231750e+15 3.979948385828463870e-13
1.824993244816150500e+15 3.264629989410843344e-13
1.863246311931559750e+15 2.671770600547340501e-13
1.902301188668945750e+15 2.181568067192470311e-13
1.942174681489028250e+15 1.777117139786209748e-13
1.982883949127067250e+15 1.444162112111478341e-13
2.024446509976801750e+15 1.170754429030611982e-13
2.066880249629082000e+15 9.468052223304825563e-14
2.110203428568596500e+15 7.637873943959708615e-14
2.154434690031886500e+15 6.145751790434303228e-14
2.199593068030070500e+15 4.932474923554784102e-14
2.245697995539771750e+15 3.948537897048667163e-14
2.292769312865648500e+15 3.152535531846142070e-14
2.340827276178294500e+15 2.510199785694687326e-14
2.389892566231052500e+15 1.993320236589191466e-14
2.439986297259545000e+15 1.578554980374525395e-14
2.491130026067786000e+15 1.246595278610056987e-14
2.543345761304648500e+15 9.816243600781397175e-15
2.596655972934872000e+15 7.707513279447190620e-15
2.651083601908541500e+15 6.034270437356065677e-15
2.706652070033235500e+15 4.710256477831533376e-15
2.763385290053167000e+15 3.665583294912928782e-15
2.821307675939470500e+15 2.843900996125950382e-15
2.880444153396297500e+15 2.199632439023553261e-15
2.940820170587066500e+15 1.695962191347247865e-15
3.002461709085543000e+15 1.303408275568085882e-15
3.065395295056523500e+15 9.984725283966038926e-16
3.129648010670750500e+15 7.623833873460693316e-16
3.195247505759214000e+15 5.801720544883342099e-16
3.262222009711673500e+15 4.399997197395885367e-16
3.330600343624582000e+15 3.325463496447303939e-16
3.400411932703702500e+15 2.504639851870109197e-16
3.471686818926559500e+15 1.879724842051789763e-16
3.544455673970435500e+15 1.405605565579135959e-16
3.618749812411284000e+15 1.047233743104786599e-16
3.694601205199294500e+15 7.773607095715656432e-17
3.772042493416993500e+15 5.748584922261244170e-17
3.851107002325568500e+15 4.234684503819882813e-17
3.931828755705770000e+15 3.107365820908475743e-17
4.014242490499326000e+15 2.271231194567563226e-17
4.098383671757253000e+15 1.653432387970511889e-17
4.184288507901576000e+15 1.198748034342177982e-17
4.271993966306776500e+15 8.655134075776499289e-18
4.361537789208006000e+15 6.223131878680023871e-18
4.452958509942660000e+15 4.455431495077690749e-18
4.546295469532390000e+15 3.175953121316650367e-18
4.641588833612773000e+15 2.253971654512343694e-18
4.738879609717651000e+15 1.592561080289228396e-18
4.838209664925957000e+15 1.120136285219758744e-18
4.939621743878326000e+15 7.842026920959235405e-19
5.043159487171349000e+15 5.464536279633843505e-19
5.148867450137487000e+15 3.789895582420085337e-19
5.256791122018419000e+15 2.615781005249742223e-19
5.366976945540476000e+15 1.796506191751353608e-19
5.479472336900292000e+15 1.227699996773643084e-19
5.594325706169389000e+15 8.347788929542113026e-20
5.711586478126423000e+15 5.646961569437598725e-20
5.831305113526218000e+15 3.799903767612641063e-20
5.953533130814370000e+15 2.543465051176421776e-20
6.078323128297236000e+15 1.693369403896155434e-20
6.205728806776513000e+15 1.121233186237669990e-20
6.335804992658241000e+15 7.382538810744159887e-21
6.468607661546321000e+15 4.833480352741812024e-21
6.604193962330306000e+15 3.146542838742789630e-21
6.742622241778349000e+15 2.036428612481638907e-21
6.883952069645510000e+15 1.310118750473622659e-21
7.028244264308338000e+15 8.377888811458577759e-22
7.175560918936921000e+15 5.324925534835865517e-22
7.325965428215230000e+15 3.363461730405940348e-22
7.479522515621829000e+15 2.111028611650024539e-22
7.636298261282257000e+15 1.316468346107079507e-22
7.796360130405221000e+15 8.156526629458878568e-23
7.959777002314978000e+15 5.020118752634612131e-23
8.126619200091945000e+15 3.068835698672281381e-23
8.296958520834915000e+15 1.863182742550766348e-23
8.470868266557420000e+15 1.123379216249832266e-23
8.648423275731709000e+15 6.725396725379662999e-24
8.829699955494083000e+15 3.997266745709644869e-24
9.014776314524918000e+15 2.358469916176895982e-24
9.203731996618230000e+15 1.381285132703385935e-24
9.396648314954710000e+15 8.028777822094608082e-25
9.593608287093126000e+15 4.630816449300911841e-25
9.794696670695384000e+15 2.650164334876350284e-25
