1.020960662306047603e+07 1.179143415871154730e+02
1.042360673976401053e+07 1.156210233529126725e+02
1.064209244064724632e+07 1.133724799007586199e+02
1.086515774652537145e+07 1.111674724099509604e+02
1.109289864895222709e+07 1.090048725714368061e+02
1.132541315152812563e+07 1.068842193536866176e+02
1.156280131207375228e+07 1.048049773174652302e+02
1.180516528568805568e+07 1.027659997096544942e+02
1.205260936870841496e+07 1.007662422218138545e+02
1.230524004359261692e+07 9.880527933572464860e+01
1.256316602474121563e+07 9.688261649538679876e+01
1.282649830528059974e+07 9.499719217186296305e+01
1.309535020482667536e+07 9.314803980257713079e+01
1.336983741824945062e+07 9.133476665303845721e+01
1.365007806546013802e+07 8.955691593076885226e+01
1.393619274224143475e+07 8.781350499737018822e+01
1.422830457214351930e+07 8.610363924807676028e+01
1.452653925946781226e+07 8.442695621088199687e+01
1.483102514336102828e+07 8.278303397543048447e+01
1.514189325304351933e+07 8.117096293096562931e+01
1.545927736419478431e+07 7.958991507525459497e+01
1.578331405652116425e+07 7.803955587016750428e+01
1.611414277253019996e+07 7.651949562461858534e+01
1.645190587753660791e+07 7.502889233042547801e+01
1.679674872092653066e+07 7.356697962972350524e+01
1.714881969870540872e+07 7.213344876904004366e+01
1.750827031735723466e+07 7.072793981820565534e+01
1.787525525904235244e+07 6.934967334826953334e+01
1.824993244816150516e+07 6.799794005864106339e+01
1.863246311931559816e+07 6.667245499401417419e+01
1.902301188668945804e+07 6.537288571557145644e+01
1.942174681489024311e+07 6.409851072413775341e+01
1.982883949127071351e+07 6.284867352869191137e+01
2.024446509976801649e+07 6.162311114111788157e+01
2.066880249629081786e+07 6.042151651620819308e+01
2.110203428568596393e+07 5.924322177997756711e+01
2.154434690031882003e+07 5.808761932068239275e+01
2.199593068030074611e+07 5.695446642711139873e+01
2.245697995539776236e+07 5.584347950880193423e+01
2.292769312865648791e+07 5.475404033305196805e+01
2.340827276178294048e+07 5.368558653089453969e+01
2.389892566231048107e+07 5.263789410572078964e+01
2.439986297259550542e+07 5.161070113175514251e+01
2.491130026067791134e+07 5.060343533066233590e+01
2.543345761304648221e+07 4.961557620754203413e+01
2.596655972934872285e+07 4.864691704071483258e+01
2.651083601908536255e+07 4.769721591552537632e+01
2.706652070033241063e+07 4.676594309314879894e+01
2.763385290053172782e+07 4.585261683809851263e+01
2.821307675939470530e+07 4.495704637205665222e+01
2.880444153396297619e+07 4.407900826422633855e+01
2.940820170587060601e+07 4.321801215576748945e+01
3.002461709085549042e+07 4.237361218562037379e+01
3.065395295056529716e+07 4.154563229110027578e+01
3.129648010670750216e+07 4.073386611434310112e+01
3.195247505759213492e+07 3.993785975109420860e+01
3.262222009711666778e+07 3.915720054514419957e+01
3.330600343624588847e+07 3.839172601600170509e+01
3.400411932703709602e+07 3.764124557551623695e+01
3.471686818926559389e+07 3.690533906573885048e+01
3.544455673970435560e+07 3.618362456442446273e+01
3.618749812411276251e+07 3.547595212725008906e+01
3.694601205199302733e+07 3.478214573141442401e+01
3.772042493417001516e+07 3.410181645876190260e+01
3.851107002325568348e+07 3.343461083422543823e+01
3.931828755705770105e+07 3.278039048349842233e+01
4.014242490499317646e+07 3.213899283683427655e+01
4.098383671757261455e+07 3.151005789558382730e+01
4.184288507901584357e+07 3.089325851521709154e+01
4.271993966306776553e+07 3.028846699956955746e+01
4.361537789208005369e+07 2.969553320498669535e+01
4.452958509942659736e+07 2.911412390406063366e+01
4.546295469532398880e+07 2.854393632336924114e+01
4.641588833612781763e+07 2.798485262211561420e+01
4.738879609717650712e+07 2.743673413361805657e+01
4.838209664925957471e+07 2.689927241348750186e+01
4.939621743878325820e+07 2.637218724573138928e+01
5.043159487171358615e+07 2.585536988508006218e+01
5.148867450137497485e+07 2.534869226579561285e+01
5.256791122018418461e+07 2.485186888523810111e+01
5.366976945540475845e+07 2.436464040636157691e+01
5.479472336900292337e+07 2.388690647855833404e+01
5.594325706169377267e+07 2.341854882696586770e+01
5.711586478126434237e+07 2.295930318672091630e+01
5.831305113526218385e+07 2.250892954637253496e+01
5.953533130814369768e+07 2.206733530249385566e+01
6.078323128297235817e+07 2.163441122309710352e+01
6.205728806776500493e+07 2.120991270377832194e+01
6.335804992658253759e+07 2.079361762058082164e+01
6.468607661546321213e+07 2.038544051972016291e+01
6.604193962330305576e+07 1.998528052153736567e+01
6.742622241778348386e+07 1.959291122160203003e+01
6.883952069645495713e+07 1.920812705228581763e+01
7.028244264308351278e+07 1.883084915812512961e+01
7.175560918936920166e+07 1.846098437366764955e+01
7.325965428215231001e+07 1.809832314254300201e+01
7.479522515621829033e+07 1.774267522140277720e+01
7.636298261282241344e+07 1.739396784416711839e+01
7.796360130405236781e+07 1.705211497027050527e+01
7.959777002314977348e+07 1.671692263973854864e+01
8.126619200091944635e+07 1.638821479318070828e+01
8.296958520834915340e+07 1.606592428419275720e+01
8.470868266557401419e+07 1.574997165252434250e+01
8.648423275731725991e+07 1.544017737616224117e+01
8.829699955494081974e+07 1.513637852411812901e+01
9.014776314524917305e+07 1.483851313600975530e+01
9.203731996618229151e+07 1.454650782907160789e+01
9.396648314954690635e+07 1.426019644666817676e+01
9.593608287093147635e+07 1.397942820921288742e+01
9.794696670695386827e+07 1.370414594209348991e+01
1.000000000000000000e+08 1.343428187568828136e+01
1.020960662306047529e+08 1.316968222572511316e+01
1.042360673976403177e+08 1.291020745965544592e+01
1.064209244064722359e+08 1.265580481933628398e+01
1.086515774652537256e+08 1.240641171918733754e+01
1.109289864895222783e+08 1.216188582824356423e+01
1.132541315152812600e+08 1.192209802376433814e+01
1.156280131207377762e+08 1.168699962316456187e+01
1.180516528568803072e+08 1.145653282882577706e+01
1.205260936870841384e+08 1.123056591196287357e+01
1.230524004359261543e+08 1.100897938486488492e+01
1.256316602474121451e+08 1.079172832595323328e+01
1.282649830528062433e+08 1.057875935946298718e+01
1.309535020482665002e+08 1.036995057106073226e+01
1.336983741824945360e+08 1.016519139086673817e+01
1.365007806546013653e+08 9.964440367938140142e+00
1.393619274224143326e+08 9.767648210279013199e+00
1.422830457214354575e+08 9.574702088734314387e+00
1.452653925946778059e+08 9.385499687433958016e+00
1.483102514336102903e+08 9.200002757993910762e+00
1.514189325304352045e+08 9.018165780039348434e+00
1.545927736419478357e+08 8.839884334441215685e+00
1.578331405652119517e+08 8.665063744786387190e+00
1.611414277253016531e+08 8.493668717964315107e+00
1.645190587753660679e+08 8.325657216833125318e+00
1.679674872092653215e+08 8.160932607250954263e+00
1.714881969870540798e+08 7.999407283461935414e+00
1.750827031735726893e+08 7.841048679386104503e+00
1.787525525904231668e+08 7.685817974799487473e+00
1.824993244816150367e+08 7.533625741876634585e+00
1.863246311931559741e+08 7.384390919033450018e+00
1.902301188668946028e+08 7.238083456598444876e+00
1.942174681489028633e+08 7.094667505201905477e+00
1.982883949127075374e+08 6.954060307691854348e+00
2.024446509976801872e+08 6.816186859339795845e+00
2.066880249629082084e+08 6.681019432470622021e+00
2.110203428568596542e+08 6.548524921353553907e+00
2.154434690031886399e+08 6.418626743600957418e+00
2.199593068030070364e+08 6.291255500259872235e+00
2.245697995539771616e+08 6.166385606220361915e+00
2.292769312865648568e+08 6.043986489568584197e+00
2.340827276178294122e+08 5.923987283594943420e+00
2.389892566231052577e+08 5.806323777543583198e+00
2.439986297259555161e+08 5.690972363341493256e+00
2.491130026067785919e+08 5.577904809068301439e+00
2.543345761304648221e+08 5.467055538664626013e+00
2.596655972934872508e+08 5.358365143117637786e+00
2.651083601908541918e+08 5.251811838571627256e+00
2.706652070033235550e+08 5.147369554107365630e+00
2.763385290053166747e+08 5.044977610866872020e+00
2.821307675939470530e+08 4.944581043814442189e+00
2.880444153396297693e+08 4.846159752358619066e+00
2.940820170587067008e+08 4.749689661229236748e+00
3.002461709085555673e+08 4.655114624515285904e+00
3.065395295056523085e+08 4.562383790045023702e+00
3.129648010670750141e+08 4.471478610375534402e+00
3.195247505759213567e+08 4.382376853179913212e+00
3.262222009711673260e+08 4.295026568303920378e+00
3.330600343624581695e+08 4.209380709941772380e+00
3.400411932703702450e+08 4.125422163717503921e+00
3.471686818926559091e+08 4.043130399242252260e+00
3.544455673970435262e+08 3.962457349961330255e+00
3.618749812411283851e+08 3.883359492700155791e+00
3.694601205199309587e+08 3.805821035366817817e+00
3.772042493416993618e+08 3.729823019293595721e+00
3.851107002325568795e+08 3.655320972493651954e+00
3.931828755705770254e+08 3.582274631854755587e+00
4.014242490499325991e+08 3.510669425327722859e+00
4.098383671757252812e+08 3.440487845660955113e+00
4.184288507901575565e+08 3.371688747930344121e+00
4.271993966306776404e+08 3.304234886005009031e+00
4.361537789208005667e+08 3.238112813545897861e+00
4.452958509942659736e+08 3.173306363624706083e+00
4.546295469532408714e+08 3.109777470718123382e+00
4.641588833612772226e+08 3.047491680678432235e+00
4.738879609717651010e+08 2.986436585838280422e+00
4.838209664925957322e+08 2.926597257002237384e+00
4.939621743878325820e+08 2.867938478756451914e+00
5.043159487171348333e+08 2.810428380712344687e+00
5.148867450137487054e+08 2.754055513526616039e+00
5.256791122018419504e+08 2.698806090997758922e+00
5.366976945540476441e+08 2.644647535587148379e+00
5.479472336900292635e+08 2.591550367887685447e+00
5.594325706169389486e+08 2.539504022773751313e+00
5.711586478126422167e+08 2.488495769542333758e+00
5.831305113526217937e+08 2.438495472030600020e+00
5.953533130814369917e+08 2.389475863415936985e+00
6.078323128297235966e+08 2.341427194391641375e+00
6.205728806776486635e+08 2.294337708942476795e+00
6.335804992658240795e+08 2.248179530398144887e+00
6.468607661546320915e+08 2.202927439379079200e+00
6.604193962330304384e+08 2.158572439301678969e+00
6.742622241778348684e+08 2.115103674204224404e+00
6.883952069645509720e+08 2.072495358530337839e+00
7.028244264308338165e+08 2.030724167496706922e+00
7.175560918936921358e+08 1.989781799015831076e+00
7.325965428215229511e+08 1.949658228268127180e+00
7.479522515621827841e+08 1.910329604933765690e+00
7.636298261282258034e+08 1.871774357355606933e+00
7.796360130405220985e+08 1.833984824216911891e+00
7.959777002314977646e+08 1.796951748199449694e+00
8.126619200091946125e+08 1.760653069929904113e+00
8.296958520834914446e+08 1.725068839928774356e+00
8.470868266557419300e+08 1.690191988087563102e+00
8.648423275731709003e+08 1.656013965814354227e+00
8.829699955494083166e+08 1.622514371106334785e+00
9.014776314524917603e+08 1.589674755475763757e+00
9.203731996618230343e+08 1.557488594280279859e+00
9.396648314954710007e+08 1.525947993377173573e+00
9.593608287093126774e+08 1.495034084494131887e+00
9.794696670695385933e+08 1.464729807960959418e+00
1.000000000000000000e+09 1.435029142405888081e+00
1.020960662306047559e+09 1.405924798014107413e+00
1.042360673976403356e+09 1.377399325785586104e+00
1.064209244064726830e+09 1.349436951041302235e+00
1.086515774652537346e+09 1.322032116755414544e+00
1.109289864895222664e+09 1.295178091153511124e+00
1.132541315152812481e+09 1.268858738556676080e+00
1.156280131207372904e+09 1.243059473197814846e+00
1.180516528568803072e+09 1.217775166465446812e+00
1.205260936870841503e+09 1.192999601884171978e+00
1.230524004359261513e+09 1.168717859028959527e+00
1.256316602474121332e+09 1.144916452103879934e+00
1.282649830528062582e+09 1.121590647778977878e+00
1.309535020482670307e+09 1.098734705405988166e+00
1.336983741824945211e+09 1.076334829028190665e+00
1.365007806546013832e+09 1.054378550519632363e+00
1.393619274224143505e+09 1.032861501247330782e+00
1.422830457214349031e+09 1.011778379948303996e+00
1.452653925946778297e+09 9.911164311029576623e-01
1.483102514336102724e+09 9.708641280742535962e-01
1.514189325304351807e+09 9.510174387240447613e-01
1.545927736419478655e+09 9.315714675113754284e-01
1.578331405652119875e+09 9.125144215753386856e-01
1.611414277253023148e+09 8.938356452652966855e-01
1.645190587753660679e+09 8.755314169142900393e-01
1.679674872092653036e+09 8.575972156233857557e-01
1.714881969870540857e+09 8.400221391933818671e-01
1.750827031735726833e+09 8.227963377191592764e-01
1.787525525904231787e+09 8.059163759875090927e-01
1.824993244816150427e+09 7.893780790442354034e-01
1.863246311931559801e+09 7.731713687147294678e-01
1.902301188668945789e+09 7.572871404526773098e-01
1.942174681489028454e+09 7.417222233508861118e-01
1.982883949127075434e+09 7.264727618965503009e-01
2.024446509976801872e+09 7.115294402590560674e-01
2.066880249629082203e+09 6.968838433727290171e-01
2.110203428568596601e+09 6.825330441955592686e-01
2.154434690031886578e+09 6.684734821876443522e-01
2.199593068030070305e+09 6.546965467736144406e-01
2.245697995539771557e+09 6.411944606511807976e-01
2.292769312865648746e+09 6.279645217936551393e-01
2.340827276178294182e+09 6.150034420346228714e-01
2.389892566231052876e+09 6.023032632162863553e-01
2.439986297259555340e+09 5.898567979410183071e-01
2.491130026067785740e+09 5.776615518043676234e-01
2.543345761304647923e+09 5.657144881489577504e-01
2.596655972934872150e+09 5.540082523283158533e-01
2.651083601908541679e+09 5.425362025657647358e-01
2.706652070033235550e+09 5.312960360298978335e-01
2.763385290053166866e+09 5.202849483050564494e-01
2.821307675939470768e+09 5.094961429967482802e-01
2.880444153396297932e+09 4.989234829641858715e-01
2.940820170587066650e+09 4.885648421473163805e-01
3.002461709085555077e+09 4.784176305812388175e-01
3.065395295056523800e+09 4.684755682329819759e-01
3.129648010670750618e+09 4.587329846762017715e-01
3.195247505759213448e+09 4.491879169626974422e-01
3.262222009711673260e+09 4.398379731524598157e-01
3.330600343624581814e+09 4.306773508065160905e-01
3.400411932703702450e+09 4.217008111191986042e-01
3.471686818926559448e+09 4.129065416568981628e-01
3.544455673970435619e+09 4.042923333354591087e-01
3.618749812411283970e+09 3.958528254323702700e-01
3.694601205199309826e+09 3.875831782895918232e-01
3.772042493416993618e+09 3.794817183662274052e-01
3.851107002325568676e+09 3.715464054281008011e-01
3.931828755705770016e+09 3.637722872657296880e-01
4.014242490499325752e+09 3.561548933250458515e-01
4.098383671757252693e+09 3.486926782331362662e-01
4.184288507901576042e+09 3.413837576732190460e-01
4.271993966306777000e+09 3.342235572248449249e-01
4.361537789208005905e+09 3.272079476344426641e-01
4.452958509942660332e+09 3.203355018066880722e-01
4.546295469532408714e+09 3.136044794019522408e-01
4.641588833612771988e+09 3.070106553532312432e-01
4.738879609717651367e+09 3.005502159866909051e-01
4.838209664925957680e+09 2.942218433575669589e-01
4.939621743878325462e+09 2.880239300779287026e-01
5.043159487171347618e+09 2.819525741241742933e-01
5.148867450137486458e+09 2.760042536009064129e-01
5.256791122018419266e+09 2.701777512966752615e-01
5.366976945540475845e+09 2.644715825942453025e-01
5.479472336900292397e+09 2.588821441670014489e-01
5.594325706169388771e+09 2.534061838783523979e-01
5.711586478126422882e+09 2.480425774836173547e-01
5.831305113526218414e+09 2.427899537368268523e-01
5.953533130814370155e+09 2.376449854795853189e-01
6.078323128297236443e+09 2.326046699630102688e-01
6.205728806776488304e+09 2.276679687441163780e-01
6.335804992658241272e+09 2.228336152684207705e-01
6.468607661546320915e+09 2.180985377018913318e-01
6.604193962330305099e+09 2.134599638358898321e-01
6.742622241778348923e+09 2.089169344192741695e-01
6.883952069645509720e+09 2.044682795755020654e-01
7.028244264308338165e+09 2.001111635083311913e-01
7.175560918936921120e+09 1.958430271136751555e-01
7.325965428215229988e+09 1.916629842342597589e-01
7.479522515621828079e+09 1.875699542725114966e-01
7.636298261282225609e+09 1.835613196256265234e-01
7.796360130405220985e+09 1.796347181644480651e-01
7.959777002314977646e+09 1.757893312004165931e-01
8.126619200091945648e+09 1.720241605824698039e-01
8.296958520834915161e+09 1.683367903926477616e-01
8.470868266557419777e+09 1.647250405555958086e-01
8.648423275731708527e+09 1.611881546618132710e-01
8.829699955494083405e+09 1.577252106985934377e-01
9.014776314524917603e+09 1.543339791594602883e-01
9.203731996618228912e+09 1.510124482213653363e-01
9.396648314954671860e+09 1.477599189653934497e-01
9.593608287093128204e+09 1.445755396926596270e-01
9.794696670695384979e+09 1.414572531791698506e-01
1.000000000000000000e+10 1.384032030871911179e-01
1.020960662306047440e+10 1.354127435712927374e-01
1.042360673976403236e+10 1.324850878685652766e-01
1.064209244064726830e+10 1.296183379665544755e-01
1.086515774652537155e+10 1.268107812047104821e-01
1.109289864895222664e+10 1.240618207353582636e-01
1.132541315152812576e+10 1.213707297662303675e-01
1.156280131207373047e+10 1.187357574058056503e-01
1.180516528568803024e+10 1.161553237485593582e-01
1.205260936870841217e+10 1.136288771849753437e-01
1.230524004359261703e+10 1.111557463082909897e-01
1.256316602474121475e+10 1.087343161642690403e-01
1.282649830528062630e+10 1.063631295009671851e-01
1.309535020482670403e+10 1.040416764781182529e-01
1.336983741824945259e+10 1.017693368413452315e-01
1.365007806546013641e+10 9.954462122896005905e-02
1.393619274224143410e+10 9.736618570097316239e-02
1.422830457214348984e+10 9.523355898553959031e-02
1.452653925946778107e+10 9.314616807176014091e-02
1.483102514336102867e+10 9.110263962311794528e-02
1.514189325304351997e+10 8.910173437219244541e-02
1.545927736419478416e+10 8.714301666247206701e-02
1.578331405652119637e+10 8.522595711748072456e-02
1.611414277253023148e+10 8.334928957721905729e-02
1.645190587753660774e+10 8.151187145770086295e-02
1.679674872092653275e+10 7.971329999288177814e-02
1.714881969870541000e+10 7.795308610840810670e-02
1.750827031735726929e+10 7.623006263749451672e-02
1.787525525904231644e+10 7.454317629204185169e-02
1.824993244816150284e+10 7.289205468242765384e-02
1.863246311931559753e+10 7.127624595924715589e-02
1.902301188668945694e+10 6.969467438154701433e-02
1.942174681489028549e+10 6.814636912620704312e-02
1.982883949127075195e+10 6.663098586011247104e-02
2.024446509976801682e+10 6.514810711776895802e-02
2.066880249629082108e+10 6.369674158618586490e-02
2.110203428568596649e+10 6.227599459160636924e-02
2.154434690031886673e+10 6.088554771670089127e-02
2.199593068030070114e+10 5.952501525631698903e-02
2.245697995539771652e+10 5.819348385513179595e-02
2.292769312865648651e+10 5.689012914956242256e-02
2.340827276178294373e+10 5.561465666255799994e-02
2.389892566231052399e+10 5.436671002697315153e-02
2.439986297259555435e+10 5.314544786265815862e-02
2.491130026067786026e+10 5.195011071792360324e-02
2.543345761304648209e+10 5.078042623298568981e-02
2.596655972934872437e+10 4.963606514195403191e-02
2.651083601908541489e+10 4.851625250882470736e-02
2.706652070033235550e+10 4.742028880350820236e-02
2.763385290053166962e+10 4.634792210112116673e-02
2.821307675939470673e+10 4.529884817151195314e-02
2.880444153396297836e+10 4.427235340967918681e-02
2.940820170587066650e+10 4.326779359409735348e-02
3.002461709085555267e+10 4.228493568218673337e-02
3.065395295056523514e+10 4.132349857232817114e-02
3.129648010670750427e+10 4.038282526368101172e-02
3.195247505759213638e+10 3.946232257969559815e-02
3.262222009711672974e+10 3.856177492699038034e-02
3.330600343624581909e+10 3.768092257117876265e-02
3.400411932703702927e+10 3.681916074661955446e-02
3.471686818926559448e+10 3.597594338092072186e-02
3.544455673970435333e+10 3.515107100723340733e-02
3.618749812411283875e+10 3.434430363204177966e-02
3.694601205199309540e+10 3.355508468669060607e-02
3.772042493416993713e+10 3.278291156102768750e-02
3.851107002325569153e+10 3.202759969374007615e-02
3.931828755705770111e+10 3.128892733036688772e-02
4.014242490499325562e+10 3.056638236715402204e-02
4.098383671757252502e+10 2.985950229057048044e-02
4.184288507901576233e+10 2.916811631789619635e-02
4.271993966306776428e+10 2.849201954669597706e-02
4.361537789208005524e+10 2.783074088924743575e-02
4.452958509942659760e+10 2.718385481873172513e-02
4.546295469532408905e+10 2.655120329057608294e-02
4.641588833612772369e+10 2.593259697356913376e-02
4.738879609717650604e+10 2.532760260904926355e-02
4.838209664925956726e+10 2.473582878348464312e-02
4.939621743878325653e+10 2.415712922994481260e-02
5.043159487171348572e+10 2.359132900548511352e-02
5.148867450137487030e+10 2.303802973594956671e-02
5.256791122018418884e+10 2.249687146635248949e-02
5.366976945540475464e+10 2.196771882055591207e-02
5.479472336900292206e+10 2.145041015142678739e-02
5.594325706169388580e+10 2.094457924888099010e-02
5.711586478126422882e+10 2.044989516402990690e-02
5.831305113526218414e+10 1.996623259262179928e-02
5.953533130814369965e+10 1.949344217440823063e-02
6.078323128297235870e+10 1.903118735025463582e-02
6.205728806776487732e+10 1.857916391197503639e-02
6.335804992658241272e+10 1.813725587107009249e-02
6.468607661546320343e+10 1.770532522225008384e-02
6.604193962330305481e+10 1.728306273600252116e-02
6.742622241778349304e+10 1.687018885244854702e-02
6.883952069645510864e+10 1.646659620052070422e-02
7.028244264308338928e+10 1.607215726918633306e-02
7.175560918936921692e+10 1.568658801452945534e-02
7.325965428215229797e+10 1.530963159258612663e-02
7.479522515621827698e+10 1.494118860477073804e-02
7.636298261282226562e+10 1.458114123925282821e-02
7.796360130405221558e+10 1.422922865773657876e-02
7.959777002314976501e+10 1.388521494770930502e-02
8.126619200091944885e+10 1.354900808731789898e-02
8.296958520834915161e+10 1.322049922958106263e-02
8.470868266557418823e+10 1.289944891350052261e-02
8.648423275731707764e+10 1.258564051030552390e-02
8.829699955494082642e+10 1.227898882455958317e-02
9.014776314524917603e+10 1.197939329577130986e-02
9.203731996618229675e+10 1.168663415216340470e-02
9.396648314954670715e+10 1.140051252747772970e-02
9.593608287093125916e+10 1.112094954427421227e-02
9.794696670695385742e+10 1.084785230187423899e-02
1.000000000000000000e+11 1.058101915933900780e-02
1.020960662306047516e+11 1.032026760858463683e-02
1.042360673976403351e+11 1.006552462041768355e-02
1.064209244064726715e+11 9.816704375058736554e-03
1.086515774652537231e+11 9.573621923874175987e-03
1.109289864895222778e+11 9.336109820743759835e-03
1.132541315152812653e+11 9.104100450623420909e-03
1.156280131207372894e+11 8.877514539750167716e-03
1.180516528568803101e+11 8.656182504156520463e-03
1.205260936870841370e+11 8.439950763363372396e-03
1.230524004359261475e+11 8.228756715284581830e-03
1.256316602474121399e+11 8.022527138016733242e-03
1.282649830528062439e+11 7.821106587058021531e-03
1.309535020482670288e+11 7.624354243599302909e-03
1.336983741824945221e+11 7.432212147696785898e-03
1.365007806546013794e+11 7.244612672710869748e-03
1.393619274224143372e+11 7.061413383123173702e-03
1.422830457214349060e+11 6.882485203201263793e-03
1.452653925946778259e+11 6.707774472337667791e-03
1.483102514336102905e+11 6.537218737236654559e-03
1.514189325304352112e+11 6.370687528450000650e-03
1.545927736419478455e+11 6.208062573591729104e-03
1.578331405652119751e+11 6.049294194458688066e-03
1.611414277253023071e+11 5.894324721221352870e-03
1.645190587753660583e+11 5.743034688475146844e-03
1.679674872092653198e+11 5.595315760376252424e-03
1.714881969870540771e+11 5.451121948053919836e-03
1.750827031735719604e+11 5.310400004819231662e-03
1.787525525904231873e+11 5.173040582081185612e-03
1.824993244816150513e+11 5.038944481098440661e-03
1.863246311931559753e+11 4.908069131275950327e-03
1.902301188668945618e+11 4.780365376061418078e-03
1.942174681489028320e+11 4.655733165538646599e-03
1.982883949127075500e+11 4.534081700867867784e-03
2.024446509976802063e+11 4.415371579008376367e-03
2.066880249629082031e+11 4.299557425751921423e-03
2.110203428568596497e+11 4.186547735562055374e-03
2.154434690031877747e+11 4.076259429814512586e-03
2.199593068030070190e+11 3.968656041064758458e-03
2.245697995539771729e+11 3.863695692931573555e-03
2.292769312865648804e+11 3.761294728955147642e-03
2.340827276178294067e+11 3.661377164160934793e-03
2.389892566231052551e+11 3.563909252070068031e-03
2.439986297259555054e+11 3.468852351114334789e-03
2.491130026067796021e+11 3.376130013091756168e-03
2.543345761304648132e+11 3.285672769193030782e-03
2.596655972934872437e+11 3.197449395260990816e-03
2.651083601908530884e+11 3.111424241376812855e-03
2.706652070033235779e+11 3.027527477117530723e-03
2.763385290053167114e+11 2.945695617676284597e-03
2.821307675939470825e+11 2.865899777340424111e-03
2.880444153396297607e+11 2.788107073014072824e-03
2.940820170587066650e+11 2.712253748059223046e-03
3.002461709085555420e+11 2.638281811370604517e-03
3.065395295056536255e+11 2.566164545434264713e-03
3.129648010670750732e+11 2.495871626085667885e-03
3.195247505759213257e+11 2.427344869408384811e-03
3.262222009711659546e+11 2.360531326351804002e-03
3.330600343624581909e+11 2.295406289948476956e-03
3.400411932703702393e+11 2.231941802707533128e-03
3.471686818926559448e+11 2.170084792016021853e-03
3.544455673970435181e+11 2.109786934919209104e-03
3.618749812411284180e+11 2.051025388973593076e-03
3.694601205199309692e+11 1.993774385551217495e-03
3.772042493417008667e+11 1.937985538518957650e-03
3.851107002325568848e+11 1.883614768013592861e-03
3.931828755705770264e+11 1.830640960832381888e-03
4.014242490499309692e+11 1.779040372736790179e-03
4.098383671757252808e+11 1.728768913042725945e-03
4.184288507901575928e+11 1.679786392386341471e-03
4.271993966306776123e+11 1.632073301443885639e-03
4.361537789208005371e+11 1.585607768220535091e-03
4.452958509942659912e+11 1.540349637632667038e-03
4.546295469532408447e+11 1.496262286296186133e-03
4.641588833612791138e+11 1.453327692573262763e-03
4.738879609717650757e+11 1.411525715949902941e-03
4.838209664925957031e+11 1.370819805874891892e-03
4.939621743878305664e+11 1.331176606332403010e-03
5.043159487171348267e+11 1.292579475648829431e-03
5.148867450137487183e+11 1.255009874542556067e-03
5.256791122018419189e+11 1.218434552486312352e-03
5.366976945540476074e+11 1.182823146122894114e-03
5.479472336900292969e+11 1.148160293851293841e-03
5.594325706169388428e+11 1.114428937092664306e-03
5.711586478126446533e+11 1.081598845332768432e-03
5.831305113526218262e+11 1.049642395219136000e-03
5.953533130814368896e+11 1.018545412568469446e-03
6.078323128297211914e+11 9.882922079497520260e-04
6.205728806776488037e+11 9.588553134554074573e-04
6.335804992658240967e+11 9.302096134242181973e-04
6.468607661546320801e+11 9.023420351261448192e-04
6.604193962330305176e+11 8.752381550210798196e-04
6.742622241778348389e+11 8.488730312443033572e-04
6.883952069645510254e+11 8.232238422732281484e-04
7.028244264308366699e+11 7.982785370541889110e-04
7.175560918936921387e+11 7.740238623470764362e-04
7.325965428215229492e+11 7.504371849863635327e-04
7.479522515621828613e+11 7.274977813362134118e-04
7.636298261282225342e+11 7.051945479647364363e-04
7.796360130405220947e+11 6.835153134246072220e-04
7.959777002314978027e+11 6.624395536276217380e-04
8.126619200091945801e+11 6.419484625210587119e-04
8.296958520834915771e+11 6.220318155339705363e-04
8.470868266557419434e+11 6.026784410544838884e-04
8.648423275731743164e+11 5.838697407824696437e-04
8.829699955494082031e+11 5.655886606461807799e-04
9.014776314524916992e+11 5.478257910734128785e-04
9.203731996618229980e+11 5.305708843842231459e-04
9.396648314954670410e+11 5.138070998296016389e-04
9.593608287093126221e+11 4.975189832652499988e-04
9.794696670695385742e+11 4.816978807889886255e-04
1.000000000000000000e+12 4.663343983467259368e-04
1.020960662306047485e+12 4.514132983723637724e-04
1.042360673976403198e+12 4.369205870786824729e-04
1.064209244064726929e+12 4.228483111020526217e-04
1.086515774652537354e+12 4.091878648842462362e-04
1.109289864895222656e+12 3.959254724481869512e-04
1.132541315152812744e+12 3.830484722935725058e-04
1.156280131207372803e+12 3.705495603508341665e-04
1.180516528568802979e+12 3.584208592139323437e-04
1.205260936870841309e+12 3.466499246659411810e-04
1.230524004359261719e+12 3.352253100140685916e-04
1.256316602474121338e+12 3.241403128392401868e-04
1.282649830528062500e+12 3.133877279717083453e-04
1.309535020482670410e+12 3.029563239570358434e-04
1.336983741824945068e+12 2.928357611827780201e-04
1.365007806546013672e+12 2.830198945735409714e-04
1.393619274224143311e+12 2.735021393760017454e-04
1.422830457214348877e+12 2.642723678707347085e-04
1.452653925946778320e+12 2.553212487754773544e-04
1.483102514336102783e+12 2.466431531446789077e-04
1.514189325304351807e+12 2.382320686122423579e-04
1.545927736419478516e+12 2.300788713406082698e-04
1.578331405652119873e+12 2.221751478893163731e-04
1.611414277253023193e+12 2.145157470972472143e-04
1.645190587753660889e+12 2.070951844647658314e-04
1.679674872092653076e+12 1.999052486227195031e-04
1.714881969870540771e+12 1.929383610857432843e-04
1.750827031735719727e+12 1.861898127930187508e-04
1.787525525904231689e+12 1.796546058382963171e-04
1.824993244816150391e+12 1.733253576695149888e-04
1.863246311931559814e+12 1.671952488618346237e-04
1.902301188668945801e+12 1.612599792406587708e-04
1.942174681489028320e+12 1.555149992276316697e-04
1.982883949127075439e+12 1.499536785727647161e-04
2.024446509976801758e+12 1.445698874471603996e-04
2.066880249629082031e+12 1.393597036419575851e-04
2.110203428568596680e+12 1.343189904270440324e-04
2.154434690031877930e+12 1.294417998986723060e-04
2.199593068030070312e+12 1.247226282702836877e-04
2.245697995539771484e+12 1.201579025091895016e-04
2.292769312865648926e+12 1.157438658353479507e-04
2.340827276178293945e+12 1.114751887620366402e-04
2.389892566231052246e+12 1.073469354240336681e-04
2.439986297259555176e+12 1.033558551561027117e-04
2.491130026067796387e+12 9.949854062277430555e-05
2.543345761304647949e+12 9.577022236066712378e-05
2.596655972934872070e+12 9.216647929632384648e-05
2.651083601908530762e+12 8.868435816568045690e-05
2.706652070033235840e+12 8.532077279080064721e-05
2.763385290053166992e+12 8.207146042081942493e-05
2.821307675939470703e+12 7.893246622913388164e-05
2.880444153396297852e+12 7.590111110123294027e-05
2.940820170587066406e+12 7.297460378760865199e-05
3.002461709085555176e+12 7.014913960453749309e-05
3.065395295056536133e+12 6.742118563711114207e-05
3.129648010670750488e+12 6.478831526562636646e-05
3.195247505759213867e+12 6.224800784964945588e-05
3.262222009711660156e+12 5.979687240809496498e-05
3.330600343624582031e+12 5.743175746708249887e-05
3.400411932703702637e+12 5.515046873501997443e-05
3.471686818926559082e+12 5.295073363429988870e-05
3.544455673970435547e+12 5.082953444881145729e-05
3.618749812411284180e+12 4.878406422123226057e-05
3.694601205199310059e+12 4.681234220927295466e-05
3.772042493417008789e+12 4.491232299907205492e-05
3.851107002325568848e+12 4.308132530224104611e-05
3.931828755705770020e+12 4.131685300705812449e-05
4.014242490499309570e+12 3.961712143700511551e-05
4.098383671757252930e+12 3.798029297359565242e-05
4.184288507901576172e+12 3.640398921922507856e-05
4.271993966306776855e+12 3.488599422065641412e-05
4.361537789208005859e+12 3.342470309338164893e-05
4.452958509942660156e+12 3.201846806937858248e-05
4.546295469532409180e+12 3.066518312880564323e-05
4.641588833612791016e+12 2.936288452558032111e-05
4.738879609717650391e+12 2.811013202429857798e-05
4.838209664925957031e+12 2.690545108692135666e-05
4.939621743878305664e+12 2.574698032813160006e-05
5.043159487171347656e+12 2.463298276536357231e-05
5.148867450137486328e+12 2.356216872732562833e-05
5.256791122018418945e+12 2.253322151852644878e-05
5.366976945540475586e+12 2.154449918108356280e-05
5.479472336900291992e+12 2.059446835025056981e-05
5.594325706169388672e+12 1.968197682444216176e-05
5.711586478126446289e+12 1.880585151198069791e-05
5.831305113526218750e+12 1.796464699672023352e-05
5.953533130814370117e+12 1.715701249129231436e-05
6.078323128297210938e+12 1.638192109763114245e-05
6.205728806776487305e+12 1.563833015989511867e-05
6.335804992658241211e+12 1.492497004207874336e-05
6.468607661546321289e+12 1.424065342192648315e-05
6.604193962330305664e+12 1.358446740920863180e-05
6.742622241778348633e+12 1.295548761464778714e-05
6.883952069645509766e+12 1.235260136371485354e-05
7.028244264308366211e+12 1.177476745259719422e-05
7.175560918936920898e+12 1.122117652022226884e-05
7.325965428215229492e+12 1.069101120669376403e-05
7.479522515621797852e+12 1.018329875696004378e-05
7.636298261282225586e+12 9.697128355322280288e-06
7.796360130405220703e+12 9.231784458538524506e-06
7.959777002314977539e+12 8.786546369339806356e-06
8.126619200091945312e+12 8.360565834223813623e-06
8.296958520834915039e+12 7.953048174650420899e-06
8.470868266557419922e+12 7.563362675090923587e-06
8.648423275731745117e+12 7.190875747410326746e-06
8.829699955494082031e+12 6.834849705847342508e-06
9.014776314524917969e+12 6.494593111794405665e-06
9.203731996618228516e+12 6.169551765549148847e-06
9.396648314954669922e+12 5.859170394826254086e-06
9.593608287093126953e+12 5.562809303590846026e-06
9.794696670695386719e+12 5.279868634406838803e-06
1.000000000000000000e+13 5.009863029607550182e-06
1.020960662306047461e+13 4.752307450366871923e-06
1.042360673976403125e+13 4.506648850498607786e-06
1.064209244064726758e+13 4.272368427725615736e-06
1.086515774652537305e+13 4.049042593181072279e-06
1.109289864895222656e+13 3.836249124061279137e-06
1.132541315152812695e+13 3.633511414446040910e-06
1.156280131207373047e+13 3.440382226991461622e-06
1.180516528568803125e+13 3.256493233702550713e-06
1.205260936870841211e+13 3.081478232439071255e-06
1.230524004359261523e+13 2.914927879406117410e-06
1.256316602474121484e+13 2.756457958814588573e-06
1.282649830528062695e+13 2.605749427752666842e-06
1.309535020482670312e+13 2.462485891346812022e-06
1.336983741824945312e+13 2.326317030625993150e-06
1.365007806546013672e+13 2.196913973226763699e-06
1.393619274224143359e+13 2.074001486337601982e-06
1.422830457214349023e+13 1.957307313273375267e-06
1.452653925946778320e+13 1.846532780349359299e-06
1.483102514336102734e+13 1.741397470843706540e-06
1.514189325304351953e+13 1.641664958156291379e-06
1.545927736419478516e+13 1.547101963612774978e-06
1.578331405652119727e+13 1.457454860857304246e-06
1.611414277253023242e+13 1.372485522581367825e-06
1.645190587753660742e+13 1.291991767342678158e-06
1.679674872092653125e+13 1.215774609780971766e-06
1.714881969870541016e+13 1.143619584589495166e-06
1.750827031735719922e+13 1.075325345984027010e-06
1.787525525904231641e+13 1.010719812476237704e-06
1.824993244816150391e+13 9.496340511689535773e-07
1.863246311931559766e+13 8.918875190301569415e-07
1.902301188668945703e+13 8.373107441005068355e-07
1.942174681489028516e+13 7.857579896374194249e-07
1.982883949127075391e+13 7.370865481678425591e-07
2.024446509976801562e+13 6.911451487081350222e-07
2.066880249629082031e+13 6.477918320757089504e-07
2.110203428568596484e+13 6.069038162055036797e-07
2.154434690031877734e+13 5.683611772245289756e-07
2.199593068030070312e+13 5.320378003095567189e-07
2.245697995539771484e+13 4.978153753087051793e-07
2.292769312865648828e+13 4.655910259444745468e-07
2.340827276178294141e+13 4.352645280356276437e-07
2.389892566231052344e+13 4.067312914810765060e-07
2.439986297259555078e+13 3.798932431778239335e-07
2.491130026067785938e+13 3.546646817691621518e-07
2.543345761304648438e+13 3.309623306556185114e-07
2.596655972934872656e+13 3.086999315154610193e-07
2.651083601908530859e+13 2.877966460077925765e-07
2.706652070033235938e+13 2.681815124385888315e-07
2.763385290053166797e+13 2.497857564491144172e-07
2.821307675939470703e+13 2.325386546865543010e-07
2.880444153396297656e+13 2.163739720767096927e-07
2.940820170587066797e+13 2.012333252195174032e-07
3.002461709085555078e+13 1.870602794098923342e-07
3.065395295056535938e+13 1.737972064993369443e-07
3.129648010670750391e+13 1.613901779644745135e-07
3.195247505759213672e+13 1.497914801655681689e-07
3.262222009711659766e+13 1.389551151635272108e-07
3.330600343624581641e+13 1.288344312145851588e-07
3.400411932703702734e+13 1.193858110552054621e-07
3.471686818926559766e+13 1.105705347104474369e-07
3.544455673970435938e+13 1.023513756960763483e-07
3.618749812411284375e+13 9.469082752376961752e-08
3.694601205199309375e+13 8.755385942285221029e-08
3.772042493417008594e+13 8.090928169670740316e-08
3.851107002325568750e+13 7.472719037613104750e-08
3.931828755705770312e+13 6.897764997453278804e-08
4.014242490499309375e+13 6.363273334986953539e-08
4.098383671757252344e+13 5.866751136684965110e-08
4.184288507901575781e+13 5.405814971741057344e-08
4.271993966306776562e+13 4.978093818514775144e-08
4.361537789208005469e+13 4.581378580401364944e-08
4.452958509942659375e+13 4.213692963759786630e-08
4.546295469532408594e+13 3.873152891902841257e-08
4.641588833612791406e+13 3.557895534518121168e-08
4.738879609717650781e+13 3.266187759810218854e-08
4.838209664925957031e+13 2.996476238540902469e-08
4.939621743878305469e+13 2.747284470201818738e-08
5.043159487171348438e+13 2.517161312599115579e-08
5.148867450137487500e+13 2.304758779877511420e-08
5.256791122018419531e+13 2.108866959873712186e-08
5.366976945540475781e+13 1.928339244267602197e-08
5.479472336900292188e+13 1.762055301899114295e-08
5.594325706169388281e+13 1.608976230657551261e-08
5.711586478126446875e+13 1.468168511097653544e-08
5.831305113526218750e+13 1.338750199629052897e-08
5.953533130814369531e+13 1.219864507790056955e-08
6.078323128297210938e+13 1.110718408231827383e-08
6.205728806776487500e+13 1.010598780462759647e-08
6.335804992658241406e+13 9.188340436494828390e-09
6.468607661546320312e+13 8.347754556501533785e-09
6.604193962330304688e+13 7.578237718839782679e-09
6.742622241778349219e+13 6.874399130688182230e-09
6.883952069645510938e+13 6.231178631696669736e-09
7.028244264308367188e+13 5.643715379712896903e-09
7.175560918936920312e+13 5.107529255424273893e-09
7.325965428215229688e+13 4.618589735319007198e-09
7.479522515621796875e+13 4.173126274476004753e-09
7.636298261282225000e+13 3.767536821504823823e-09
7.796360130405220312e+13 3.398509302610833339e-09
7.959777002314978125e+13 3.063064882946360466e-09
8.126619200091945312e+13 2.758426592708507237e-09
8.296958520834914062e+13 2.481956077087772401e-09
8.470868266557418750e+13 2.231233541228766883e-09
8.648423275731743750e+13 2.004084021109088822e-09
8.829699955494082812e+13 1.798487262351504760e-09
9.014776314524917188e+13 1.612534315064815499e-09
9.203731996618229688e+13 1.444479134336367608e-09
9.396648314954671875e+13 1.292753851356647853e-09
9.593608287093126562e+13 1.155907570809469149e-09
9.794696670695385938e+13 1.032576797862864921e-09
1.000000000000000000e+14 9.215180287923822227e-10
1.020960662306047656e+14 8.216161049084760026e-10
1.042360673976403281e+14 7.318430706989397564e-10
1.064209244064726875e+14 6.512381650084773722e-10
1.086515774652537188e+14 5.789279024698883498e-10
1.109289864895222656e+14 5.141302313499105276e-10
1.132541315152812656e+14 4.561271607893433241e-10
1.156280131207372969e+14 4.042513147517810793e-10
1.180516528568803125e+14 3.578979544774724516e-10
1.205260936870841250e+14 3.165267076789660643e-10
1.230524004359261562e+14 2.796435456741893717e-10
1.256316602474121406e+14 2.467918080891635479e-10
1.282649830528062500e+14 2.175591561263688735e-10
1.309535020482670312e+14 1.915779861337021782e-10
1.336983741824945156e+14 1.685136875683514664e-10
1.365007806546013906e+14 1.480586924980643409e-10
1.393619274224143594e+14 1.299363269409097829e-10
1.422830457214349062e+14 1.139005832366293051e-10
1.452653925946778125e+14 9.972855160703107893e-11
1.483102514336102812e+14 8.721650279690084606e-11
1.514189325304351875e+14 7.618190205303758161e-11
1.545927736419478438e+14 6.646292874465368764e-11
1.578331405652119688e+14 5.791365114250470278e-11
1.611414277253023125e+14 5.040146694032551888e-11
1.645190587753660625e+14 4.380807139752496570e-11
1.679674872092653125e+14 3.802893224797749098e-11
1.714881969870540938e+14 3.297024780722413456e-11
1.750827031735719688e+14 2.854728854741877764e-11
1.787525525904231875e+14 2.468479970914782333e-11
1.824993244816150312e+14 2.131653035224093169e-11
1.863246311931559688e+14 1.838333793773910076e-11
1.902301188668945625e+14 1.583212375444351887e-11
1.942174681489028438e+14 1.361595079804492390e-11
1.982883949127075312e+14 1.169366328558209689e-11
2.024446509976801875e+14 1.002871996099341702e-11
2.066880249629082188e+14 8.588517973282510802e-12
2.110203428568596562e+14 7.344382694405661798e-12
2.154434690031877812e+14 6.271280980248740553e-12
2.199593068030070312e+14 5.347112273443629712e-12
2.245697995539771562e+14 4.552284400710041035e-12
2.292769312865648750e+14 3.869657455617152142e-12
2.340827276178294375e+14 3.284338875907728814e-12
2.389892566231052500e+14 2.783258644205746449e-12
2.439986297259555000e+14 2.354906828623284833e-12
2.491130026067785938e+14 1.989270785133829375e-12
2.543345761304648125e+14 1.677695048279126648e-12
2.596655972934872500e+14 1.412630563836769845e-12
2.651083601908530625e+14 1.187474857191567175e-12
2.706652070033235938e+14 9.965184967501095806e-13
2.763385290053167188e+14 8.348529918907512601e-13
2.821307675939470625e+14 6.982251574574377973e-13
2.880444153396298125e+14 5.829415054490685376e-13
2.940820170587066250e+14 4.858281905333635206e-13
3.002461709085555000e+14 4.041726366753591321e-13
3.065395295056535625e+14 3.356404549612875250e-13
3.129648010670750625e+14 2.782193844249079584e-13
3.195247505759213750e+14 2.301917479074320220e-13
3.262222009711659375e+14 1.900987289982484139e-13
3.330600343624581250e+14 1.566938941642597529e-13
3.400411932703702500e+14 1.289110428379714267e-13
3.471686818926559375e+14 1.058464392789255040e-13
3.544455673970435625e+14 8.673769040364918601e-14
3.618749812411283750e+14 7.093829727569785781e-14
3.694601205199310000e+14 5.789966035617652622e-14
3.772042493417008750e+14 4.716021579148375126e-14
3.851107002325568750e+14 3.833336876662049163e-14
3.931828755705770000e+14 3.109388307001400360e-14
4.014242490499310000e+14 2.516807293924696740e-14
4.098383671757253125e+14 2.032747235341145671e-14
4.184288507901576250e+14 1.638217774095884259e-14
4.271993966306776875e+14 1.317375324773728832e-14
4.361537789208005625e+14 1.057003628319780146e-14
4.452958509942660000e+14 8.461610955950823986e-15
4.546295469532408750e+14 6.758263843413728111e-15
4.641588833612791250e+14 5.385387588001021901e-15
4.738879609717650625e+14 4.281313848718453888e-15
4.838209664925956875e+14 3.395432732674217107e-15
4.939621743878305000e+14 2.686374002589073416e-15
5.043159487171348125e+14 2.120238421211914588e-15
5.148867450137486875e+14 1.669273178916123285e-15
5.256791122018418750e+14 1.310911527503512361e-15
5.366976945540476250e+14 1.026874325200343720e-15
5.479472336900293125e+14 8.023282568567685190e-16
5.594325706169389375e+14 6.252509813582317894e-16
5.711586478126446250e+14 4.859616042771456692e-16
5.831305113526218750e+14 3.766941178192946676e-16
5.953533130814370000e+14 2.912106434910539774e-16
6.078323128297211250e+14 2.245084787659870565e-16
6.205728806776487500e+14 1.726005138050569104e-16
6.335804992658241250e+14 1.323209350789921457e-16
6.468607661546320000e+14 1.011541315920496177e-16
6.604193962330305000e+14 7.710485765731677274e-17
6.742622241778348750e+14 5.860012349031182973e-17
6.883952069645510000e+14 4.440445373505736935e-17
7.028244264308366250e+14 3.354720645860866592e-17
7.175560918936921250e+14 2.526744334719789344e-17
7.325965428215230000e+14 1.897211730545125690e-17
7.479522515621797500e+14 1.420075909973177302e-17
7.636298261282225000e+14 1.059591114743543463e-17
7.796360130405220000e+14 7.880759424021778095e-18
7.959777002314977500e+14 5.842168078792974726e-18
8.126619200091946250e+14 4.316652001122013515e-18
8.296958520834916250e+14 3.178892311024298635e-18
8.470868266557420000e+14 2.333087747305689626e-18
8.648423275731745000e+14 1.706415073840146578e-18
8.829699955494082500e+14 1.243731012318850991e-18
9.014776314524917500e+14 9.033252941635995488e-19
9.203731996618230000e+14 6.537430369648849846e-19
9.396648314954671250e+14 4.713957159275193058e-19
9.593608287093126250e+14 3.386636797722668955e-19
9.794696670695385000e+14 2.424056217243442182e-19
1.000000000000000000e+15 1.728524704578613816e-19
1.020960662306047500e+15 1.227824447878065750e-19
1.042360673976403250e+15 8.687851851569432511e-20
1.064209244064722375e+15 6.123354815313587501e-20
1.086515774652537375e+15 4.298663920601444191e-20
1.109289864895222875e+15 3.005466854589891601e-20
1.132541315152812750e+15 2.092720492588722575e-20
1.156280131207377750e+15 1.451160692848652302e-20
1.180516528568803000e+15 1.002049623814549095e-20
1.205260936870841250e+15 6.889663581337183390e-21
1.230524004359261500e+15 4.716577888212583989e-21
1.256316602474121500e+15 3.214837253028498855e-21
1.282649830528062500e+15 2.181506875839126174e-21
1.309535020482665000e+15 1.473613469260005239e-21
1.336983741824945250e+15 9.908860554466061007e-22
1.365007806546013750e+15 6.632210159790108448e-22
1.393619274224143500e+15 4.418226250028278885e-22
1.422830457214354750e+15 2.929237392706531188e-22
1.452653925946778250e+15 1.932681767029954832e-22
1.483102514336102750e+15 1.268951369942312777e-22
1.514189325304352000e+15 8.290239226963715847e-23
1.545927736419478500e+15 5.388729104968180743e-23
1.578331405652119500e+15 3.484844659076850060e-23
1.611414277253016750e+15 2.242003247884316973e-23
1.645190587753660750e+15 1.434832425693637415e-23
1.679674872092653250e+15 9.133469451812308067e-24
1.714881969870541000e+15 5.782542601701686039e-24
1.750827031735726750e+15 3.641048470995527331e-24
1.787525525904231750e+15 2.279883532302293363e-24
1.824993244816150500e+15 1.419490798625079245e-24
1.863246311931559750e+15 8.787455178126645580e-25
1.902301188668945750e+15 5.408519165867225823e-25
1.942174681489028250e+15 3.309251887176172745e-25
1.982883949127067250e+15 2.012658381405318551e-25
2.024446509976801750e+15 1.216673191973321634e-25
2.066880249629082000e+15 7.309932482301607716e-26
2.110203428568596500e+15 4.364526489620259893e-26
2.154434690031886500e+15 2.589375893084549202e-26
2.199593068030070500e+15 1.526370226229451753e-26
2.245697995539771750e+15 8.939249856856742118e-27
2.292769312865648500e+15 5.200733071497672321e-27
2.340827276178294500e+15 3.005365413384740452e-27
2.389892566231052500e+15 1.724921979820186118e-27
2.439986297259545000e+15 9.832142077527472133e-28
2.491130026067786000e+15 5.565140672009458631e-28
2.543345761304648500e+15 3.127499594593391235e-28
2.596655972934872000e+15 1.744934461618287371e-28
2.651083601908541500e+15 9.664648529104690452e-29
2.706652070033235500e+15 5.313217233507999250e-29
2.763385290053167000e+15 2.898905707729970161e-29
2.821307675939470500e+15 1.569569110955205929e-29
2.880444153396297500e+15 8.432532875087376280e-30
2.940820170587066500e+15 4.494721719465904584e-30
3.002461709085543000e+15 2.376575341048177820e-30
3.065395295056523500e+15 1.246425086663628421e-30
3.129648010670750500e+15 6.483430087387412967e-31
3.195247505759214000e+15 3.344257016990686760e-31
3.262222009711673500e+15 1.710344563878422911e-31
3.330600343624582000e+15 8.671920001885843091e-32
3.400411932703702500e+15 4.358624116950224230e-32
3.471686818926559500e+15 2.171271322737887828e-32
3.544455673970435500e+15 1.071860189672216108e-32
3.618749812411284000e+15 5.242960161260895107e-33
3.694601205199294500e+15 2.540858429992591264e-33
3.772042493416993500e+15 1.219757528884593151e-33
3.851107002325568500e+15 5.799360001749692602e-34
3.931828755705770000e+15 2.730557615596420226e-34
4.014242490499326000e+15 1.273017767752925817e-34
4.098383671757253000e+15 5.875547760828607123e-35
4.184288507901576000e+15 2.684186248653946363e-35
4.271993966306776500e+15 1.213596722359824284e-35
4.361537789208006000e+15 5.429707369588128428e-36
4.452958509942660000e+15 2.403436290343299540e-36
4.546295469532390000e+15 1.052343320811919912e-36
4.641588833612773000e+15 4.557152323125250686e-37
4.738879609717651000e+15 1.951547236850795893e-37
4.838209664925957000e+15 8.262709280658820380e-38
4.939621743878326000e+15 3.458061630357055240e-38
5.043159487171349000e+15 1.430367530761444625e-38
5.148867450137487000e+15 5.846559206507436572e-39
5.256791122018419000e+15 2.360986412374250480e-39
5.366976945540476000e+15 9.417379994038691028e-40
5.479472336900292000e+15 3.709734088967484913e-40
5.594325706169389000e+15 1.442976487465755887e-40
5.711586478126423000e+15 5.540843609414114675e-41
5.831305113526218000e+15 2.099855309838429812e-41
5.953533130814370000e+15 7.852838805297133247e-42
6.078323128297236000e+15 2.897408133666282216e-42
6.205728806776513000e+15 1.054454888708155784e-42
6.335804992658241000e+15 3.784177548102349871e-43
6.468607661546321000e+15 1.338939966444204671e-43
6.604193962330306000e+15 4.669951019131675309e-44
6.742622241778349000e+15 1.605120373269542327e-44
6.883952069645510000e+15 5.435373948945948288e-45
7.028244264308338000e+15 1.812976503372459029e-45
7.175560918936921000e+15 5.955312289825008822e-46
7.325965428215230000e+15 1.925933177686614445e-46
7.479522515621829000e+15 6.130230080031426773e-47
7.636298261282257000e+15 1.920076557554520956e-47
7.796360130405221000e+15 5.916540675560777184e-48
7.959777002314978000e+15 1.793044528189442300e-48
8.126619200091945000e+15 5.342620109314854143e-49
8.296958520834915000e+15 1.564794192219319938e-49
8.470868266557420000e+15 4.503946886587466229e-50
8.648423275731709000e+15 1.273561273133920647e-50
8.829699955494083000e+15 3.536665243759377852e-51
9.014776314524918000e+15 9.642887546333411944e-52
9.203731996618230000e+15 2.580739287799067290e-52
9.396648314954710000e+15 6.777240860897718364e-53
9.593608287093126000e+15 1.745744434362879564e-53
9.794696670695384000e+15 4.409710282675767687e-54
