1.020960662306047603e+07 1.734238170516829030e+02
1.042360673976401053e+07 1.701805635476755754e+02
1.064209244064724632e+07 1.669979254113922877e+02
1.086515774652537145e+07 1.638754952237813711e+02
1.109289864895222709e+07 1.608119603413329628e+02
1.132541315152812563e+07 1.578055008517123383e+02
1.156280131207375228e+07 1.548552130666580240e+02
1.180516528568805568e+07 1.519607227119267634e+02
1.205260936870841496e+07 1.491208129120178114e+02
1.230524004359261692e+07 1.463337945206785093e+02
1.256316602474121563e+07 1.435988310645029458e+02
1.282649830528059974e+07 1.409155787687460588e+02
1.309535020482667536e+07 1.382829095074634438e+02
1.336983741824945062e+07 1.356992554466395973e+02
1.365007806546013802e+07 1.331638423196552026e+02
1.393619274224143475e+07 1.306763544133221728e+02
1.422830457214351930e+07 1.282357458508557499e+02
1.452653925946781226e+07 1.258405613411277812e+02
1.483102514336102828e+07 1.234900841917998946e+02
1.514189325304351933e+07 1.211840245060545840e+02
1.545927736419478431e+07 1.189214126326610312e+02
1.578331405652116425e+07 1.167008976938056435e+02
1.611414277253019996e+07 1.145218162831981061e+02
1.645190587753660791e+07 1.123839022520845674e+02
1.679674872092653066e+07 1.102862565942043744e+02
1.714881969870540872e+07 1.082276253057160318e+02
1.750827031735723466e+07 1.062073942990375599e+02
1.787525525904235244e+07 1.042253192681322531e+02
1.824993244816150516e+07 1.022805666811467091e+02
1.863246311931559816e+07 1.003719724167907401e+02
1.902301188668945804e+07 9.849896803394651101e+01
1.942174681489024311e+07 9.666132931534959027e+01
1.982883949127071351e+07 9.485828341368642214e+01
2.024446509976801649e+07 9.308874960562199874e+01
2.066880249629081786e+07 9.135220169765530329e+01
2.110203428568596393e+07 8.964843394703710544e+01
2.154434690031882003e+07 8.797672975222025116e+01
2.199593068030074611e+07 8.633608577365151859e+01
2.245697995539776236e+07 8.472601492129000178e+01
2.292769312865648791e+07 8.314632843891187974e+01
2.340827276178294048e+07 8.159636185901014471e+01
2.389892566231048107e+07 8.007518364785153153e+01
2.439986297259550542e+07 7.858234290849831893e+01
2.491130026067791134e+07 7.711766650228402398e+01
2.543345761304648221e+07 7.568053828512910286e+01
2.596655972934872285e+07 7.427009335563312220e+01
2.651083601908536255e+07 7.288591431692444189e+01
2.706652070033241063e+07 7.152784238748105849e+01
2.763385290053172782e+07 7.019530621498823564e+01
2.821307675939470530e+07 6.888750273261752000e+01
2.880444153396297619e+07 6.760404555103761481e+01
2.940820170587060601e+07 6.634478908492444305e+01
3.002461709085549042e+07 6.510920350278810531e+01
3.065395295056529716e+07 6.389654312110210554e+01
3.129648010670750216e+07 6.270645025110609083e+01
3.195247505759213492e+07 6.153879143613549019e+01
3.262222009711666778e+07 6.039307533329677113e+01
3.330600343624588847e+07 5.926860951401390309e+01
3.400411932703709602e+07 5.816506285532626208e+01
3.471686818926559389e+07 5.708231304542374573e+01
3.544455673970435560e+07 5.601990442123579328e+01
3.618749812411276251e+07 5.497719397942350383e+01
3.694601205199302733e+07 5.395387518654322889e+01
3.772042493417001516e+07 5.294983597168425149e+01
3.851107002325568348e+07 5.196465374757708844e+01
3.931828755705770105e+07 5.099773138324481891e+01
4.014242490499317646e+07 5.004878510686907589e+01
4.098383671757261455e+07 4.911771225501883009e+01
4.184288507901584357e+07 4.820412090372187919e+01
4.271993966306776553e+07 4.730745649906904049e+01
4.361537789208005369e+07 4.642745633816514328e+01
4.452958509942659736e+07 4.556402639887777895e+01
4.546295469532398880e+07 4.471680318480746763e+01
4.641588833612781763e+07 4.388527166148166714e+01
4.738879609717650712e+07 4.306918862849521901e+01
4.838209664925957471e+07 4.226846800036684471e+01
4.939621743878325820e+07 4.148277263579246465e+01
5.043159487171358615e+07 4.071162418337401334e+01
5.148867450137497485e+07 3.995479749548866266e+01
5.256791122018418461e+07 3.921221377451826129e+01
5.366976945540475845e+07 3.848356031410128963e+01
5.479472336900292337e+07 3.776839281421364802e+01
5.594325706169377267e+07 3.706650283815773150e+01
5.711586478126434237e+07 3.637781827946646729e+01
5.831305113526218385e+07 3.570204908699444957e+01
5.953533130814369768e+07 3.503878257040994981e+01
6.078323128297235817e+07 3.438782576201387542e+01
6.205728806776500493e+07 3.374911269781103584e+01
6.335804992658253759e+07 3.312237433201971726e+01
6.468607661546321213e+07 3.250722731868215476e+01
6.604193962330305576e+07 3.190349300976361491e+01
6.742622241778348386e+07 3.131111107878857780e+01
6.883952069645495713e+07 3.072983195643904963e+01
7.028244264308351278e+07 3.015929953913158101e+01
7.175560918936920166e+07 2.959934843450195174e+01
7.325965428215231001e+07 2.904992348955170556e+01
7.479522515621829033e+07 2.851079319413693369e+01
7.636298261282241344e+07 2.798162673671844658e+01
7.796360130405236781e+07 2.746227099576877606e+01
7.959777002314977348e+07 2.695267556478726334e+01
8.126619200091944635e+07 2.645262567953662014e+01
8.296958520834915340e+07 2.596181401039830661e+01
8.470868266557401419e+07 2.548009879523649346e+01
8.648423275731725991e+07 2.500743398176114951e+01
8.829699955494081974e+07 2.454362033387842956e+01
9.014776314524917305e+07 2.408837232446105858e+01
9.203731996618229151e+07 2.364155870711341834e+01
9.396648314954690635e+07 2.320313742291544656e+01
9.593608287093147635e+07 2.277292363525471686e+01
9.794696670695386827e+07 2.235065206099831769e+01
1.000000000000000000e+08 2.193620118859846713e+01
1.020960662306047529e+08 2.152953262072424323e+01
1.042360673976403177e+08 2.113047487415003545e+01
1.064209244064722359e+08 2.073878146330140382e+01
1.086515774652537256e+08 2.035433988855944065e+01
1.109289864895222783e+08 1.997711510952604996e+01
1.132541315152812600e+08 1.960694802643805090e+01
1.156280131207377762e+08 1.924360960891761607e+01
1.180516528568803072e+08 1.888699570022022911e+01
1.205260936870841384e+08 1.853707433672028770e+01
1.230524004359261543e+08 1.819369790310397050e+01
1.256316602474121451e+08 1.785665357833264366e+01
1.282649830528062433e+08 1.752584492919893933e+01
1.309535020482665002e+08 1.720124281144469336e+01
1.336983741824945360e+08 1.688271026076115433e+01
1.365007806546013653e+08 1.657004950917736608e+01
1.393619274224143326e+08 1.626317127367279269e+01
1.422830457214354575e+08 1.596204899292111001e+01
1.452653925946778059e+08 1.566655558089293265e+01
1.483102514336102903e+08 1.537650724949500258e+01
1.514189325304352045e+08 1.509182133522373093e+01
1.545927736419478357e+08 1.481247364242854125e+01
1.578331405652119517e+08 1.453834624703907075e+01
1.611414277253016531e+08 1.426926834459521487e+01
1.645190587753660679e+08 1.400516339989500736e+01
1.679674872092653215e+08 1.374600938351364654e+01
1.714881969870540798e+08 1.349169686912801147e+01
1.750827031735726893e+08 1.324206711126878311e+01
1.787525525904231668e+08 1.299704924829369723e+01
1.824993244816150367e+08 1.275662323373616402e+01
1.863246311931559741e+08 1.252068752333518198e+01
1.902301188668946028e+08 1.228909457223804047e+01
1.942174681489028633e+08 1.206177877135675303e+01
1.982883949127075374e+08 1.183872188901930045e+01
2.024446509976801872e+08 1.161982969207877225e+01
2.066880249629082084e+08 1.140496503948440399e+01
2.110203428568596542e+08 1.119406718505240050e+01
2.154434690031886399e+08 1.098711955747906366e+01
2.199593068030070364e+08 1.078403470532901842e+01
2.245697995539771616e+08 1.058468515166615553e+01
2.292769312865648568e+08 1.038901465249777623e+01
2.340827276178294122e+08 1.019700815509934166e+01
2.389892566231052577e+08 1.000858449894971969e+01
2.439986297259555161e+08 9.823625184457506876e+00
2.491130026067785919e+08 9.642078135915200576e+00
2.543345761304648221e+08 9.463929689099702003e+00
2.596655972934872508e+08 9.289104519242712854e+00
2.651083601908541918e+08 9.117492466575473742e+00
2.706652070033235550e+08 8.949045314493645265e+00
2.763385290053166747e+08 8.783750667921589539e+00
2.821307675939470530e+08 8.621538615851058296e+00
2.880444153396297693e+08 8.462306746361505816e+00
2.940820170587067008e+08 8.306010415755727294e+00
3.002461709085555673e+08 8.152638388624312782e+00
3.065395295056523085e+08 8.002125776369656052e+00
3.129648010670750141e+08 7.854377365283656154e+00
3.195247505759213567e+08 7.709351819676560247e+00
3.262222009711673260e+08 7.567038963373412308e+00
3.330600343624581695e+08 7.427378567238923424e+00
3.400411932703702450e+08 7.290282105481672659e+00
3.471686818926559091e+08 7.155711305135223910e+00
3.544455673970435262e+08 7.023656957169218451e+00
3.618749812411283851e+08 6.894063155361031647e+00
3.694601205199309587e+08 6.766847587948864984e+00
3.772042493416993618e+08 6.641974817668179654e+00
3.851107002325568795e+08 6.519436518157681881e+00
3.931828755705770254e+08 6.399180794012673701e+00
4.014242490499325991e+08 6.281131107486821463e+00
4.098383671757252812e+08 6.165254646770849334e+00
4.184288507901575565e+08 6.051543890804307324e+00
4.271993966306776404e+08 5.939950665540139951e+00
4.361537789208005667e+08 5.830403798610079846e+00
4.452958509942659736e+08 5.722872909052191481e+00
4.546295469532408714e+08 5.617351210178791021e+00
4.641588833612772226e+08 5.513793980854837962e+00
4.738879609717651010e+08 5.412135034600317418e+00
4.838209664925957322e+08 5.312346241135616154e+00
4.939621743878325820e+08 5.214421483177686945e+00
5.043159487171348333e+08 5.118319243496290305e+00
5.148867450137487054e+08 5.023977969077523476e+00
5.256791122018419504e+08 4.931371613540371790e+00
5.366976945540476441e+08 4.840494669459967980e+00
5.479472336900292635e+08 4.751308592591115598e+00
5.594325706169389486e+08 4.663756136066704805e+00
5.711586478126422167e+08 4.577813182982998441e+00
5.831305113526217937e+08 4.493474781258434803e+00
5.953533130814369917e+08 4.410705145438470254e+00
6.078323128297235966e+08 4.329451030811962475e+00
6.205728806776486635e+08 4.249690106955431368e+00
6.335804992658240795e+08 4.171417927243398438e+00
6.468607661546320915e+08 4.094601266339692458e+00
6.604193962330304384e+08 4.019190599308991807e+00
6.742622241778348684e+08 3.945165249849189149e+00
6.883952069645509720e+08 3.872521231105391593e+00
7.028244264308338165e+08 3.801227693576606725e+00
7.175560918936921358e+08 3.731238569819183670e+00
7.325965428215229511e+08 3.662534715103718419e+00
7.479522515621827841e+08 3.595112560566219528e+00
7.636298261282258034e+08 3.528943461577003227e+00
7.796360130405220985e+08 3.463984564553778789e+00
7.959777002314977646e+08 3.400218142878051797e+00
8.126619200091946125e+08 3.337641007444543284e+00
8.296958520834914446e+08 3.276226559917546854e+00
8.470868266557419300e+08 3.215934934254015776e+00
8.648423275731709003e+08 3.156749716902277569e+00
8.829699955494083166e+08 3.098668063543737361e+00
9.014776314524917603e+08 3.041665275042457317e+00
9.203731996618230343e+08 2.985704262643652740e+00
9.396648314954710007e+08 2.930769828587745263e+00
9.593608287093126774e+08 2.876859441402383588e+00
9.794696670695385933e+08 2.823950164671954699e+00
1.000000000000000000e+09 2.772007491600618323e+00
1.020960662306047559e+09 2.721017350174181004e+00
1.042360673976403356e+09 2.670977492557179200e+00
1.064209244064726830e+09 2.621866618446429875e+00
1.086515774652537346e+09 2.573652621538683238e+00
1.109289864895222664e+09 2.526322472185475121e+00
1.132541315152812481e+09 2.479874179509651722e+00
1.156280131207372904e+09 2.434287961864856964e+00
1.180516528568803072e+09 2.389533944828270418e+00
1.205260936870841503e+09 2.345600063916158717e+00
1.230524004359261513e+09 2.302484560854914264e+00
1.256316602474121332e+09 2.260169063671496836e+00
1.282649830528062582e+09 2.218625773165327164e+00
1.309535020482670307e+09 2.177843518544620327e+00
1.336983741824945211e+09 2.137820751892311577e+00
1.365007806546013832e+09 2.098540409803387075e+00
1.393619274224143505e+09 2.059976622731747309e+00
1.422830457214349031e+09 2.022119047394986602e+00
1.452653925946778297e+09 1.984966325946190491e+00
1.483102514336102724e+09 1.948502609727827073e+00
1.514189325304351807e+09 1.912703823584421370e+00
1.545927736419478655e+09 1.877560390462982953e+00
1.578331405652119875e+09 1.843071124082575674e+00
1.611414277253023148e+09 1.809221303484387144e+00
1.645190587753660679e+09 1.775988522202563313e+00
1.679674872092653036e+09 1.743363912678731031e+00
1.714881969870540857e+09 1.711346443325837630e+00
1.750827031735726833e+09 1.679922440110287685e+00
1.787525525904231787e+09 1.649071048441691500e+00
1.824993244816150427e+09 1.618784057720753289e+00
1.863246311931559801e+09 1.589060575680025789e+00
1.902301188668945789e+09 1.559887900257723281e+00
1.942174681489028454e+09 1.531246620180103379e+00
1.982883949127075434e+09 1.503129133163125797e+00
2.024446509976801872e+09 1.475534672253937973e+00
2.066880249629082203e+09 1.448451437812715792e+00
2.110203428568596601e+09 1.421861360981389488e+00
2.154434690031886578e+09 1.395757402752686227e+00
2.199593068030070305e+09 1.370138908742399186e+00
2.245697995539771557e+09 1.344994917184567207e+00
2.292769312865648746e+09 1.320308607860691374e+00
2.340827276178294182e+09 1.296073463332966469e+00
2.389892566231052876e+09 1.272288930190489831e+00
2.439986297259555340e+09 1.248944824640591422e+00
2.491130026067785740e+09 1.226025487936476699e+00
2.543345761304647923e+09 1.203524885595322891e+00
2.596655972934872150e+09 1.181442554634164699e+00
2.651083601908541679e+09 1.159769033644427960e+00
2.706652070033235550e+09 1.138489744323572417e+00
2.763385290053166866e+09 1.117599099388635553e+00
2.821307675939470768e+09 1.097096716701682961e+00
2.880444153396297932e+09 1.076973805641924020e+00
2.940820170587066650e+09 1.057216793037591085e+00
3.002461709085555077e+09 1.037820505694362128e+00
3.065395295056523800e+09 1.018784633614243873e+00
3.129648010670750618e+09 1.000101009083021797e+00
3.195247505759213448e+09 9.817569940391419614e-01
3.262222009711673260e+09 9.637477987198251883e-01
3.330600343624581814e+09 9.460731773704973424e-01
3.400411932703702450e+09 9.287255407364689574e-01
3.471686818926559448e+09 9.116931207735107234e-01
3.544455673970435619e+09 8.949714827633892256e-01
3.618749812411283970e+09 8.785604380312292960e-01
3.694601205199309826e+09 8.624529345282486714e-01
3.772042493416993618e+09 8.466380137105646853e-01
3.851107002325568676e+09 8.311115696170079392e-01
3.931828755705770016e+09 8.158734641618684558e-01
4.014242490499325752e+09 8.009171442120517348e-01
4.098383671757252693e+09 7.862324044533668399e-01
4.184288507901576042e+09 7.718154433426939187e-01
4.271993966306777000e+09 7.576661675070541779e-01
4.361537789208005905e+09 7.437784871815799059e-01
4.452958509942660332e+09 7.301428979669031261e-01
4.546295469532408714e+09 7.167558801985088879e-01
4.641588833612771988e+09 7.036173798968035076e-01
4.738879609717651367e+09 6.907217376719926305e-01
4.838209664925957680e+09 6.780601013904676844e-01
4.939621743878325462e+09 6.656292123962083140e-01
5.043159487171347618e+09 6.534290512975092780e-01
5.148867450137486458e+09 6.414543584481247063e-01
5.256791122018419266e+09 6.296968887430689499e-01
5.366976945540475845e+09 6.181536252088959404e-01
5.479472336900292397e+09 6.068245787023701654e-01
5.594325706169388771e+09 5.957048608846183813e-01
5.711586478126422882e+09 5.847867916109312780e-01
5.831305113526218414e+09 5.740675776945749487e-01
5.953533130814370155e+09 5.635472563266199497e-01
6.078323128297236443e+09 5.532212840768604423e-01
6.205728806776488304e+09 5.430825066358115905e-01
6.335804992658241272e+09 5.331283380334352895e-01
6.468607661546320915e+09 5.233588382685130380e-01
6.604193962330305099e+09 5.137697843082771332e-01
6.742622241778348923e+09 5.043545112932026342e-01
6.883952069645509720e+09 4.951106251251258805e-01
7.028244264308338165e+09 4.860382054356376935e-01
7.175560918936921120e+09 4.771333268341595435e-01
7.325965428215229988e+09 4.683897800681828816e-01
7.479522515621828079e+09 4.598053487023848751e-01
7.636298261282225609e+09 4.513801291487392064e-01
7.796360130405220985e+09 4.431104725295248459e-01
7.959777002314977646e+09 4.349905937213742746e-01
8.126619200091945648e+09 4.270184407936885029e-01
8.296958520834915161e+09 4.191941243790790472e-01
8.470868266557419777e+09 4.115142524942870250e-01
8.648423275731708527e+09 4.039734348637150085e-01
8.829699955494083405e+09 3.965697718777058123e-01
9.014776314524917603e+09 3.893033860958384773e-01
9.203731996618228912e+09 3.821711242123825847e-01
9.396648314954671860e+09 3.751679635608037300e-01
9.593608287093128204e+09 3.682921455703812019e-01
9.794696670695384979e+09 3.615438026757847312e-01
1.000000000000000000e+10 3.549200033319324654e-01
1.020960662306047440e+10 3.484160671429366585e-01
1.042360673976403236e+10 3.420303661291563269e-01
1.064209244064726830e+10 3.357630407674636608e-01
1.086515774652537155e+10 3.296113655651704555e-01
1.109289864895222664e+10 3.235709788227246198e-01
1.132541315152812576e+10 3.176403734774711496e-01
1.156280131207373047e+10 3.118196964152450956e-01
1.180516528568803024e+10 3.061064136073731179e-01
1.205260936870841217e+10 3.004964601180291628e-01
1.230524004359261703e+10 2.949884408427073113e-01
1.256316602474121475e+10 2.895825076242340979e-01
1.282649830528062630e+10 2.842763043498877096e-01
1.309535020482670403e+10 2.790660424403760831e-01
1.336983741824945259e+10 2.739504304534929879e-01
1.365007806546013641e+10 2.689296239011580991e-01
1.393619274224143410e+10 2.640014320042309848e-01
1.422830457214348984e+10 2.591623235507120593e-01
1.452653925946778107e+10 2.544111030793220207e-01
1.483102514336102867e+10 2.497479286314980562e-01
1.514189325304351997e+10 2.451707630750007971e-01
1.545927736419478416e+10 2.406763148960804621e-01
1.578331405652119637e+10 2.362634775005506282e-01
1.611414277253023148e+10 2.319324104539494669e-01
1.645190587753660774e+10 2.276812194171877468e-01
1.679674872092653275e+10 2.235068361311813023e-01
1.714881969870541000e+10 2.194082362821561938e-01
1.750827031735726929e+10 2.153855800759583161e-01
1.787525525904231644e+10 2.114371058844553286e-01
1.824993244816150284e+10 2.075599534008391867e-01
1.863246311931559753e+10 2.037531744919703347e-01
1.902301188668945694e+10 2.000169292301051116e-01
1.942174681489028549e+10 1.963495793333427386e-01
1.982883949127075195e+10 1.927484582049746598e-01
2.024446509976801682e+10 1.892126882441063640e-01
2.066880249629082108e+10 1.857424287147112218e-01
2.110203428568596649e+10 1.823361559820423361e-01
2.154434690031886673e+10 1.789913839033803189e-01
2.199593068030070114e+10 1.757073001800769918e-01
2.245697995539771652e+10 1.724840626822969347e-01
2.292769312865648651e+10 1.693202543411852501e-01
2.340827276178294373e+10 1.662135571296158576e-01
2.389892566231052399e+10 1.631632192079766619e-01
2.439986297259555435e+10 1.601693965473979797e-01
2.491130026067786026e+10 1.572307711378014561e-01
2.543345761304648209e+10 1.543451815822839412e-01
2.596655972934872437e+10 1.515119320155682292e-01
2.651083601908541489e+10 1.487311760768214308e-01
2.706652070033235550e+10 1.460016878403067320e-01
2.763385290053166962e+10 1.433214518476105537e-01
2.821307675939470673e+10 1.406898240550046586e-01
2.880444153396297836e+10 1.381069554017451684e-01
2.940820170587066650e+10 1.355717055667129967e-01
3.002461709085555267e+10 1.330821950764608241e-01
3.065395295056523514e+10 1.306378278632267520e-01
3.129648010670750427e+10 1.282387518567639217e-01
3.195247505759213638e+10 1.258839063203270880e-01
3.262222009711672974e+10 1.235715384982765258e-01
3.330600343624581909e+10 1.213010967382152083e-01
3.400411932703702927e+10 1.190727257027229952e-01
3.471686818926559448e+10 1.168854386457185979e-01
3.544455673970435333e+10 1.147376009012078951e-01
3.618749812411283875e+10 1.126287019349615504e-01
3.694601205199309540e+10 1.105588829313683547e-01
3.772042493416993713e+10 1.085272259374091969e-01
3.851107002325569153e+10 1.065322063429083727e-01
3.931828755705770111e+10 1.045733516787622497e-01
4.014242490499325562e+10 1.026507994814977315e-01
4.098383671757252502e+10 1.007636957616405565e-01
4.184288507901576233e+10 9.891061848378213117e-02
4.271993966306776428e+10 9.709113041690395352e-02
4.361537789208005524e+10 9.530536531718435123e-02
4.452958509942659760e+10 9.355252867063326705e-02
4.546295469532408905e+10 9.183129405013647217e-02
4.641588833612772369e+10 9.014125684501049507e-02
4.738879609717650604e+10 8.848254693135766680e-02
4.838209664925956726e+10 8.685442510004534600e-02
4.939621743878325653e+10 8.525565404429648331e-02
5.043159487171348572e+10 8.368585935000165399e-02
5.148867450137487030e+10 8.214516694247375739e-02
5.256791122018418884e+10 8.063288904154060355e-02
5.366976945540475464e+10 7.914787141827092642e-02
5.479472336900292206e+10 7.768976761080581550e-02
5.594325706169388580e+10 7.625869954867829648e-02
5.711586478126422882e+10 7.485402727846077187e-02
5.831305113526218414e+10 7.347467402113438961e-02
5.953533130814369965e+10 7.212031918903324956e-02
6.078323128297235870e+10 7.079108069345561860e-02
6.205728806776487732e+10 6.948636305984608186e-02
6.335804992658241272e+10 6.820516171681506590e-02
6.468607661546320343e+10 6.694718002679476976e-02
6.604193962330305481e+10 6.571253188027734171e-02
6.742622241778349304e+10 6.450066316979255476e-02
6.883952069645510864e+10 6.331063664846338368e-02
7.028244264308338928e+10 6.214217784716556670e-02
7.175560918936921692e+10 6.099539665032093633e-02
7.325965428215229797e+10 5.986977742529103752e-02
7.479522515621827698e+10 5.876444570051754523e-02
7.636298261282226562e+10 5.767914752584999555e-02
7.796360130405221558e+10 5.661398880942038192e-02
7.959777002314976501e+10 5.556848970488210970e-02
8.126619200091944885e+10 5.454183427792823335e-02
8.296958520834915161e+10 5.353378757011144351e-02
8.470868266557418823e+10 5.254445155606047441e-02
8.648423275731707764e+10 5.157337967653029265e-02
8.829699955494082642e+10 5.061981058595256544e-02
9.014776314524917603e+10 4.968352690348529915e-02
9.203731996618229675e+10 4.876462672421578298e-02
9.396648314954670715e+10 4.786269445276683521e-02
9.593608287093125916e+10 4.697701965321569167e-02
9.794696670695385742e+10 4.610740121309230694e-02
1.000000000000000000e+11 4.525393341149102494e-02
1.020960662306047516e+11 4.441622945705816367e-02
1.042360673976403351e+11 4.359362639535587641e-02
1.064209244064726715e+11 4.278593817009917338e-02
1.086515774652537231e+11 4.199325531599631262e-02
1.109289864895222778e+11 4.121521783775809050e-02
1.132541315152812653e+11 4.045120706776440117e-02
1.156280131207372894e+11 3.970105088372659352e-02
1.180516528568803101e+11 3.896483615429300468e-02
1.205260936870841370e+11 3.824222781331322596e-02
1.230524004359261475e+11 3.753264850287520160e-02
1.256316602474121399e+11 3.683593899568158442e-02
1.282649830528062439e+11 3.615218257821716658e-02
1.309535020482670288e+11 3.548106737767022650e-02
1.336983741824945221e+11 3.482205457120536585e-02
1.365007806546013794e+11 3.417499686460989672e-02
1.393619274224143372e+11 3.353997405059330750e-02
1.422830457214349060e+11 3.291669583570668023e-02
1.452653925946778259e+11 3.230465934609714346e-02
1.483102514336102905e+11 3.170372833013029856e-02
1.514189325304352112e+11 3.111397917870821483e-02
1.545927736419478455e+11 3.053514167695752998e-02
1.578331405652119751e+11 2.996674648950554964e-02
1.611414277253023071e+11 2.940866758288746344e-02
1.645190587753660583e+11 2.886097804089208033e-02
1.679674872092653198e+11 2.832342633164107448e-02
1.714881969870540771e+11 2.779557441124429901e-02
1.750827031735719604e+11 2.727730570122493398e-02
1.787525525904231873e+11 2.676869007493865027e-02
1.824993244816150513e+11 2.626949338568893011e-02
1.863246311931559753e+11 2.577930678635544093e-02
1.902301188668945618e+11 2.529802244695225633e-02
1.942174681489028320e+11 2.482570712841665125e-02
1.982883949127075500e+11 2.436214286227017869e-02
2.024446509976802063e+11 2.390694804531293127e-02
2.066880249629082031e+11 2.346002294203209174e-02
2.110203428568596497e+11 2.302143129971112590e-02
2.154434690031877747e+11 2.259097020557801483e-02
2.199593068030070190e+11 2.216828347960517892e-02
2.245697995539771729e+11 2.175327887535890084e-02
2.292769312865648804e+11 2.134601722546747293e-02
2.340827276178294067e+11 2.094630962885685177e-02
2.389892566231052551e+11 2.055382363100001150e-02
2.439986297259555054e+11 2.016847391411827686e-02
2.491130026067796021e+11 1.979031849501829143e-02
2.543345761304648132e+11 1.941918151327145028e-02
2.596655972934872437e+11 1.905475265679582031e-02
2.651083601908530884e+11 1.869695301775024798e-02
2.706652070033235779e+11 1.834583789535363871e-02
2.763385290053167114e+11 1.800124356658149016e-02
2.821307675939470825e+11 1.766288038556119988e-02
2.880444153396297607e+11 1.733067537425100543e-02
2.940820170587066650e+11 1.700468121159881205e-02
3.002461709085555420e+11 1.668474547178411607e-02
3.065395295056536255e+11 1.637059779841689225e-02
3.129648010670750732e+11 1.606217069884436494e-02
3.195247505759213257e+11 1.575951432784923958e-02
3.262222009711659546e+11 1.546248677522659050e-02
3.330600343624581909e+11 1.517083569004604691e-02
3.400411932703702393e+11 1.488449865371709729e-02
3.471686818926559448e+11 1.460352339151613048e-02
3.544455673970435181e+11 1.432777778174716687e-02
3.618749812411284180e+11 1.405702628130806389e-02
3.694601205199309692e+11 1.379121116496976121e-02
3.772042493417008667e+11 1.353037782149934393e-02
3.851107002325568848e+11 1.327440324125623780e-02
3.931828755705770264e+11 1.302306757182742497e-02
4.014242490499309692e+11 1.277631742902002668e-02
4.098383671757252808e+11 1.253419595624462139e-02
4.184288507901575928e+11 1.229658862655401419e-02
4.271993966306776123e+11 1.206329023611348375e-02
4.361537789208005371e+11 1.183425141568595490e-02
4.452958509942659912e+11 1.160951315249879497e-02
4.546295469532408447e+11 1.138896881673387602e-02
4.641588833612791138e+11 1.117242688092457553e-02
4.738879609717650757e+11 1.095984168903735116e-02
4.838209664925957031e+11 1.075125215917908245e-02
4.939621743878305664e+11 1.054655901380265222e-02
5.043159487171348267e+11 1.034558349477357996e-02
5.148867450137487183e+11 1.014828338001006781e-02
5.256791122018419189e+11 9.954695603369459814e-03
5.366976945540476074e+11 9.764727732580205655e-03
5.479472336900292969e+11 9.578212932536163751e-03
5.594325706169388428e+11 9.395112156699197623e-03
5.711586478126446533e+11 9.215460437269066413e-03
5.831305113526218262e+11 9.039171715464790202e-03
5.953533130814368896e+11 8.866090289514511405e-03
6.078323128297211914e+11 8.696180049313894517e-03
6.205728806776488037e+11 8.529474205671426501e-03
6.335804992658240967e+11 8.365892634250041149e-03
6.468607661546320801e+11 8.205290029693687245e-03
6.604193962330305176e+11 8.047632997082379211e-03
6.742622241778348389e+11 7.892953003737377890e-03
6.883952069645510254e+11 7.741175451163126268e-03
7.028244264308366699e+11 7.592164742705529226e-03
7.175560918936921387e+11 7.445889993920461365e-03
7.325965428215229492e+11 7.302381004147156726e-03
7.479522515621828613e+11 7.161568320452171843e-03
7.636298261282225342e+11 7.023325413036839507e-03
7.796360130405220947e+11 6.887623718533313413e-03
7.959777002314978027e+11 6.754491441409272469e-03
8.126619200091945801e+11 6.623863920350666137e-03
8.296958520834915771e+11 6.495623093337309951e-03
8.470868266557419434e+11 6.369742542847548449e-03
8.648423275731743164e+11 6.246248949190721066e-03
8.829699955494082031e+11 6.125082113224024349e-03
9.014776314524916992e+11 6.006131881508208065e-03
9.203731996618229980e+11 5.889373820262461950e-03
9.396648314954670410e+11 5.774833153957521260e-03
9.593608287093126221e+11 5.662453838966170425e-03
9.794696670695385742e+11 5.552133108416554275e-03
1.000000000000000000e+12 5.443848362308586174e-03
1.020960662306047485e+12 5.337623435226965252e-03
1.042360673976403198e+12 5.233406153596251512e-03
1.064209244064726929e+12 5.131100649782430537e-03
1.086515774652537354e+12 5.030686018847456073e-03
1.109289864895222656e+12 4.932184769098322402e-03
1.132541315152812744e+12 4.835548331268806066e-03
1.156280131207372803e+12 4.740687281973183023e-03
1.180516528568802979e+12 4.647582283023634839e-03
1.205260936870841309e+12 4.556254577750930464e-03
1.230524004359261719e+12 4.466658953795632839e-03
1.256316602474121338e+12 4.378712007198614850e-03
1.282649830528062500e+12 4.292395847843890645e-03
1.309535020482670410e+12 4.207730513114458712e-03
1.336983741824945068e+12 4.124673917224170455e-03
1.365007806546013672e+12 4.043148278952514614e-03
1.393619274224143311e+12 3.963137046492747409e-03
1.422830457214348877e+12 3.884659108082747555e-03
1.452653925946778320e+12 3.807675290052575223e-03
1.483102514336102783e+12 3.732113063479535007e-03
1.514189325304351807e+12 3.657957113354896525e-03
1.545927736419478516e+12 3.585225233394420587e-03
1.578331405652119873e+12 3.513880962360137802e-03
1.611414277253023193e+12 3.443856677669027578e-03
1.645190587753660889e+12 3.375138207239709951e-03
1.679674872092653076e+12 3.307742302756970336e-03
1.714881969870540771e+12 3.241635029475044890e-03
1.750827031735719727e+12 3.176753348035864493e-03
1.787525525904231689e+12 3.113084142481368621e-03
1.824993244816150391e+12 3.050643172880616091e-03
1.863246311931559814e+12 2.989398857831575187e-03
1.902301188668945801e+12 2.929292439396341801e-03
1.942174681489028320e+12 2.870311777478403228e-03
1.982883949127075439e+12 2.812471688923298165e-03
2.024446509976801758e+12 2.755742784426291978e-03
2.066880249629082031e+12 2.700070305548378426e-03
2.110203428568596680e+12 2.645443013847890643e-03
2.154434690031877930e+12 2.591874829373154443e-03
2.199593068030070312e+12 2.539338404745745958e-03
2.245697995539771484e+12 2.487782717658582315e-03
2.292769312865648926e+12 2.437197362720979876e-03
2.340827276178293945e+12 2.387595407700404421e-03
2.389892566231052246e+12 2.338951407282450958e-03
2.439986297259555176e+12 2.291217829238696279e-03
2.491130026067796387e+12 2.244385037809131910e-03
2.543345761304647949e+12 2.198465291146896230e-03
2.596655972934872070e+12 2.153434915730986342e-03
2.651083601908530762e+12 2.109249639517083493e-03
2.706652070033235840e+12 2.065900537752858590e-03
2.763385290053166992e+12 2.023399099850260816e-03
2.821307675939470703e+12 1.981723302742008017e-03
2.880444153396297852e+12 1.940831919752058219e-03
2.940820170587066406e+12 1.900716682951904225e-03
3.002461709085555176e+12 1.861388352153610804e-03
3.065395295056536133e+12 1.822826441712494753e-03
3.129648010670750488e+12 1.784992569581099085e-03
3.195247505759213867e+12 1.747879074579386429e-03
3.262222009711660156e+12 1.711496024383852644e-03
3.330600343624582031e+12 1.675824365477971908e-03
3.400411932703702637e+12 1.640828372841648822e-03
3.471686818926559082e+12 1.606500945766621124e-03
3.544455673970435547e+12 1.572851495640872422e-03
3.618749812411284180e+12 1.539862302983034843e-03
3.694601205199310059e+12 1.507500124462097038e-03
3.772042493417008789e+12 1.475758377080885588e-03
3.851107002325568848e+12 1.444645850226012034e-03
3.931828755705770020e+12 1.414146067060210923e-03
4.014242490499309570e+12 1.384228102052770465e-03
4.098383671757252930e+12 1.354885850409588569e-03
4.184288507901576172e+12 1.326127512298870721e-03
4.271993966306776855e+12 1.297937768376849653e-03
4.361537789208005859e+12 1.270287857713711189e-03
4.452958509942660156e+12 1.243172117218389579e-03
4.546295469532409180e+12 1.216598189175207342e-03
4.641588833612791016e+12 1.190551832393569199e-03
4.738879609717650391e+12 1.165006307324179674e-03
4.838209664925957031e+12 1.139956358862486731e-03
4.939621743878305664e+12 1.115409101350497371e-03
5.043159487171347656e+12 1.091351297819028506e-03
5.148867450137486328e+12 1.067758096198389781e-03
5.256791122018418945e+12 1.044624618227942220e-03
5.366976945540475586e+12 1.021957478908854400e-03
5.479472336900291992e+12 9.997443765986722790e-04
5.594325706169388672e+12 9.779622215076229797e-04
5.711586478126446289e+12 9.566064834583772091e-04
5.831305113526218750e+12 9.356833054249704502e-04
5.953533130814370117e+12 9.151812568861379497e-04
6.078323128297210938e+12 8.950788932603936021e-04
6.205728806776487305e+12 8.753720058949057865e-04
6.335804992658241211e+12 8.560662918141856079e-04
6.468607661546321289e+12 8.371511317806567621e-04
6.604193962330305664e+12 8.186066169393633541e-04
6.742622241778348633e+12 8.004288356409067868e-04
6.883952069645509766e+12 7.826230638516629753e-04
7.028244264308366211e+12 7.651794378470647574e-04
7.175560918936920898e+12 7.480794821073844143e-04
7.325965428215229492e+12 7.313195593495836009e-04
7.479522515621797852e+12 7.149045482347615547e-04
7.636298261282225586e+12 6.988252885691441981e-04
7.796360130405220703e+12 6.830646423993184642e-04
7.959777002314977539e+12 6.676192259140865297e-04
8.126619200091945312e+12 6.524935431306675858e-04
8.296958520834915039e+12 6.376790889320310554e-04
8.470868266557419922e+12 6.231599733498055689e-04
8.648423275731745117e+12 6.089330467611976487e-04
8.829699955494082031e+12 5.950024601551052832e-04
9.014776314524917969e+12 5.813603183228703997e-04
9.203731996618228516e+12 5.679918954805493079e-04
9.396648314954669922e+12 5.548942583999476015e-04
9.593608287093126953e+12 5.420712256547977797e-04
9.794696670695386719e+12 5.295154698380069754e-04
1.000000000000000000e+13 5.172133509508804270e-04
1.020960662306047461e+13 5.051621357439262713e-04
1.042360673976403125e+13 4.933653300295366348e-04
1.064209244064726758e+13 4.818161349474379723e-04
1.086515774652537305e+13 4.705019229333980146e-04
1.109289864895222656e+13 4.594201455750607298e-04
1.132541315152812695e+13 4.485740146590394767e-04
1.156280131207373047e+13 4.379572232746389523e-04
1.180516528568803125e+13 4.275580876597883653e-04
1.205260936870841211e+13 4.173742302755272492e-04
1.230524004359261523e+13 4.074085867393231969e-04
1.256316602474121484e+13 3.976553079687719172e-04
1.282649830528062695e+13 3.881035897818660798e-04
1.309535020482670312e+13 3.787512126385444468e-04
1.336983741824945312e+13 3.696008530027394454e-04
1.365007806546013672e+13 3.606470878066002795e-04
1.393619274224143359e+13 3.518799323498024889e-04
1.422830457214349023e+13 3.432973132238176543e-04
1.452653925946778320e+13 3.349016639508552574e-04
1.483102514336102734e+13 3.266879578149051188e-04
1.514189325304351953e+13 3.186469733551005787e-04
1.545927736419478516e+13 3.107767723586177299e-04
1.578331405652119727e+13 3.030795608489817209e-04
1.611414277253023242e+13 2.955506808045329755e-04
1.645190587753660742e+13 2.881816213679411882e-04
1.679674872092653125e+13 2.809705694477724800e-04
1.714881969870541016e+13 2.739195182769754450e-04
1.750827031735719922e+13 2.670241527401297720e-04
1.787525525904231641e+13 2.602766233215903467e-04
1.824993244816150391e+13 2.536752327733057572e-04
1.863246311931559766e+13 2.472217755432236591e-04
1.902301188668945703e+13 2.409122553775280438e-04
1.942174681489028516e+13 2.347394379969432968e-04
1.982883949127075391e+13 2.287017334555009693e-04
2.024446509976801562e+13 2.228007507503361874e-04
2.066880249629082031e+13 2.170327900706613784e-04
2.110203428568596484e+13 2.113911892231522933e-04
2.154434690031877734e+13 2.058744577040376900e-04
2.199593068030070312e+13 2.004840317521424601e-04
2.245697995539771484e+13 1.952164870984690723e-04
2.292769312865648828e+13 1.900656932514836750e-04
2.340827276178294141e+13 1.850302519202303721e-04
2.389892566231052344e+13 1.801114386646210364e-04
2.439986297259555078e+13 1.753060852722076622e-04
2.491130026067785938e+13 1.706085551599696617e-04
2.543345761304648438e+13 1.660175356036390157e-04
2.596655972934872656e+13 1.615341529776306872e-04
2.651083601908530859e+13 1.571554769625956624e-04
2.706652070033235938e+13 1.528763295182181093e-04
2.763385290053166797e+13 1.486954773807765498e-04
2.821307675939470703e+13 1.446139086726321802e-04
2.880444153396297656e+13 1.406289140389270487e-04
2.940820170587066797e+13 1.367357408915208477e-04
3.002461709085555078e+13 1.329332298210440138e-04
3.065395295056535938e+13 1.292222410960481183e-04
3.129648010670750391e+13 1.256002705507651039e-04
3.195247505759213672e+13 1.220629600922426577e-04
3.262222009711659766e+13 1.186092190219574738e-04
3.330600343624581641e+13 1.152397896409488594e-04
3.400411932703702734e+13 1.119523582750433691e-04
3.471686818926559766e+13 1.087429323708510680e-04
3.544455673970435938e+13 1.056104852257423580e-04
3.618749812411284375e+13 1.025556505697731118e-04
3.694601205199309375e+13 9.957629153047186537e-05
3.772042493417008594e+13 9.666875401699794479e-05
3.851107002325568750e+13 9.383207100446864059e-05
3.931828755705770312e+13 9.106677657971775296e-05
4.014242490499309375e+13 8.837089792455926033e-05
4.098383671757252344e+13 8.574109409785013545e-05
4.184288507901575781e+13 8.317645380179054283e-05
4.271993966306776562e+13 8.067741995876722468e-05
4.361537789208005469e+13 7.824217193923677473e-05
4.452958509942659375e+13 7.586765829641540940e-05
4.546295469532408594e+13 7.355301984923174718e-05
4.641588833612791406e+13 7.129861640387571671e-05
4.738879609717650781e+13 6.910276847900313302e-05
4.838209664925957031e+13 6.696269202505419091e-05
4.939621743878305469e+13 6.487757668220155345e-05
5.043159487171348438e+13 6.284770677545729553e-05
5.148867450137487500e+13 6.087153370385026591e-05
5.256791122018419531e+13 5.894652018376373375e-05
5.366976945540475781e+13 5.707190167276218057e-05
5.479472336900292188e+13 5.524789425302190115e-05
5.594325706169388281e+13 5.347307066013748487e-05
5.711586478126446875e+13 5.174512112509477003e-05
5.831305113526218750e+13 5.006332418898446640e-05
5.953533130814369531e+13 4.842783454811023315e-05
6.078323128297210938e+13 4.683733740919464490e-05
6.205728806776487500e+13 4.528973256610291197e-05
6.335804992658241406e+13 4.378433915902943320e-05
6.468607661546320312e+13 4.232125698789131831e-05
6.604193962330304688e+13 4.089927550063025304e-05
6.742622241778349219e+13 3.951648732665326671e-05
6.883952069645510938e+13 3.817224995086299902e-05
7.028244264308367188e+13 3.686661441151818620e-05
7.175560918936920312e+13 3.559846676336136755e-05
7.325965428215229688e+13 3.436607689820468485e-05
7.479522515621796875e+13 3.316883860327149219e-05
7.636298261282225000e+13 3.200675994721204325e-05
7.796360130405220312e+13 3.087881651532390514e-05
7.959777002314978125e+13 2.978344097731988203e-05
8.126619200091945312e+13 2.872006157517441229e-05
8.296958520834914062e+13 2.768864886794474988e-05
8.470868266557418750e+13 2.668826141788536123e-05
8.648423275731743750e+13 2.571748121474217162e-05
8.829699955494082812e+13 2.477576928583797932e-05
9.014776314524917188e+13 2.386306381814608195e-05
9.203731996618229688e+13 2.297850028638762332e-05
9.396648314954671875e+13 2.212079751075959511e-05
9.593608287093126562e+13 2.128944779663439717e-05
9.794696670695385938e+13 2.048436178226566043e-05
1.000000000000000000e+14 1.970474624734261989e-05
1.020960662306047656e+14 1.894944526576175577e-05
1.042360673976403281e+14 1.821798105996886075e-05
1.064209244064726875e+14 1.751024123598738318e-05
1.086515774652537188e+14 1.682549869742186807e-05
1.109289864895222656e+14 1.616271205551666348e-05
1.132541315152812656e+14 1.552143221999864871e-05
1.156280131207372969e+14 1.490152798076274621e-05
1.180516528568803125e+14 1.430233358151981650e-05
1.205260936870841250e+14 1.372291226482959927e-05
1.230524004359261562e+14 1.316284251403427884e-05
1.256316602474121406e+14 1.262197822402202224e-05
1.282649830528062500e+14 1.209971056368515039e-05
1.309535020482670312e+14 1.159519826303819749e-05
1.336983741824945156e+14 1.110804636646147630e-05
1.365007806546013906e+14 1.063809750434547096e-05
1.393619274224143594e+14 1.018479569714928727e-05
1.422830457214349062e+14 9.747386734144501702e-06
1.452653925946778125e+14 9.325501294222721962e-06
1.483102514336102812e+14 8.918974086682835488e-06
1.514189325304351875e+14 8.527298224325576584e-06
1.545927736419478438e+14 8.149798798134931893e-06
1.578331405652119688e+14 7.786131266128700303e-06
1.611414277253023125e+14 7.436125475833590560e-06
1.645190587753660625e+14 7.099320161502690888e-06
1.679674872092653125e+14 6.775112585343872464e-06
1.714881969870540938e+14 6.463182185470557587e-06
1.750827031735719688e+14 6.163356725267843438e-06
1.787525525904231875e+14 5.875217352231754501e-06
1.824993244816150312e+14 5.598226953709338293e-06
1.863246311931559688e+14 5.332088190497887543e-06
1.902301188668945625e+14 5.076629239935616179e-06
1.942174681489028438e+14 4.831470692345893759e-06
1.982883949127075312e+14 4.596135057074267356e-06
2.024446509976801875e+14 4.370347487444653650e-06
2.066880249629082188e+14 4.153938795367993002e-06
2.110203428568596562e+14 3.946566257026384583e-06
2.154434690031877812e+14 3.747806502897997660e-06
2.199593068030070312e+14 3.557406461789424182e-06
2.245697995539771562e+14 3.375201525480084531e-06
2.292769312865648750e+14 3.200883088888926123e-06
2.340827276178294375e+14 3.034076865414536791e-06
2.389892566231052500e+14 2.874550841955476724e-06
2.439986297259555000e+14 2.722146662827204139e-06
2.491130026067785938e+14 2.576587441775352467e-06
2.543345761304648125e+14 2.437543361062870191e-06
2.596655972934872500e+14 2.304802735321245094e-06
2.651083601908530625e+14 2.178214864914215666e-06
2.706652070033235938e+14 2.057532328165871659e-06
2.763385290053167188e+14 1.942465549013087403e-06
2.821307675939470625e+14 1.832822414993070366e-06
2.880444153396298125e+14 1.728461021559150382e-06
2.940820170587066250e+14 1.629161283032641321e-06
3.002461709085555000e+14 1.534669989177543165e-06
3.065395295056535625e+14 1.444813811416579630e-06
3.129648010670750625e+14 1.359460521359238011e-06
3.195247505759213750e+14 1.278415348325181555e-06
3.262222009711659375e+14 1.201457889786046448e-06
3.330600343624581250e+14 1.128432769940866026e-06
3.400411932703702500e+14 1.059218067987198220e-06
3.471686818926559375e+14 9.936423987430871410e-07
3.544455673970435625e+14 9.315148955380574865e-07
3.618749812411283750e+14 8.726972564866758276e-07
3.694601205199310000e+14 8.170782608097258008e-07
3.772042493417008750e+14 7.645080571828491619e-07
3.851107002325568750e+14 7.148223003370988071e-07
3.931828755705770000e+14 6.678988325966250107e-07
4.014242490499310000e+14 6.236372998456647116e-07
4.098383671757253125e+14 5.819075999477947423e-07
4.184288507901576250e+14 5.425691260629997959e-07
4.271993966306776875e+14 5.055148840013811534e-07
4.361537789208005625e+14 4.706553432106453430e-07
4.452958509942660000e+14 4.378784252333801342e-07
4.546295469532408750e+14 4.070646875769037662e-07
4.641588833612791250e+14 3.781212707181628681e-07
4.738879609717650625e+14 3.509692337453685548e-07
4.838209664925956875e+14 3.255128508678329759e-07
4.939621743878305000e+14 3.016514596178450519e-07
5.043159487171348125e+14 2.793052642782733023e-07
5.148867450137486875e+14 2.584055105769246362e-07
5.256791122018418750e+14 2.388712074524013081e-07
5.366976945540476250e+14 2.206182624014309578e-07
5.479472336900293125e+14 2.035788397382971285e-07
5.594325706169389375e+14 1.876938240608194371e-07
5.711586478126446250e+14 1.728953958188340203e-07
5.831305113526218750e+14 1.591139847098866129e-07
5.953533130814370000e+14 1.462925903039207883e-07
6.078323128297211250e+14 1.343810699929301401e-07
6.205728806776487500e+14 1.233232717034396891e-07
6.335804992658241250e+14 1.130622532752495119e-07
6.468607661546320000e+14 1.035507180427967579e-07
6.604193962330305000e+14 9.474673981911261132e-08
6.742622241778348750e+14 8.660439595527554167e-08
6.883952069645510000e+14 7.907762644742018842e-08
7.028244264308366250e+14 7.212771620472547895e-08
7.175560918936921250e+14 6.572013755576962005e-08
7.325965428215230000e+14 5.981783370548455979e-08
7.479522515621797500e+14 5.438402566137812563e-08
7.636298261282225000e+14 4.938748398580721476e-08
7.796360130405220000e+14 4.480022868930375654e-08
7.959777002314977500e+14 4.059278918200900422e-08
8.126619200091946250e+14 3.673620967002306844e-08
8.296958520834916250e+14 3.320569376548459657e-08
8.470868266557420000e+14 2.997895286049450892e-08
8.648423275731745000e+14 2.703291636658201352e-08
8.829699955494082500e+14 2.434513659942522312e-08
9.014776314524917500e+14 2.189625707451830143e-08
9.203731996618230000e+14 1.966884404565112081e-08
9.396648314954671250e+14 1.764514283709611170e-08
9.593608287093126250e+14 1.580804093467565262e-08
9.794696670695385000e+14 1.414270234692925566e-08
1.000000000000000000e+15 1.263575352373168667e-08
1.020960662306047500e+15 1.127378070435804918e-08
1.042360673976403250e+15 1.004397441645102816e-08
1.064209244064722375e+15 8.935185070443503014e-09
1.086515774652537375e+15 7.937364588337748252e-09
1.109289864895222875e+15 7.040578768518932494e-09
1.132541315152812750e+15 6.235427055286629307e-09
1.156280131207377750e+15 5.513705695200979589e-09
1.180516528568803000e+15 4.868030794687198463e-09
1.205260936870841250e+15 4.291201578157322253e-09
1.230524004359261500e+15 3.776465485032152445e-09
1.256316602474121500e+15 3.317921963053184541e-09
1.282649830528062500e+15 2.910272051958113892e-09
1.309535020482665000e+15 2.548415826820745801e-09
1.336983741824945250e+15 2.227613937068063797e-09
1.365007806546013750e+15 1.943724801898320636e-09
1.393619274224143500e+15 1.693040906023034210e-09
1.422830457214354750e+15 1.472039252942027478e-09
1.452653925946778250e+15 1.277475709026041911e-09
1.483102514336102750e+15 1.106518565940690201e-09
1.514189325304352000e+15 9.566432346308253163e-10
1.545927736419478500e+15 8.254805363923578997e-10
1.578331405652119500e+15 7.108689974340807133e-10
1.611414277253016750e+15 6.109262712473517700e-10
1.645190587753660750e+15 5.239824883491982486e-10
1.679674872092653250e+15 4.484897696185661624e-10
1.714881969870541000e+15 3.830493087427659257e-10
1.750827031735726750e+15 3.264471053826786932e-10
1.787525525904231750e+15 2.776124714573301919e-10
1.824993244816150500e+15 2.355650488636795224e-10
1.863246311931559750e+15 1.994275438039567284e-10
1.902301188668945750e+15 1.684420062380331088e-10
1.942174681489028250e+15 1.419444367236227486e-10
1.982883949127067250e+15 1.193343129961047208e-10
2.024446509976801750e+15 1.000796870776160617e-10
2.066880249629082000e+15 8.372354568220252186e-11
2.110203428568596500e+15 6.986855224930752349e-11
2.154434690031886500e+15 5.815982298619558078e-11
2.199593068030070500e+15 4.828631928817258404e-11
2.245697995539771750e+15 3.998259808628436742e-11
2.292769312865648500e+15 3.301982690872669700e-11
2.340827276178294500e+15 2.719621850211547418e-11
2.389892566231052500e+15 2.233687427980363488e-11
2.439986297259545000e+15 1.829368786022891237e-11
2.491130026067786000e+15 1.494017348957177496e-11
2.543345761304648500e+15 1.216625206971669784e-11
2.596655972934872000e+15 9.877624902557205915e-12
2.651083601908541500e+15 7.995141724493758180e-12
2.706652070033235500e+15 6.451901238284502769e-12
2.763385290053167000e+15 5.190467891417788488e-12
2.821307675939470500e+15 4.162245694801553453e-12
2.880444153396297500e+15 3.326848987325388077e-12
2.940820170587066500e+15 2.650525660277081690e-12
3.002461709085543000e+15 2.104707483036174339e-12
3.065395295056523500e+15 1.665538435329321862e-12
3.129648010670750500e+15 1.313411386676515192e-12
3.195247505759214000e+15 1.032140407057553566e-12
3.262222009711673500e+15 8.082275867222068775e-13
3.330600343624582000e+15 6.305577354213922554e-13
3.400411932703702500e+15 4.901065060708595803e-13
3.471686818926559500e+15 3.795232530163613500e-13
3.544455673970435500e+15 2.927731109661894974e-13
3.618749812411284000e+15 2.249599003245335399e-13
3.694601205199294500e+15 1.721615707905136792e-13
3.772042493416993500e+15 1.312295076037366637e-13
3.851107002325568500e+15 9.962099821054762503e-14
3.931828755705770000e+15 7.530559757361759505e-14
4.014242490499326000e+15 5.668059686884619887e-14
4.098383671757253000e+15 4.247939696878510266e-14
4.184288507901576000e+15 3.169685155934352773e-14
4.271993966306776500e+15 2.354382546657913372e-14
4.361537789208006000e+15 1.740733982492972216e-14
4.452958509942660000e+15 1.281112043019686312e-14
4.546295469532390000e+15 9.384154543488721596e-15
4.641588833612773000e+15 6.840406799208871159e-15
4.738879609717651000e+15 4.961535840062655786e-15
4.838209664925957000e+15 3.580975455546968632e-15
4.939621743878326000e+15 2.571510109843290246e-15
5.043159487171349000e+15 1.836953211425440313e-15
5.148867450137487000e+15 1.305258992140395801e-15
5.256791122018419000e+15 9.225421114729326962e-16
5.366976945540476000e+15 6.485055210219178085e-16
5.479472336900292000e+15 4.533107358813590173e-16
5.594325706169389000e+15 3.150618249970611013e-16
5.711586478126423000e+15 2.177276580958000843e-16
5.831305113526218000e+15 1.495865743847629737e-16
5.953533130814370000e+15 1.021515563570232150e-16
6.078323128297236000e+15 6.933138313012307910e-17
6.205728806776513000e+15 4.676770631155935856e-17
6.335804992658241000e+15 3.134963862913647976e-17
6.468607661546321000e+15 2.087835965941286256e-17
6.604193962330306000e+15 1.381315746405242644e-17
6.742622241778349000e+15 9.078606094883490699e-18
6.883952069645510000e+15 5.926651020052225852e-18
7.028244264308338000e+15 3.842069403162500601e-18
7.175560918936921000e+15 2.473079092565445335e-18
7.325965428215230000e+15 1.580601753846963407e-18
7.479522515621829000e+15 1.002877637889906897e-18
7.636298261282257000e+15 6.315538295278356296e-19
7.796360130405221000e+15 3.946903823554037304e-19
7.959777002314978000e+15 2.447815974927015698e-19
8.126619200091945000e+15 1.506263768433793105e-19
8.296958520834915000e+15 9.194180672748033757e-20
8.470868266557420000e+15 5.566173091080506764e-20
8.648423275731709000e+15 3.342117416395144605e-20
8.829699955494083000e+15 1.989876726707104128e-20
9.014776314524918000e+15 1.174500365549213715e-20
9.203731996618230000e+15 6.871305634431947952e-21
9.396648314954710000e+15 3.984476116091071684e-21
9.593608287093126000e+15 2.289606501231002898e-21
9.794696670695384000e+15 1.303418978107963153e-21
