1.020960662306047603e+07 8.445676796463801850e+01
1.042360673976401053e+07 8.286498333010077033e+01
1.064209244064724632e+07 8.130353840659378761e+01
1.086515774652537145e+07 7.977159037772760541e+01
1.109289864895222709e+07 7.826837405518729440e+01
1.132541315152812563e+07 7.679360211163731265e+01
1.156280131207375228e+07 7.534693336152504628e+01
1.180516528568805568e+07 7.392758633442210225e+01
1.205260936870841496e+07 7.253485167787182775e+01
1.230524004359261692e+07 7.116846427528187746e+01
1.256316602474121563e+07 6.982810891013367893e+01
1.282649830528059974e+07 6.851306097131181616e+01
1.309535020482667536e+07 6.722266284910432432e+01
1.336983741824945062e+07 6.595666992984162391e+01
1.365007806546013802e+07 6.471479099204060503e+01
1.393619274224143475e+07 6.349635412724901329e+01
1.422830457214351930e+07 6.230074967713673573e+01
1.452653925946781226e+07 6.112775195321972888e+01
1.483102514336102828e+07 5.997709190522925837e+01
1.514189325304351933e+07 5.884814647579798930e+01
1.545927736419478431e+07 5.774035044659169102e+01
1.578331405652116425e+07 5.665349559690597658e+01
1.611414277253019996e+07 5.558733336161555627e+01
1.645190587753660791e+07 5.454128596676189034e+01
1.679674872092653066e+07 5.351482937963428554e+01
1.714881969870540872e+07 5.250777150212950772e+01
1.750827031735723466e+07 5.151988269723681668e+01
1.787525525904235244e+07 5.055062716733094419e+01
1.824993244816150516e+07 4.959951905150327178e+01
1.863246311931559816e+07 4.866638113060220405e+01
1.902301188668945804e+07 4.775100125793542105e+01
1.942174681489024311e+07 4.685288254797245600e+01
1.982883949127071351e+07 4.597157451768902092e+01
2.024446509976801649e+07 4.510691368076703611e+01
2.066880249629081786e+07 4.425870405139303898e+01
2.110203428568596393e+07 4.342648481595579568e+01
2.154434690031882003e+07 4.260983828148989971e+01
2.199593068030074611e+07 4.180861363647669293e+01
2.245697995539776236e+07 4.102262982658533730e+01
2.292769312865648791e+07 4.025145947873838992e+01
2.340827276178294048e+07 3.949471529310915230e+01
2.389892566231048107e+07 3.875225815472911961e+01
2.439986297259550542e+07 3.802392080553770626e+01
2.491130026067791134e+07 3.730930687497362896e+01
2.543345761304648221e+07 3.660805723328405037e+01
2.596655972934872285e+07 3.592004356086503947e+01
2.651083601908536255e+07 3.524511134684401981e+01
2.706652070033241063e+07 3.458289296234278254e+01
2.763385290053172782e+07 3.393305539023101147e+01
2.821307675939470530e+07 3.329548027240821995e+01
2.880444153396297619e+07 3.267002487597738991e+01
2.940820170587060601e+07 3.205634821958773273e+01
3.002461709085549042e+07 3.145414149063176623e+01
3.065395295056529716e+07 3.086329552384449215e+01
3.129648010670750216e+07 3.028367846856883006e+01
3.195247505759213492e+07 2.971497404965364098e+01
3.262222009711666778e+07 2.915689589140006177e+01
3.330600343624588847e+07 2.860934331172023093e+01
3.400411932703709602e+07 2.807219451456296966e+01
3.471686818926559389e+07 2.754515613153460762e+01
3.544455673970435560e+07 2.702796258587074263e+01
3.618749812411276251e+07 2.652052102371508013e+01
3.694601205199302733e+07 2.602271893848834594e+01
3.772042493417001516e+07 2.553428420113778330e+01
3.851107002325568348e+07 2.505497051610344528e+01
3.931828755705770105e+07 2.458469225278188119e+01
4.014242490499317646e+07 2.412334548716876981e+01
4.098383671757261455e+07 2.367067778410676837e+01
4.184288507901584357e+07 2.322646072271076179e+01
4.271993966306776553e+07 2.279061533716124544e+01
4.361537789208005369e+07 2.236304563321002803e+01
4.452958509942659736e+07 2.194351743685304967e+01
4.546295469532398880e+07 2.153181889820899997e+01
4.641588833612781763e+07 2.112787720108929790e+01
4.738879609717650712e+07 2.073160367739238907e+01
4.838209664925957471e+07 2.034278108661424866e+01
4.939621743878325820e+07 1.996121294163392079e+01
5.043159487171358615e+07 1.958683210011778186e+01
5.148867450137497485e+07 1.921955666289278497e+01
5.256791122018418461e+07 1.885918509170786095e+01
5.366976945540475845e+07 1.850553514264928978e+01
5.479472336900292337e+07 1.815854490847067026e+01
5.594325706169377267e+07 1.781813874335808734e+01
5.711586478126434237e+07 1.748412967043405075e+01
5.831305113526218385e+07 1.715634865155262290e+01
5.953533130814369768e+07 1.683473860915982456e+01
6.078323128297235817e+07 1.651922967460781422e+01
6.205728806776500493e+07 1.620964837487059640e+01
6.335804992658253759e+07 1.590583791583911832e+01
6.468607661546321213e+07 1.560774567552030057e+01
6.604193962330305576e+07 1.531530712274469863e+01
6.742622241778348386e+07 1.502836130776574386e+01
6.883952069645495713e+07 1.474676278906015447e+01
7.028244264308351278e+07 1.447046305510558817e+01
7.175560918936920166e+07 1.419940250569129070e+01
7.325965428215231001e+07 1.393343180540532700e+01
7.479522515621829033e+07 1.367241603915064552e+01
7.636298261282241344e+07 1.341631048729953690e+01
7.796360130405236781e+07 1.316506010507998958e+01
7.959777002314977348e+07 1.291852632865155570e+01
8.126619200091944635e+07 1.267658400363077220e+01
8.296958520834915340e+07 1.243919190830277088e+01
8.470868266557401419e+07 1.220629920617124853e+01
8.648423275731725991e+07 1.197777732388267502e+01
8.829699955494081974e+07 1.175351015796789689e+01
9.014776314524917305e+07 1.153345971322087493e+01
9.203731996618229151e+07 1.131757904078494192e+01
9.396648314954690635e+07 1.110574883350225406e+01
9.593608287093147635e+07 1.089786138091097456e+01
9.794696670695386827e+07 1.069388166384121241e+01
1.000000000000000000e+08 1.049376632490589500e+01
1.020960662306047529e+08 1.029740465156393370e+01
1.042360673976403177e+08 1.010469671647671142e+01
1.064209244064722359e+08 9.915610245460898753e+00
1.086515774652537256e+08 9.730105198772291075e+00
1.109289864895222783e+08 9.548078836010581938e+00
1.132541315152812600e+08 9.369438447502126621e+00
1.156280131207377762e+08 9.194154290776213045e+00
1.180516528568803072e+08 9.022189390942189746e+00
1.205260936870841384e+08 8.853448402334796796e+00
1.230524004359261543e+08 8.687845308902844010e+00
1.256316602474121451e+08 8.525352703153785683e+00
1.282649830528062433e+08 8.365936441269202106e+00
1.309535020482665002e+08 8.209508037107667633e+00
1.336983741824945360e+08 8.055987682394610161e+00
1.365007806546013653e+08 7.905350123028233256e+00
1.393619274224143326e+08 7.757563830312036224e+00
1.422830457214354575e+08 7.612546681339071419e+00
1.452653925946778059e+08 7.470224625227174897e+00
1.483102514336102903e+08 7.330574393636130281e+00
1.514189325304352045e+08 7.193566873569954723e+00
1.545927736419478357e+08 7.059125845135866051e+00
1.578331405652119517e+08 6.927182597222190097e+00
1.611414277253016531e+08 6.797715692676640664e+00
1.645190587753660679e+08 6.670698249884877029e+00
1.679674872092653215e+08 6.546059525207907015e+00
1.714881969870540798e+08 6.423735760152884389e+00
1.750827031735726893e+08 6.303707206113588590e+00
1.787525525904231668e+08 6.185949042605066062e+00
1.824993244816150367e+08 6.070395606462557936e+00
1.863246311931559741e+08 5.956987732881709796e+00
1.902301188668946028e+08 5.845707230214218342e+00
1.942174681489028633e+08 5.736531181726252981e+00
1.982883949127075374e+08 5.629398637759164714e+00
2.024446509976801872e+08 5.524254694422920053e+00
2.066880249629082084e+08 5.421082595583588848e+00
2.110203428568596542e+08 5.319861182907996699e+00
2.154434690031886399e+08 5.220533879900330909e+00
2.199593068030070364e+08 5.123049735027352725e+00
2.245697995539771616e+08 5.027393315621015546e+00
2.292769312865648568e+08 4.933545087487836156e+00
2.340827276178294122e+08 4.841452531660811687e+00
2.389892566231052577e+08 4.751068362829367508e+00
2.439986297259555161e+08 4.662378368469379808e+00
2.491130026067785919e+08 4.575364514457152865e+00
2.543345761304648221e+08 4.489978046608686491e+00
2.596655972934872508e+08 4.406175080575291503e+00
2.651083601908541918e+08 4.323942528604440838e+00
2.706652070033235550e+08 4.243263742038677400e+00
2.763385290053166747e+08 4.164093459985295453e+00
2.821307675939470530e+08 4.086390953045754060e+00
2.880444153396297693e+08 4.010144170319512646e+00
2.940820170587067008e+08 3.935337742706576325e+00
3.002461709085555673e+08 3.861929650788549662e+00
3.065395295056523085e+08 3.789882092023903137e+00
3.129648010670750141e+08 3.719183971229231389e+00
3.195247505759213567e+08 3.649821101027466597e+00
3.262222009711673260e+08 3.581754469925592765e+00
3.330600343624581695e+08 3.514948990716669552e+00
3.400411932703702450e+08 3.449394449081015335e+00
3.471686818926559091e+08 3.385077749007723291e+00
3.544455673970435262e+08 3.321962670303062026e+00
3.618749812411283851e+08 3.260016644904971450e+00
3.694601205199309587e+08 3.199230270342141136e+00
3.772042493416993618e+08 3.139591458505833987e+00
3.851107002325568795e+08 3.081066579516979598e+00
3.931828755705770254e+08 3.023625402572455378e+00
4.014242490499325991e+08 2.967259273378432205e+00
4.098383671757252812e+08 2.911957034589656157e+00
4.184288507901575565e+08 2.857687460265807111e+00
4.271993966306776404e+08 2.804422488140427383e+00
4.361537789208005667e+08 2.752154153387058599e+00
4.452958509942659736e+08 2.700872158174114190e+00
4.546295469532408714e+08 2.650547507594252838e+00
4.641588833612772226e+08 2.601154151442078621e+00
4.738879609717651010e+08 2.552684760215262028e+00
4.838209664925957322e+08 2.505129829786678641e+00
4.939621743878325820e+08 2.458462435866924700e+00
5.043159487171348333e+08 2.412658395215849350e+00
5.148867450137487054e+08 2.367710963695145665e+00
5.256791122018419504e+08 2.323611370097129480e+00
5.366976945540476441e+08 2.280334611959156987e+00
5.479472336900292635e+08 2.237858238391662091e+00
5.594325706169389486e+08 2.196176044579428055e+00
5.711586478126422167e+08 2.155279936080716663e+00
5.831305113526217937e+08 2.115146694200283672e+00
5.953533130814369917e+08 2.075755475576048337e+00
6.078323128297235966e+08 2.037100572240019503e+00
6.205728806776486635e+08 1.999174514642603429e+00
6.335804992658240795e+08 1.961955739789842390e+00
6.468607661546320915e+08 1.925424896050387691e+00
6.604193962330304384e+08 1.889576733152324772e+00
6.742622241778348684e+08 1.854404358518130902e+00
6.883952069645509720e+08 1.819887746032516462e+00
7.028244264308338165e+08 1.786008928389838823e+00
7.175560918936921358e+08 1.752763076909032547e+00
7.325965428215229511e+08 1.720143831731048900e+00
7.479522515621827841e+08 1.688132593370590850e+00
7.636298261282258034e+08 1.656712679220761597e+00
7.796360130405220985e+08 1.625879648899264618e+00
7.959777002314977646e+08 1.595627634392082106e+00
8.126619200091946125e+08 1.565939360554447157e+00
8.296958520834914446e+08 1.536799337053902370e+00
8.470868266557419300e+08 1.508203481123891132e+00
8.648423275731709003e+08 1.480146378837231769e+00
8.829699955494083166e+08 1.452611984472710782e+00
9.014776314524917603e+08 1.425585914248496566e+00
9.203731996618230343e+08 1.399064414714621396e+00
9.396648314954710007e+08 1.373042491157144607e+00
9.593608287093126774e+08 1.347505239215734285e+00
9.794696670695385933e+08 1.322439302123037175e+00
1.000000000000000000e+09 1.297841229666521379e+00
1.020960662306047559e+09 1.273706414138931597e+00
1.042360673976403356e+09 1.250021010816826372e+00
1.064209244064726830e+09 1.226772616158087414e+00
1.086515774652537346e+09 1.203958059154561999e+00
1.109289864895222664e+09 1.181573089356855455e+00
1.132541315152812481e+09 1.159604845841449849e+00
1.156280131207372904e+09 1.138041809848837405e+00
1.180516528568803072e+09 1.116881067405786965e+00
1.205260936870841503e+09 1.096118697849169932e+00
1.230524004359261513e+09 1.075742753686703690e+00
1.256316602474121332e+09 1.055742537425917948e+00
1.282649830528062582e+09 1.036115371712339694e+00
1.309535020482670307e+09 1.016857640296123133e+00
1.336983741824945211e+09 9.979582438035704550e-01
1.365007806546013832e+09 9.794072470921333373e-01
1.393619274224143505e+09 9.612021905969155844e-01
1.422830457214349031e+09 9.433397390553682760e-01
1.452653925946778297e+09 9.258095806021831020e-01
1.483102514336102724e+09 9.086024877697199686e-01
1.514189325304351807e+09 8.917162014433982486e-01
1.545927736419478655e+09 8.751476457050214597e-01
1.578331405652119875e+09 8.588872399479378084e-01
1.611414277253023148e+09 8.429264136506647853e-01
1.645190587753660679e+09 8.272630921673341797e-01
1.679674872092653036e+09 8.118944389418438767e-01
1.714881969870540857e+09 7.968115524163191798e-01
1.750827031735726833e+09 7.820064719515551488e-01
1.787525525904231787e+09 7.674772926369523018e-01
1.824993244816150427e+09 7.532213988277448591e-01
1.863246311931559801e+09 7.392305195598340983e-01
1.902301188668945789e+09 7.254972603965844646e-01
1.942174681489028454e+09 7.120198725964262954e-01
1.982883949127075434e+09 6.987959443855815689e-01
2.024446509976801872e+09 6.858177904161001370e-01
2.066880249629082203e+09 6.730785419267011349e-01
2.110203428568596601e+09 6.605765938396914727e-01
2.154434690031886578e+09 6.483097225218302784e-01
2.199593068030070305e+09 6.362707864926389068e-01
2.245697995539771557e+09 6.244534050528338653e-01
2.292769312865648746e+09 6.128561052759705641e-01
2.340827276178294182e+09 6.014768371390493140e-01
2.389892566231052876e+09 5.903089642775344315e-01
2.439986297259555340e+09 5.793465591489918021e-01
2.491130026067785740e+09 5.685882703707014763e-01
2.543345761304647923e+09 5.580322081172535142e-01
2.596655972934872150e+09 5.476722051642717304e-01
2.651083601908541679e+09 5.375027547377385639e-01
2.706652070033235550e+09 5.275226172247575729e-01
2.763385290053166866e+09 5.177300506123138080e-01
2.821307675939470768e+09 5.081193234239322898e-01
2.880444153396297932e+09 4.986853195887060441e-01
2.940820170587066650e+09 4.894269022664460844e-01
3.002461709085555077e+09 4.803424658217769760e-01
3.065395295056523800e+09 4.714266835230639385e-01
3.129648010670750618e+09 4.626748021036165559e-01
3.195247505759213448e+09 4.540857792059972975e-01
3.262222009711673260e+09 4.456581350170907840e-01
3.330600343624581814e+09 4.373869187687894899e-01
3.400411932703702450e+09 4.292677141008547914e-01
3.471686818926559448e+09 4.212995655090909231e-01
3.544455673970435619e+09 4.134811092558470236e-01
3.618749812411283970e+09 4.058077438156250105e-01
3.694601205199309826e+09 3.982753656973097578e-01
3.772042493416993618e+09 3.908830992242733893e-01
3.851107002325568676e+09 3.836296877370201086e-01
3.931828755705770016e+09 3.765108541425385424e-01
4.014242490499325752e+09 3.695227855108781934e-01
4.098383671757252693e+09 3.626646795214628072e-01
4.184288507901576042e+09 3.559353782872159977e-01
4.271993966306777000e+09 3.493309061146535055e-01
4.361537789208005905e+09 3.428477199227999983e-01
4.452958509942660332e+09 3.364850847934002243e-01
4.546295469532408714e+09 3.302419339456100777e-01
4.641588833612771988e+09 3.241145716949486721e-01
4.738879609717651367e+09 3.180997055877157753e-01
4.838209664925957680e+09 3.121966626245147314e-01
4.939621743878325462e+09 3.064044600539060359e-01
5.043159487171347618e+09 3.007196623413421754e-01
5.148867450137486458e+09 2.951392098132035180e-01
5.256791122018419266e+09 2.896624863446316533e-01
5.366976945540475845e+09 2.842885866808051443e-01
5.479472336900292397e+09 2.790143169954601987e-01
5.594325706169388771e+09 2.738368338280238179e-01
5.711586478126422882e+09 2.687555732848372902e-01
5.831305113526218414e+09 2.637697015789416399e-01
5.953533130814370155e+09 2.588762494660645785e-01
6.078323128297236443e+09 2.540725743195851871e-01
6.205728806776488304e+09 2.493581602038160150e-01
6.335804992658241272e+09 2.447322392345814002e-01
6.468607661546320915e+09 2.401920508467592363e-01
6.604193962330305099e+09 2.357351389682470766e-01
6.742622241778348923e+09 2.313610316899385455e-01
6.883952069645509720e+09 2.270690218951128547e-01
7.028244264308338165e+09 2.228565429280237042e-01
7.175560918936921120e+09 2.187213120142066092e-01
7.325965428215229988e+09 2.146628976539241562e-01
7.479522515621828079e+09 2.106806487591181276e-01
7.636298261282225609e+09 2.067721788660519255e-01
7.796360130405220985e+09 2.029353661890408445e-01
7.959777002314977646e+09 1.991698163112919362e-01
8.126619200091945648e+09 1.954749297991483503e-01
8.296958520834915161e+09 1.918484876415948448e-01
8.470868266557419777e+09 1.882885176126485594e-01
8.648423275731708527e+09 1.847946593184362496e-01
8.829699955494083405e+09 1.813663609440797353e-01
9.014776314524917603e+09 1.780015590983456963e-01
9.203731996618228912e+09 1.746984205034871340e-01
9.396648314954671860e+09 1.714566159739463191e-01
9.593608287093128204e+09 1.682756375894831624e-01
9.794696670695384979e+09 1.651535665884859561e-01
1.000000000000000000e+10 1.620886987872098839e-01
1.020960662306047440e+10 1.590807336207691602e-01
1.042360673976403236e+10 1.561292036276650252e-01
1.064209244064726830e+10 1.532323244668276907e-01
1.086515774652537155e+10 1.503885118983161462e-01
1.109289864895222664e+10 1.475974915984439861e-01
1.132541315152812576e+10 1.448588333946230489e-01
1.156280131207373047e+10 1.421708778832654896e-01
1.180516528568803024e+10 1.395321522705004758e-01
1.205260936870841217e+10 1.369424062871415215e-01
1.230524004359261703e+10 1.344012441243670752e-01
1.256316602474121475e+10 1.319071225071341835e-01
1.282649830528062630e+10 1.294586721960500342e-01
1.309535020482670403e+10 1.270556649662860915e-01
1.336983741824945259e+10 1.246977366749021793e-01
1.365007806546013641e+10 1.223834519914983737e-01
1.393619274224143410e+10 1.201115379026449492e-01
1.422830457214348984e+10 1.178817863803311994e-01
1.452653925946778107e+10 1.156938624583838254e-01
1.483102514336102867e+10 1.135464311485452626e-01
1.514189325304351997e+10 1.114383088567660884e-01
1.545927736419478416e+10 1.093693060542843820e-01
1.578331405652119637e+10 1.073391146559836556e-01
1.611414277253023148e+10 1.053464929523873633e-01
1.645190587753660774e+10 1.033903404469817683e-01
1.679674872092653275e+10 1.014704845506894243e-01
1.714881969870541000e+10 9.958664194197729136e-02
1.750827031735726929e+10 9.773765762768203691e-02
1.787525525904231644e+10 9.592250833697128776e-02
1.824993244816150284e+10 9.414103698811127074e-02
1.863246311931559753e+10 9.239298306988935616e-02
1.902301188668945694e+10 9.067727220825387568e-02
1.942174681489028549e+10 8.899295290392451874e-02
1.982883949127075195e+10 8.733988226690285461e-02
2.024446509976801682e+10 8.571782079533947496e-02
2.066880249629082108e+10 8.412576906856246428e-02
2.110203428568596649e+10 8.256284229284652221e-02
2.154434690031886673e+10 8.102891056192183805e-02
2.199593068030070114e+10 7.952375372210263027e-02
2.245697995539771652e+10 7.804644204189679912e-02
2.292769312865648651e+10 7.659615272703480804e-02
2.340827276178294373e+10 7.517276774583531163e-02
2.389892566231052399e+10 7.377608476129131343e-02
2.439986297259555435e+10 7.240523883912886038e-02
2.491130026067786026e+10 7.105946481277984617e-02
2.543345761304648209e+10 6.973865550715538375e-02
2.596655972934872437e+10 6.844262498975470232e-02
2.651083601908541489e+10 6.717056857757990052e-02
2.706652070033235550e+10 6.592177467040058469e-02
2.763385290053166962e+10 6.469614601556451794e-02
2.821307675939470673e+10 6.349351178300251253e-02
2.880444153396297836e+10 6.231312331641813279e-02
2.940820170587066650e+10 6.115431880864700270e-02
3.002461709085555267e+10 6.001701007244840402e-02
3.065395295056523514e+10 5.890104017992176672e-02
3.129648010670750427e+10 5.780571257507276239e-02
3.195247505759213638e+10 5.673041173855222080e-02
3.262222009711672974e+10 5.567505776215880831e-02
3.330600343624581909e+10 5.463950651354087390e-02
3.400411932703702927e+10 5.362310988814286694e-02
3.471686818926559448e+10 5.262529539737356710e-02
3.544455673970435333e+10 5.164599069102169399e-02
3.618749812411283875e+10 5.068506341236935636e-02
3.694601205199309540e+10 4.974191051674525799e-02
3.772042493416993713e+10 4.881599952019495536e-02
3.851107002325569153e+10 4.790726496918625704e-02
3.931828755705770111e+10 4.701558534270940115e-02
4.014242490499325562e+10 4.614039950361947112e-02
4.098383671757252502e+10 4.528121216067280963e-02
4.184288507901576233e+10 4.443796415104056541e-02
4.271993966306776428e+10 4.361054392296297155e-02
4.361537789208005524e+10 4.279842931670254508e-02
4.452958509942659760e+10 4.200115962093106670e-02
4.546295469532408905e+10 4.121868140799540142e-02
4.641588833612772369e+10 4.045089229713969003e-02
4.738879609717650604e+10 3.969730638222698088e-02
4.838209664925956726e+10 3.895749510387289116e-02
4.939621743878325653e+10 3.823141026072926496e-02
5.043159487171348572e+10 3.751895790733456720e-02
5.148867450137487030e+10 3.681968585923532655e-02
5.256791122018418884e+10 3.613319545268917077e-02
5.366976945540475464e+10 3.545944324647443135e-02
5.479472336900292206e+10 3.479834305268336703e-02
5.594325706169388580e+10 3.414947405472299607e-02
5.711586478126422882e+10 3.351246538768060113e-02
5.831305113526218414e+10 3.288727794351432865e-02
5.953533130814369965e+10 3.227383266755468050e-02
6.078323128297235870e+10 3.167173792278266814e-02
6.205728806776487732e+10 3.108064869434322766e-02
6.335804992658241272e+10 3.050052981664681459e-02
6.468607661546320343e+10 2.993130879303864192e-02
6.604193962330305481e+10 2.937262113163819147e-02
6.742622241778349304e+10 2.882414585646417976e-02
6.883952069645510864e+10 2.828585138673932187e-02
7.028244264308338928e+10 2.775767125411182992e-02
7.175560918936921692e+10 2.723926622022514177e-02
7.325965428215229797e+10 2.673033766462862976e-02
7.479522515621827698e+10 2.623085726415909716e-02
7.636298261282226562e+10 2.574076409084203459e-02
7.796360130405221558e+10 2.525974240110711103e-02
7.959777002314976501e+10 2.478751436537659364e-02
8.126619200091944885e+10 2.432405461882546083e-02
8.296958520834915161e+10 2.386930732460773932e-02
8.470868266557418823e+10 2.342297859856700901e-02
8.648423275731707764e+10 2.298480994759375534e-02
8.829699955494082642e+10 2.255477869160576326e-02
9.014776314524917603e+10 2.213283367122820602e-02
9.203731996618229675e+10 2.171870134102591929e-02
9.396648314954670715e+10 2.131214119243216368e-02
9.593608287093125916e+10 2.091313298004194091e-02
9.794696670695385742e+10 2.052162984108802865e-02
1.000000000000000000e+11 2.013737715477818477e-02
1.020960662306047516e+11 1.976015114028271610e-02
1.042360673976403351e+11 1.938993375845466174e-02
1.064209244064726715e+11 1.902668209258080376e-02
1.086515774652537231e+11 1.867015913138844393e-02
1.109289864895222778e+11 1.832015665350674935e-02
1.132541315152812653e+11 1.797665861739514842e-02
1.156280131207372894e+11 1.763962572968497122e-02
1.180516528568803101e+11 1.730883736565339004e-02
1.205260936870841370e+11 1.698409977720783878e-02
1.230524004359261475e+11 1.666539872995353999e-02
1.256316602474121399e+11 1.635269825693287660e-02
1.282649830528062439e+11 1.604579298250225633e-02
1.309535020482670288e+11 1.574450262201455841e-02
1.336983741824945221e+11 1.544881457444549806e-02
1.365007806546013794e+11 1.515869592599892839e-02
1.393619274224143372e+11 1.487395549217773380e-02
1.422830457214349060e+11 1.459442551291846232e-02
1.452653925946778259e+11 1.432009486204260593e-02
1.483102514336102905e+11 1.405093342749942631e-02
1.514189325304352112e+11 1.378676323196995068e-02
1.545927736419478455e+11 1.352742816697301981e-02
1.578331405652119751e+11 1.327291843668812477e-02
1.611414277253023071e+11 1.302320649956479476e-02
1.645190587753660583e+11 1.277812667014864567e-02
1.679674872092653198e+11 1.253753367983742074e-02
1.714881969870540771e+11 1.230141893151739940e-02
1.750827031735719604e+11 1.206975724139240994e-02
1.787525525904231873e+11 1.184239436448791642e-02
1.824993244816150513e+11 1.161919511730085709e-02
1.863246311931559753e+11 1.140015198149483926e-02
1.902301188668945618e+11 1.118524193542555674e-02
1.942174681489028320e+11 1.097432138258063253e-02
1.982883949127075500e+11 1.076726452265982029e-02
2.024446509976802063e+11 1.056406480696022408e-02
2.066880249629082031e+11 1.036470119613106845e-02
2.110203428568596497e+11 1.016904000530939427e-02
2.154434690031877747e+11 9.976964164686743033e-03
2.199593068030070190e+11 9.788467995905283936e-03
2.245697995539771729e+11 9.603532276534850268e-03
2.292769312865648804e+11 9.422032547904543240e-03
2.340827276178294067e+11 9.243859863663293763e-03
2.389892566231052551e+11 9.069009325537885982e-03
2.439986297259555054e+11 8.897463376034002100e-03
2.491130026067796021e+11 8.729106144914754173e-03
2.543345761304648132e+11 8.563836244743966430e-03
2.596655972934872437e+11 8.401649475322956959e-03
2.651083601908530884e+11 8.242529804396308418e-03
2.706652070033235779e+11 8.086369356800323163e-03
2.763385290053167114e+11 7.933073778947695096e-03
2.821307675939470825e+11 7.782639494246327075e-03
2.880444153396297607e+11 7.635051867331934042e-03
2.940820170587066650e+11 7.490210466012058553e-03
3.002461709085555420e+11 7.348027482172758348e-03
3.065395295056536255e+11 7.208499895264295146e-03
3.129648010670750732e+11 7.071614348911379327e-03
3.195247505759213257e+11 6.937277340155208194e-03
3.262222009711659546e+11 6.805407152099444447e-03
3.330600343624581909e+11 6.676001258989146085e-03
3.400411932703702393e+11 6.549047475128411989e-03
3.471686818926559448e+11 6.424458748748154702e-03
3.544455673970435181e+11 6.302159031622897763e-03
3.618749812411284180e+11 6.182146237309560366e-03
3.694601205199309692e+11 6.064409251340872366e-03
3.772042493417008667e+11 5.948867028268529054e-03
3.851107002325568848e+11 5.835448795476097343e-03
3.931828755705770264e+11 5.724152855616546944e-03
4.014242490499309692e+11 5.614969074133338393e-03
4.098383671757252808e+11 5.507821997901586435e-03
4.184288507901575928e+11 5.402645764263241425e-03
4.271993966306776123e+11 5.299439019551069503e-03
4.361537789208005371e+11 5.198192525306492666e-03
4.452958509942659912e+11 5.098836035432096313e-03
4.546295469532408447e+11 5.001308257053006801e-03
4.641588833612791138e+11 4.905608139156346706e-03
4.738879609717650757e+11 4.811727262467683022e-03
4.838209664925957031e+11 4.719600229312640068e-03
4.939621743878305664e+11 4.629170000128317655e-03
5.043159487171348267e+11 4.540435789531589196e-03
5.148867450137487183e+11 4.453389926853902961e-03
5.256791122018419189e+11 4.367971529083438526e-03
5.366976945540476074e+11 4.284127515519171175e-03
5.479472336900292969e+11 4.201857333036935517e-03
5.594325706169388428e+11 4.121153994840840579e-03
5.711586478126446533e+11 4.041960821908052726e-03
5.831305113526218262e+11 3.964228418445475514e-03
5.953533130814368896e+11 3.887956433536375340e-03
6.078323128297211914e+11 3.813138504889101651e-03
6.205728806776488037e+11 3.739721868294817661e-03
6.335804992658240967e+11 3.667660557956951145e-03
6.468607661546320801e+11 3.596954398143292504e-03
6.604193962330305176e+11 3.527597596643363559e-03
6.742622241778348389e+11 3.459541034870589494e-03
6.883952069645510254e+11 3.392741939830007120e-03
7.028244264308366699e+11 3.327200286708452328e-03
7.175560918936921387e+11 3.262910803493336911e-03
7.325965428215229492e+11 3.199827766625514946e-03
7.479522515621828613e+11 3.137911375192991431e-03
7.636298261282225342e+11 3.077161733544211616e-03
7.796360130405220947e+11 3.017574044152902552e-03
7.959777002314978027e+11 2.959105745196932875e-03
8.126619200091945801e+11 2.901719802449154520e-03
8.296958520834915771e+11 2.845416429941605239e-03
8.470868266557419434e+11 2.790191262763402208e-03
8.648423275731743164e+11 2.736004683633629954e-03
8.829699955494082031e+11 2.682822233861637158e-03
9.014776314524916992e+11 2.630644219758863575e-03
9.203731996618229980e+11 2.579466670684256273e-03
9.396648314954670410e+11 2.529252711681120348e-03
9.593608287093126221e+11 2.479970281700641724e-03
9.794696670695385742e+11 2.431619763808071794e-03
1.000000000000000000e+12 2.384197546531021186e-03
1.020960662306047485e+12 2.337669308955678867e-03
1.042360673976403198e+12 2.292005222107478413e-03
1.064209244064726929e+12 2.247205731988639356e-03
1.086515774652537354e+12 2.203267554170781819e-03
1.109289864895222656e+12 2.160158746469527814e-03
1.132541315152812744e+12 2.117851557886156130e-03
1.156280131207372803e+12 2.076346485089612323e-03
1.180516528568802979e+12 2.035640541306049048e-03
1.205260936870841309e+12 1.995703999836164096e-03
1.230524004359261719e+12 1.956511044224204781e-03
1.256316602474121338e+12 1.918062210938532809e-03
1.282649830528062500e+12 1.880354783983708995e-03
1.309535020482670410e+12 1.843361100129542419e-03
1.336983741824945068e+12 1.807057143954852530e-03
1.365007806546013672e+12 1.771443482130990229e-03
1.393619274224143311e+12 1.736517644868154240e-03
1.422830457214348877e+12 1.702253890844137967e-03
1.452653925946778320e+12 1.668629881394179679e-03
1.483102514336102783e+12 1.635646204942083201e-03
1.514189325304351807e+12 1.603300615451178079e-03
1.545927736419478516e+12 1.571569161672192435e-03
1.578331405652119873e+12 1.540431066007725419e-03
1.611414277253023193e+12 1.509886931220416530e-03
1.645190587753660889e+12 1.479934714517259836e-03
1.679674872092653076e+12 1.450552131940797181e-03
1.714881969870540771e+12 1.421719859262532545e-03
1.750827031735719727e+12 1.393438507106970663e-03
1.787525525904231689e+12 1.365706217198148741e-03
1.824993244816150391e+12 1.338502258516664333e-03
1.863246311931559814e+12 1.311808659939193598e-03
1.902301188668945801e+12 1.285626034320290966e-03
1.942174681489028320e+12 1.259952690808710746e-03
1.982883949127075439e+12 1.234769344814299220e-03
2.024446509976801758e+12 1.210059284974194290e-03
2.066880249629082031e+12 1.185823121499806655e-03
2.110203428568596680e+12 1.162059315372932855e-03
2.154434690031877930e+12 1.138749929226659909e-03
2.199593068030070312e+12 1.115879424549747964e-03
2.245697995539771484e+12 1.093448404721188540e-03
2.292769312865648926e+12 1.071455468340154005e-03
2.340827276178293945e+12 1.049883932854071052e-03
2.389892566231052246e+12 1.028719351685182266e-03
2.439986297259555176e+12 1.007962317804433211e-03
2.491130026067796387e+12 9.876115544734374342e-04
2.543345761304647949e+12 9.676515478739985921e-04
2.596655972934872070e+12 9.480688680179722144e-04
2.651083601908530762e+12 9.288640944430091341e-04
2.706652070033235840e+12 9.100360632728143146e-04
2.763385290053166992e+12 8.915703492361816982e-04
2.821307675939470703e+12 8.734544687783866220e-04
2.880444153396297852e+12 8.556889854712107762e-04
2.940820170587066406e+12 8.382728375584901602e-04
3.002461709085555176e+12 8.211926136134417359e-04
3.065395295056536133e+12 8.044367111862725864e-04
3.129648010670750488e+12 7.880056757910398153e-04
3.195247505759213867e+12 7.718985380179613741e-04
3.262222009711660156e+12 7.561028306892755369e-04
3.330600343624582031e+12 7.406077716260574349e-04
3.400411932703702637e+12 7.254138865836700333e-04
3.471686818926559082e+12 7.105202896118383840e-04
3.544455673970435547e+12 6.959153929438403018e-04
3.618749812411284180e+12 6.815891780181274973e-04
3.694601205199310059e+12 6.675421494808771389e-04
3.772042493417008789e+12 6.537734967672262755e-04
3.851107002325568848e+12 6.402724511108259927e-04
3.931828755705770020e+12 6.270297048082136126e-04
4.014242490499309570e+12 6.140457403562920267e-04
4.098383671757252930e+12 6.013198152437016549e-04
4.184288507901576172e+12 5.888419234190615890e-04
4.271993966306776855e+12 5.766034189013328603e-04
4.361537789208005859e+12 5.646047612728622572e-04
4.452958509942660156e+12 5.528452694232054761e-04
4.546295469532409180e+12 5.413156475706853380e-04
4.641588833612791016e+12 5.300078656943864926e-04
4.738879609717650391e+12 5.189223599393708464e-04
4.838209664925957031e+12 5.080585045639054477e-04
4.939621743878305664e+12 4.974076651877061897e-04
5.043159487171347656e+12 4.869623851277752832e-04
5.148867450137486328e+12 4.767230767819521302e-04
5.256791122018418945e+12 4.666891643122091332e-04
5.366976945540475586e+12 4.568526292025914463e-04
5.479472336900291992e+12 4.472065484089420787e-04
5.594325706169388672e+12 4.377513104594512282e-04
5.711586478126446289e+12 4.284863844732026274e-04
5.831305113526218750e+12 4.194043253644357634e-04
5.953533130814370117e+12 4.104987067509767787e-04
6.078323128297210938e+12 4.017698933326305341e-04
6.205728806776487305e+12 3.932173947120968962e-04
6.335804992658241211e+12 3.848342996899893186e-04
6.468607661546321289e+12 3.766146441034388210e-04
6.604193962330305664e+12 3.685587690071843786e-04
6.742622241778348633e+12 3.606662204454987074e-04
6.883952069645509766e+12 3.529305842537190240e-04
7.028244264308366211e+12 3.453463264050629276e-04
7.175560918936920898e+12 3.379137646151848221e-04
7.325965428215229492e+12 3.306324777216379388e-04
7.479522515621797852e+12 3.234965142506397327e-04
7.636298261282225586e+12 3.165007404253980723e-04
7.796360130405220703e+12 3.096454510339156680e-04
7.959777002314977539e+12 3.029302544173542375e-04
8.126619200091945312e+12 2.963496297853289267e-04
8.296958520834915039e+12 2.898988157707556561e-04
8.470868266557419922e+12 2.835780847349199689e-04
8.648423275731745117e+12 2.773870715599839913e-04
8.829699955494082031e+12 2.713206563079580374e-04
9.014776314524917969e+12 2.653744240863285244e-04
9.203731996618228516e+12 2.595486254066425597e-04
9.396648314954669922e+12 2.538429190271826431e-04
9.593608287093126953e+12 2.482525580593004520e-04
9.794696670695386719e+12 2.427734499243155790e-04
1.000000000000000000e+13 2.374058239242843706e-04
1.020960662306047461e+13 2.321493602995544766e-04
1.042360673976403125e+13 2.269996592974049185e-04
1.064209244064726758e+13 2.219529281448265714e-04
1.086515774652537305e+13 2.170093756267689694e-04
1.109289864895222656e+13 2.121687013181068789e-04
1.132541315152812695e+13 2.074268284492954953e-04
1.156280131207373047e+13 2.027802430839186420e-04
1.180516528568803125e+13 1.982291342243020448e-04
1.205260936870841211e+13 1.937732188559771807e-04
1.230524004359261523e+13 1.894087206804353455e-04
1.256316602474121484e+13 1.851323850624035281e-04
1.282649830528062695e+13 1.809443819891455227e-04
1.309535020482670312e+13 1.768444441366623192e-04
1.336983741824945312e+13 1.728290746945517267e-04
1.365007806546013672e+13 1.688952601288527453e-04
1.393619274224143359e+13 1.650431522050598877e-04
1.422830457214349023e+13 1.612724977541649899e-04
1.452653925946778320e+13 1.575800598960555826e-04
1.483102514336102734e+13 1.539630492424805253e-04
1.514189325304351953e+13 1.504216001487862194e-04
1.545927736419478516e+13 1.469554722328677372e-04
1.578331405652119727e+13 1.435616703153758003e-04
1.611414277253023242e+13 1.402376133572830739e-04
1.645190587753660742e+13 1.369834191275592916e-04
1.679674872092653125e+13 1.337988588146864623e-04
1.714881969870541016e+13 1.306811619485499256e-04
1.750827031735719922e+13 1.276279411227475801e-04
1.787525525904231641e+13 1.246392983503661516e-04
1.824993244816150391e+13 1.217150153113457609e-04
1.863246311931559766e+13 1.188525304073609969e-04
1.902301188668945703e+13 1.160496361542284294e-04
1.942174681489028516e+13 1.133064196414872653e-04
1.982883949127075391e+13 1.106226720856160140e-04
2.024446509976801562e+13 1.079960259984532825e-04
2.066880249629082031e+13 1.054244410452604791e-04
2.110203428568596484e+13 1.029079902220365926e-04
2.154434690031877734e+13 1.004464734389294654e-04
2.199593068030070312e+13 9.803770355932838766e-05
2.245697995539771484e+13 9.567979549887894444e-05
2.292769312865648828e+13 9.337280898387087264e-05
2.340827276178294141e+13 9.111655187625076634e-05
2.389892566231052344e+13 8.890900456746292943e-05
2.439986297259555078e+13 8.674842613858762316e-05
2.491130026067785938e+13 8.463486386056744669e-05
2.543345761304648438e+13 8.256813289605640955e-05
2.596655972934872656e+13 8.054636921264202458e-05
2.651083601908530859e+13 7.856796573043922953e-05
2.706652070033235938e+13 7.663295806692418304e-05
2.763385290053166797e+13 7.474116811595168290e-05
2.821307675939470703e+13 7.289087628231551012e-05
2.880444153396297656e+13 7.108059970608172733e-05
2.940820170587066797e+13 6.931036313863278315e-05
3.002461709085555078e+13 6.757999470904303718e-05
3.065395295056535938e+13 6.588790887879599672e-05
3.129648010670750391e+13 6.423273804835824574e-05
3.195247505759213672e+13 6.261449687399810290e-05
3.262222009711659766e+13 6.103301929002274138e-05
3.330600343624581641e+13 5.948684414156806704e-05
3.400411932703702734e+13 5.797471074484011601e-05
3.471686818926559766e+13 5.649662441367734174e-05
3.544455673970435938e+13 5.505242451653321440e-05
3.618749812411284375e+13 5.364076526888766894e-05
3.694601205199309375e+13 5.226048513113029317e-05
3.772042493417008594e+13 5.091158080746588431e-05
3.851107002325568750e+13 4.959389678174114930e-05
3.931828755705770312e+13 4.830619424173635776e-05
4.014242490499309375e+13 4.704740355479458078e-05
4.098383671757252344e+13 4.581751352715252197e-05
4.184288507901575781e+13 4.461637348603485881e-05
4.271993966306776562e+13 4.344284376796925327e-05
4.361537789208005469e+13 4.229593990876773344e-05
4.452958509942659375e+13 4.117564350669478064e-05
4.546295469532408594e+13 4.008180850218881404e-05
4.641588833612791406e+13 3.901338709310368569e-05
4.738879609717650781e+13 3.796947371038869340e-05
4.838209664925957031e+13 3.695004341168938095e-05
4.939621743878305469e+13 3.595495455725986365e-05
5.043159487171348438e+13 3.498324441914423298e-05
5.148867450137487500e+13 3.403408048401865326e-05
5.256791122018419531e+13 3.310743191306949826e-05
5.366976945540475781e+13 3.220316132561529114e-05
5.479472336900292188e+13 3.132038474789724999e-05
5.594325706169388281e+13 3.045833728783633798e-05
5.711586478126446875e+13 2.961698283058984422e-05
5.831305113526218750e+13 2.879618812218459178e-05
5.953533130814369531e+13 2.799514205879866287e-05
6.078323128297210938e+13 2.721314231258226964e-05
6.205728806776487500e+13 2.645014808869064883e-05
6.335804992658241406e+13 2.570603015212436914e-05
6.468607661546320312e+13 2.498004479160490526e-05
6.604193962330304688e+13 2.427154753894627631e-05
6.742622241778349219e+13 2.358049349092395847e-05
6.883952069645510938e+13 2.290675734537536473e-05
7.028244264308367188e+13 2.224965768634825316e-05
7.175560918936920312e+13 2.160860352988791465e-05
7.325965428215229688e+13 2.098354641164564138e-05
7.479522515621796875e+13 2.037436489489650649e-05
7.636298261282225000e+13 1.978043511697329874e-05
7.796360130405220312e+13 1.920121551004932845e-05
7.959777002314978125e+13 1.863665457143550566e-05
8.126619200091945312e+13 1.808663467834305976e-05
8.296958520834914062e+13 1.755058511097612217e-05
8.470868266557418750e+13 1.702800993632034183e-05
8.648423275731743750e+13 1.651885511151403448e-05
8.829699955494082812e+13 1.602300678945224922e-05
9.014776314524917188e+13 1.553994329245427054e-05
9.203731996618229688e+13 1.506921080858815162e-05
9.396648314954671875e+13 1.461075322824149851e-05
9.593608287093126562e+13 1.416446045260155410e-05
9.794696670695385938e+13 1.372985603468534707e-05
1.000000000000000000e+14 1.330652501996426719e-05
1.020960662306047656e+14 1.289440968114315325e-05
1.042360673976403281e+14 1.249340364937932306e-05
1.064209244064726875e+14 1.210307216749598241e-05
1.086515774652537188e+14 1.172303610818604437e-05
1.109289864895222656e+14 1.135323655112143331e-05
1.132541315152812656e+14 1.099357084596950808e-05
1.156280131207372969e+14 1.064364263700244329e-05
1.180516528568803125e+14 1.030310581189440886e-05
1.205260936870841250e+14 9.971900657724021242e-06
1.230524004359261562e+14 9.649928236525922830e-06
1.256316602474121406e+14 9.336827541938319352e-06
1.282649830528062500e+14 9.032282868145166213e-06
1.309535020482670312e+14 8.736234086210726210e-06
1.336983741824945156e+14 8.448585968165334706e-06
1.365007806546013906e+14 8.169010025703705969e-06
1.393619274224143594e+14 7.897218541291267299e-06
1.422830457214349062e+14 7.633151322827811500e-06
1.452653925946778125e+14 7.376716852213977216e-06
1.483102514336102812e+14 7.127616534191147598e-06
1.514189325304351875e+14 6.885588398937343848e-06
1.545927736419478438e+14 6.650572520557118726e-06
1.578331405652119688e+14 6.422481091635563590e-06
1.611414277253023125e+14 6.201042977740084818e-06
1.645190587753660625e+14 5.986019882028925188e-06
1.679674872092653125e+14 5.777352450841925380e-06
1.714881969870540938e+14 5.574956587814612074e-06
1.750827031735719688e+14 5.378586367016898141e-06
1.787525525904231875e+14 5.188025244356870877e-06
1.824993244816150312e+14 5.003214720960071024e-06
1.863246311931559688e+14 4.824074409901804563e-06
1.902301188668945625e+14 4.650381509132122876e-06
1.942174681489028438e+14 4.481939451041205914e-06
1.982883949127075312e+14 4.318690850865502813e-06
2.024446509976801875e+14 4.160559026665754180e-06
2.066880249629082188e+14 4.007342372478365792e-06
2.110203428568596562e+14 3.858862655415382597e-06
2.154434690031877812e+14 3.715063841346113576e-06
2.199593068030070312e+14 3.575872945142898634e-06
2.245697995539771562e+14 3.441107775498641423e-06
2.292769312865648750e+14 3.310606917830400300e-06
2.340827276178294375e+14 3.184315902584373145e-06
2.389892566231052500e+14 3.062165428643538405e-06
2.439986297259555000e+14 2.943991074408574089e-06
2.491130026067785938e+14 2.829646843853852164e-06
2.543345761304648125e+14 2.719080023512666688e-06
2.596655972934872500e+14 2.612224977917022462e-06
2.651083601908530625e+14 2.508933537295396626e-06
2.706652070033235938e+14 2.409073832854500696e-06
2.763385290053167188e+14 2.312595076395862146e-06
2.821307675939470625e+14 2.219435273266398459e-06
2.880444153396298125e+14 2.129461105775972332e-06
2.940820170587066250e+14 2.042553641629539882e-06
3.002461709085555000e+14 1.958664164873468006e-06
3.065395295056535625e+14 1.877734289583967397e-06
3.129648010670750625e+14 1.799644260185974906e-06
3.195247505759213750e+14 1.724286983420037555e-06
3.262222009711659375e+14 1.651615940530167456e-06
3.330600343624581250e+14 1.581576314285028573e-06
3.400411932703702500e+14 1.514060723151058131e-06
3.471686818926559375e+14 1.448972901848947955e-06
3.544455673970435625e+14 1.386268632084372210e-06
3.618749812411283750e+14 1.325896616866766156e-06
3.694601205199310000e+14 1.267760755196545105e-06
3.772042493417008750e+14 1.211774678683981044e-06
3.851107002325568750e+14 1.157896551388156072e-06
3.931828755705770000e+14 1.106078539178705168e-06
4.014242490499310000e+14 1.056234815552147663e-06
4.098383671757253125e+14 1.008288051638714414e-06
4.184288507901576250e+14 9.621988546182190126e-07
4.271993966306776875e+14 9.179227864382686092e-07
4.361537789208005625e+14 8.753833698359327255e-07
4.452958509942660000e+14 8.345115259988681551e-07
4.546295469532408750e+14 7.952703453176328365e-07
4.641588833612791250e+14 7.576187094013141049e-07
4.738879609717650625e+14 7.214886395435699177e-07
4.838209664925956875e+14 6.868185800020313860e-07
4.939621743878305000e+14 6.535741242908971865e-07
5.043159487171348125e+14 6.217173874399591653e-07
5.148867450137486875e+14 5.911881072281189997e-07
5.256791122018418750e+14 5.619315812342940456e-07
5.366976945540476250e+14 5.339159062960015706e-07
5.479472336900293125e+14 5.071063346297108508e-07
5.594325706169389375e+14 4.814496013931134916e-07
5.711586478126446250e+14 4.568972401051184981e-07
5.831305113526218750e+14 4.334198321054099667e-07
5.953533130814370000e+14 4.109856607215401283e-07
6.078323128297211250e+14 3.895477972501900738e-07
6.205728806776487500e+14 3.690634417523709661e-07
6.335804992658241250e+14 3.495056231334563559e-07
6.468607661546320000e+14 3.308455402349080135e-07
6.604193962330305000e+14 3.130419923353999296e-07
6.742622241778348750e+14 2.960573204965550508e-07
6.883952069645510000e+14 2.798669470942283062e-07
7.028244264308366250e+14 2.644448617623386608e-07
7.175560918936921250e+14 2.497550321852951928e-07
7.325965428215230000e+14 2.357644548898917541e-07
7.479522515621797500e+14 2.224508755336729573e-07
7.636298261282225000e+14 2.097909412569287040e-07
7.796360130405220000e+14 1.977532730323579507e-07
7.959777002314977500e+14 1.863090738495590685e-07
8.126619200091946250e+14 1.754383276292344464e-07
8.296958520834916250e+14 1.651201979388495573e-07
8.470868266557420000e+14 1.553274846478012232e-07
8.648423275731745000e+14 1.460351816362568635e-07
8.829699955494082500e+14 1.372254126950236190e-07
9.014776314524917500e+14 1.288797099347056780e-07
9.203731996618230000e+14 1.209746151201697713e-07
9.396648314954671250e+14 1.134885281374813616e-07
9.593608287093126250e+14 1.064056024865597385e-07
9.794696670695385000e+14 9.970958527555640194e-08
1.000000000000000000e+15 9.338035756366787291e-08
1.020960662306047500e+15 8.739936864488886409e-08
1.042360673976403250e+15 8.175268157239155200e-08
1.064209244064722375e+15 7.642610057471148846e-08
1.086515774652537375e+15 7.140247518304471551e-08
1.109289864895222875e+15 6.666597372075319006e-08
1.132541315152812750e+15 6.220444053455140249e-08
1.156280131207377750e+15 5.800557621185415725e-08
1.180516528568803000e+15 5.405485739396958947e-08
1.205260936870841250e+15 5.033886548839122829e-08
1.230524004359261500e+15 4.684709175013034167e-08
1.256316602474121500e+15 4.356897104913918567e-08
1.282649830528062500e+15 4.049229326797584692e-08
1.309535020482665000e+15 3.760576995068188932e-08
1.336983741824945250e+15 3.490040086908423569e-08
1.365007806546013750e+15 3.236719349195459823e-08
1.393619274224143500e+15 2.999596291546265509e-08
1.422830457214354750e+15 2.777728969322882446e-08
1.452653925946778250e+15 2.570354184725041536e-08
1.483102514336102750e+15 2.376713987599760448e-08
1.514189325304352000e+15 2.195966048428597917e-08
1.545927736419478500e+15 2.027331297062235576e-08
1.578331405652119500e+15 1.870169359434619661e-08
1.611414277253016750e+15 1.723848016389248377e-08
1.645190587753660750e+15 1.587677061828821904e-08
1.679674872092653250e+15 1.461018282438661473e-08
1.714881969870541000e+15 1.343340357887387485e-08
1.750827031735726750e+15 1.234121779686990000e-08
1.787525525904231750e+15 1.132802647150451043e-08
1.824993244816150500e+15 1.038865530805941317e-08
1.863246311931559750e+15 9.518748211221671032e-09
1.902301188668945750e+15 8.714054101059547409e-09
1.942174681489028250e+15 7.970080146159553746e-09
1.982883949127067250e+15 7.282678063842048353e-09
2.024446509976801750e+15 6.648321499169490931e-09
2.066880249629082000e+15 6.063588793413770596e-09
2.110203428568596500e+15 5.524916871513062542e-09
2.154434690031886500e+15 5.029020011524232804e-09
2.199593068030070500e+15 4.573081853643717634e-09
2.245697995539771750e+15 4.154385299091106261e-09
2.292769312865648500e+15 3.770140244185428232e-09
2.340827276178294500e+15 3.417777901306280224e-09
2.389892566231052500e+15 3.095081071890593707e-09
2.439986297259545000e+15 2.799923024270351134e-09
2.491130026067786000e+15 2.530148615050640957e-09
2.543345761304648500e+15 2.283777571485273387e-09
2.596655972934872000e+15 2.059090920682096994e-09
2.651083601908541500e+15 1.854449438809156802e-09
2.706652070033235500e+15 1.668212781832885153e-09
2.763385290053167000e+15 1.498877260041427576e-09
2.821307675939470500e+15 1.345131743093493346e-09
2.880444153396297500e+15 1.205733340752734070e-09
2.940820170587066500e+15 1.079453170528654942e-09
3.002461709085543000e+15 9.651678288015138702e-10
3.065395295056523500e+15 8.618945080401548111e-10
3.129648010670750500e+15 7.687071977372911327e-10
3.195247505759214000e+15 6.847008205777810629e-10
3.262222009711673500e+15 6.090506023024509959e-10
3.330600343624582000e+15 5.410333779831705095e-10
3.400411932703702500e+15 4.799720143805593145e-10
3.471686818926559500e+15 4.252120090595781885e-10
3.544455673970435500e+15 3.761590701402436287e-10
3.618749812411284000e+15 3.322915023204397380e-10
3.694601205199294500e+15 2.931239527831273238e-10
3.772042493416993500e+15 2.581923319616937742e-10
3.851107002325568500e+15 2.270769412774219189e-10
3.931828755705770000e+15 1.994092844417277205e-10
4.014242490499326000e+15 1.748488140244453547e-10
4.098383671757253000e+15 1.530733237133762056e-10
4.184288507901576000e+15 1.337927338342746993e-10
4.271993966306776500e+15 1.167525542631075656e-10
4.361537789208006000e+15 1.017192218095426482e-10
4.452958509942660000e+15 8.847403888512506417e-11
4.546295469532390000e+15 7.682109095344687203e-11
4.641588833612773000e+15 6.658879630991392064e-11
4.738879609717651000e+15 5.762081752303611472e-11
4.838209664925957000e+15 4.977226969138291196e-11
4.939621743878326000e+15 4.291407023028094404e-11
5.043159487171349000e+15 3.693346670546307867e-11
5.148867450137487000e+15 3.172849907736488698e-11
5.256791122018419000e+15 2.720564503535166580e-11
5.366976945540476000e+15 2.328208103971390274e-11
5.479472336900292000e+15 1.988571670593016880e-11
5.594325706169389000e+15 1.695187793240383948e-11
5.711586478126423000e+15 1.442185462057304955e-11
5.831305113526218000e+15 1.224399250494079548e-11
5.953533130814370000e+15 1.037352936837464010e-11
6.078323128297236000e+15 8.770642300095027211e-12
6.205728806776513000e+15 7.399558535737947766e-12
6.335804992658241000e+15 6.229028156074110333e-12
6.468607661546321000e+15 5.232113784063806284e-12
6.604193962330306000e+15 4.385060908781212070e-12
6.742622241778349000e+15 3.666758432751763085e-12
6.883952069645510000e+15 3.058906625842920076e-12
7.028244264308338000e+15 2.545828188380804001e-12
7.175560918936921000e+15 2.113826506760417586e-12
7.325965428215230000e+15 1.750862327819824178e-12
7.479522515621829000e+15 1.446586846644495799e-12
7.636298261282257000e+15 1.192196605613386138e-12
7.796360130405221000e+15 9.800759423351381384e-13
7.959777002314978000e+15 8.036063472632292813e-13
8.126619200091945000e+15 6.571500121992572323e-13
8.296958520834915000e+15 5.359489778617605431e-13
8.470868266557420000e+15 4.359301230308747544e-13
8.648423275731709000e+15 3.535951350778783444e-13
8.829699955494083000e+15 2.859931259856246382e-13
9.014776314524918000e+15 2.306557090714504593e-13
9.203731996618230000e+15 1.854931604227185622e-13
9.396648314954710000e+15 1.487326007903616087e-13
9.593608287093126000e+15 1.188943018217404138e-13
9.794696670695384000e+15 9.475256352259702408e-14
