1.020960662306047603e+07 1.295384459095226362e+02
1.042360673976401053e+07 1.271178417547056085e+02
1.064209244064724632e+07 1.247424704962053568e+02
1.086515774652537145e+07 1.224120284329042221e+02
1.109289864895222709e+07 1.201255356998095891e+02
1.132541315152812563e+07 1.178816334840127382e+02
1.156280131207375228e+07 1.156796473713037727e+02
1.180516528568805568e+07 1.135192984370446965e+02
1.205260936870841496e+07 1.113996783282890561e+02
1.230524004359261692e+07 1.093195258629828999e+02
1.256316602474121563e+07 1.072782168262082507e+02
1.282649830528059974e+07 1.052754950890596746e+02
1.309535020482667536e+07 1.033105185668066213e+02
1.336983741824945062e+07 1.013821166473632047e+02
1.365007806546013802e+07 9.948971157184699621e+01
1.393619274224143475e+07 9.763306818180053881e+01
1.422830457214351930e+07 9.581140580422537312e+01
1.452653925946781226e+07 9.402363784766536980e+01
1.483102514336102828e+07 9.226922954696608770e+01
1.514189325304351933e+07 9.054796503332431712e+01
1.545927736419478431e+07 8.885912054546083994e+01
1.578331405652116425e+07 8.720168744130944560e+01
1.611414277253019996e+07 8.557517074466296947e+01
1.645190587753660791e+07 8.397937232815932873e+01
1.679674872092653066e+07 8.241362117342674765e+01
1.714881969870540872e+07 8.087698095759689920e+01
1.750827031735723466e+07 7.936899352864740820e+01
1.787525525904235244e+07 7.788947707458186187e+01
1.824993244816150516e+07 7.643780945763391799e+01
1.863246311931559816e+07 7.501312145334941306e+01
1.902301188668945804e+07 7.361498898983676042e+01
1.942174681489024311e+07 7.224324525785131357e+01
1.982883949127071351e+07 7.089731342249937995e+01
2.024446509976801649e+07 6.957638651563617316e+01
2.066880249629081786e+07 6.828007200591106596e+01
2.110203428568596393e+07 6.700821687889153111e+01
2.154434690031882003e+07 6.576028628724911584e+01
2.199593068030074611e+07 6.453553102850398204e+01
2.245697995539776236e+07 6.333358776271728630e+01
2.292769312865648791e+07 6.215431615694259193e+01
2.340827276178294048e+07 6.099722028054559786e+01
2.389892566231048107e+07 5.986160453194904107e+01
2.439986297259550542e+07 5.874713258832330354e+01
2.491130026067791134e+07 5.765367577405379507e+01
2.543345761304648221e+07 5.658077422936781176e+01
2.596655972934872285e+07 5.552778209098445927e+01
2.651083601908536255e+07 5.449438804137210468e+01
2.706652070033241063e+07 5.348047411941858087e+01
2.763385290053172782e+07 5.248561389884203265e+01
2.821307675939470530e+07 5.150920767271603751e+01
2.880444153396297619e+07 5.055096726690938169e+01
2.940820170587060601e+07 4.961078456649266144e+01
3.002461709085549042e+07 4.868826413613274440e+01
3.065395295056529716e+07 4.778284910212663306e+01
3.129648010670750216e+07 4.689427271056840851e+01
3.195247505759213492e+07 4.602243589435447291e+01
3.262222009711666778e+07 4.516697194492671485e+01
3.330600343624588847e+07 4.432736373986637801e+01
3.400411932703709602e+07 4.350336435104458843e+01
3.471686818926559389e+07 4.269488302353967413e+01
3.544455673970435560e+07 4.190157967835503428e+01
3.618749812411276251e+07 4.112297408546054100e+01
3.694601205199302733e+07 4.035883766652590054e+01
3.772042493417001516e+07 3.960908730296386437e+01
3.851107002325568348e+07 3.887340760109967164e+01
3.931828755705770105e+07 3.815135257114766887e+01
4.014242490499317646e+07 3.744271061951276636e+01
4.098383671757261455e+07 3.674740564091312223e+01
4.184288507901584357e+07 3.606514512583613907e+01
4.271993966306776553e+07 3.539551486495707167e+01
4.361537789208005369e+07 3.473831898539224028e+01
4.452958509942659736e+07 3.409348782247907650e+01
4.546295469532398880e+07 3.346075008176804744e+01
4.641588833612781763e+07 3.283972105208747649e+01
4.738879609717650712e+07 3.223021941160767057e+01
4.838209664925957471e+07 3.163218140966668201e+01
4.939621743878325820e+07 3.104535541972262180e+01
5.043159487171358615e+07 3.046938411167528571e+01
5.148867450137497485e+07 2.990409963231979873e+01
5.256791122018418461e+07 2.934944366019165685e+01
5.366976945540475845e+07 2.880518280328073999e+01
5.479472336900292337e+07 2.827098514829357967e+01
5.594325706169377267e+07 2.774669530881135415e+01
5.711586478126434237e+07 2.723225994674294270e+01
5.831305113526218385e+07 2.672746257611910181e+01
5.953533130814369768e+07 2.623199487806558849e+01
6.078323128297235817e+07 2.574571300577807875e+01
6.205728806776500493e+07 2.526856819466375725e+01
6.335804992658253759e+07 2.480035963330097104e+01
6.468607661546321213e+07 2.434080090652252792e+01
6.604193962330305576e+07 2.388975884914680847e+01
6.742622241778348386e+07 2.344718889292725450e+01
6.883952069645495713e+07 2.301290475982682793e+01
7.028244264308351278e+07 2.258664036960320942e+01
7.175560918936920166e+07 2.216827244446243483e+01
7.325965428215231001e+07 2.175776026596356516e+01
7.479522515621829033e+07 2.135493103163916118e+01
7.636298261282241344e+07 2.095953754061807572e+01
7.796360130405236781e+07 2.057146566739466209e+01
7.959777002314977348e+07 2.019067822452302963e+01
8.126619200091944635e+07 1.981701490496869766e+01
8.296958520834915340e+07 1.945024603634299609e+01
8.470868266557401419e+07 1.909026596515001373e+01
8.648423275731725991e+07 1.873704074208196957e+01
8.829699955494081974e+07 1.839042164671243285e+01
9.014776314524917305e+07 1.805019528180803690e+01
9.203731996618229151e+07 1.771626383624189671e+01
9.396648314954690635e+07 1.738859632950966017e+01
9.593608287093147635e+07 1.706705478549667987e+01
9.794696670695386827e+07 1.675144091906766164e+01
1.000000000000000000e+08 1.644166417869832486e+01
1.020960662306047529e+08 1.613769630508770092e+01
1.042360673976403177e+08 1.583940928578339502e+01
1.064209244064722359e+08 1.554661886833531881e+01
1.086515774652537256e+08 1.525924122135200456e+01
1.109289864895222783e+08 1.497725057942118632e+01
1.132541315152812600e+08 1.470052816996989264e+01
1.156280131207377762e+08 1.442890277150026357e+01
1.180516528568803072e+08 1.416229677350979799e+01
1.205260936870841384e+08 1.390068669547689062e+01
1.230524004359261543e+08 1.364396233386387891e+01
1.256316602474121451e+08 1.339196456841935401e+01
1.282649830528062433e+08 1.314462154741195654e+01
1.309535020482665002e+08 1.290191188322594051e+01
1.336983741824945360e+08 1.266373331946231495e+01
1.365007806546013653e+08 1.242993797427154945e+01
1.393619274224143326e+08 1.220045932691368762e+01
1.422830457214354575e+08 1.197527790637025369e+01
1.452653925946778059e+08 1.175429882680859706e+01
1.483102514336102903e+08 1.153738464394100660e+01
1.514189325304352045e+08 1.132447377210665174e+01
1.545927736419478357e+08 1.111554849491173513e+01
1.578331405652119517e+08 1.091052076262066528e+01
1.611414277253016531e+08 1.070926282509013561e+01
1.645190587753660679e+08 1.051171766528297091e+01
1.679674872092653215e+08 1.031786917276555648e+01
1.714881969870540798e+08 1.012763563832343117e+01
1.750827031735726893e+08 9.940898315974365573e+00
1.787525525904231668e+08 9.757604418078622999e+00
1.824993244816150367e+08 9.577739303590588449e+00
1.863246311931559741e+08 9.401227144460081675e+00
1.902301188668946028e+08 9.227957558334001220e+00
1.942174681489028633e+08 9.057881672928061789e+00
1.982883949127075374e+08 8.890986191298049235e+00
2.024446509976801872e+08 8.727200740589376338e+00
2.066880249629082084e+08 8.566422707482640675e+00
2.110203428568596542e+08 8.408606844412798154e+00
2.154434690031886399e+08 8.253741083513045140e+00
2.199593068030070364e+08 8.101760112160757643e+00
2.245697995539771616e+08 7.952568534102840481e+00
2.292769312865648568e+08 7.806124457456207644e+00
2.340827276178294122e+08 7.662416937846552756e+00
2.389892566231052577e+08 7.521385356729732408e+00
2.439986297259555161e+08 7.382941022436582124e+00
2.491130026067785919e+08 7.247045149736702108e+00
2.543345761304648221e+08 7.113687820910250537e+00
2.596655972934872508e+08 6.982812771930327678e+00
2.651083601908541918e+08 6.854337539976105731e+00
2.706652070033235550e+08 6.728226215892123996e+00
2.763385290053166747e+08 6.604469819782729623e+00
2.821307675939470530e+08 6.483016127327847045e+00
2.880444153396297693e+08 6.363788462803602108e+00
2.940820170587067008e+08 6.246753579705734971e+00
3.002461709085555673e+08 6.131903354503656089e+00
3.065395295056523085e+08 6.019189310638728863e+00
3.129648010670750141e+08 5.908540149322206503e+00
3.195247505759213567e+08 5.799925089169472692e+00
3.262222009711673260e+08 5.693336788311184726e+00
3.330600343624581695e+08 5.588730247195768719e+00
3.400411932703702450e+08 5.486039163159643017e+00
3.471686818926559091e+08 5.385235037042802375e+00
3.544455673970435262e+08 5.286311240159520253e+00
3.618749812411283851e+08 5.189225998907478044e+00
3.694601205199309587e+08 5.093917653102060683e+00
3.772042493416993618e+08 5.000359816539681646e+00
3.851107002325568795e+08 4.908546510922422890e+00
3.931828755705770254e+08 4.818438955785038225e+00
4.014242490499325991e+08 4.729979805047493713e+00
4.098383671757252812e+08 4.643144628709515054e+00
4.184288507901575565e+08 4.557928041368469074e+00
4.271993966306776404e+08 4.474294039770488673e+00
4.361537789208005667e+08 4.392189286974529594e+00
4.452958509942659736e+08 4.311591164098031115e+00
4.546295469532408714e+08 4.232494825945098960e+00
4.641588833612772226e+08 4.154866846225276689e+00
4.738879609717651010e+08 4.078657613916476521e+00
4.838209664925957322e+08 4.003846186942759289e+00
4.939621743878325820e+08 3.930428212071692240e+00
5.043159487171348333e+08 3.858372654229243803e+00
5.148867450137487054e+08 3.787633365285930420e+00
5.256791122018419504e+08 3.718190955643398521e+00
5.366976945540476441e+08 3.650041519831974668e+00
5.479472336900292635e+08 3.583156241740328873e+00
5.594325706169389486e+08 3.517492191832652271e+00
5.711586478126422167e+08 3.453031417880461085e+00
5.831305113526217937e+08 3.389770421727486660e+00
5.953533130814369917e+08 3.327682446447776332e+00
6.078323128297235966e+08 3.266727554204130080e+00
6.205728806776486635e+08 3.206889123551043497e+00
6.335804992658240795e+08 3.148164026645905444e+00
6.468607661546320915e+08 3.090527417549425504e+00
6.604193962330304384e+08 3.033942139349738998e+00
6.742622241778348684e+08 2.978392802732034106e+00
6.883952069645509720e+08 2.923876616298564102e+00
7.028244264308338165e+08 2.870370507631127666e+00
7.175560918936921358e+08 2.817839904961962905e+00
7.325965428215229511e+08 2.766270559771006443e+00
7.479522515621827841e+08 2.715659986146873095e+00
7.636298261282258034e+08 2.665986757661568785e+00
7.796360130405220985e+08 2.617218705826337199e+00
7.959777002314977646e+08 2.569342638356461261e+00
8.126619200091946125e+08 2.522356346510738145e+00
8.296958520834914446e+08 2.476239931559541585e+00
8.470868266557419300e+08 2.430963459340176769e+00
8.648423275731709003e+08 2.386514715521101060e+00
8.829699955494083166e+08 2.342891742642848385e+00
9.014776314524917603e+08 2.300076059947330442e+00
9.203731996618230343e+08 2.258039810634279387e+00
9.396648314954710007e+08 2.216771685836355310e+00
9.593608287093126774e+08 2.176269955744817075e+00
9.794696670695385933e+08 2.136517455763058404e+00
1.000000000000000000e+09 2.097488260621480638e+00
1.020960662306047559e+09 2.059171899817574314e+00
1.042360673976403356e+09 2.021566849594873094e+00
1.064209244064726830e+09 1.984657167070833506e+00
1.086515774652537346e+09 1.948418723016943188e+00
1.109289864895222664e+09 1.912841823166966382e+00
1.132541315152812481e+09 1.877925130101550710e+00
1.156280131207372904e+09 1.843653835030820920e+00
1.180516528568803072e+09 1.810005478867282802e+00
1.205260936870841503e+09 1.776971086058908744e+00
1.230524004359261513e+09 1.744549487537137011e+00
1.256316602474121332e+09 1.712726927301800428e+00
1.282649830528062582e+09 1.681482499424580501e+00
1.309535020482670307e+09 1.650807893816125693e+00
1.336983741824945211e+09 1.620702093339674521e+00
1.365007806546013832e+09 1.591152319357502121e+00
1.393619274224143505e+09 1.562139110392591457e+00
1.422830457214349031e+09 1.533654772510385511e+00
1.452653925946778297e+09 1.505698425544791608e+00
1.483102514336102724e+09 1.478258198225995912e+00
1.514189325304351807e+09 1.451315972507798646e+00
1.545927736419478655e+09 1.424864624957096204e+00
1.578331405652119875e+09 1.398903398741949244e+00
1.611414277253023148e+09 1.373421265016229631e+00
1.645190587753660679e+09 1.348401355278623148e+00
1.679674872092653036e+09 1.323837074332181007e+00
1.714881969870540857e+09 1.299727776255171774e+00
1.750827031735726833e+09 1.276063214360844578e+00
1.787525525904231787e+09 1.252827682437261281e+00
1.824993244816150427e+09 1.230015074388232321e+00
1.863246311931559801e+09 1.207624843890790611e+00
1.902301188668945789e+09 1.185647470493662148e+00
1.942174681489028454e+09 1.164068329178211902e+00
1.982883949127075434e+09 1.142881766714209046e+00
2.024446509976801872e+09 1.122087326082607195e+00
2.066880249629082203e+09 1.101676161173541502e+00
2.110203428568596601e+09 1.081634652779265071e+00
2.154434690031886578e+09 1.061957566987745905e+00
2.199593068030070305e+09 1.042644526723539800e+00
2.245697995539771557e+09 1.023687312054135212e+00
2.292769312865648746e+09 1.005073239516575567e+00
2.340827276178294182e+09 9.867974634517746590e-01
2.389892566231052876e+09 9.688596782212266501e-01
2.439986297259555340e+09 9.512522453716737436e-01
2.491130026067785740e+09 9.339633520497002683e-01
2.543345761304647923e+09 9.169885120887958374e-01
2.596655972934872150e+09 9.003274835593438885e-01
2.651083601908541679e+09 8.839731680045198603e-01
2.706652070033235550e+09 8.679145626271648206e-01
2.763385290053166866e+09 8.521475141237133677e-01
2.821307675939470768e+09 8.366718372588367592e-01
2.880444153396297932e+09 8.214809350669810550e-01
2.940820170587066650e+09 8.065645585180268862e-01
3.002461709085555077e+09 7.919188625117590252e-01
3.065395295056523800e+09 7.775437121428844245e-01
3.129648010670750618e+09 7.634329762026598187e-01
3.195247505759213448e+09 7.495771070885786092e-01
3.262222009711673260e+09 7.359725450728239471e-01
3.330600343624581814e+09 7.226191998147759588e-01
3.400411932703702450e+09 7.095113726890276418e-01
3.471686818926559448e+09 6.966401688588109709e-01
3.544455673970435619e+09 6.840022928291676907e-01
3.618749812411283970e+09 6.715976936011516241e-01
3.694601205199309826e+09 6.594210743408309705e-01
3.772042493416993618e+09 6.474641477304681203e-01
3.851107002325568676e+09 6.357238629326216195e-01
3.931828755705770016e+09 6.242002035650767722e-01
4.014242490499325752e+09 6.128882460036169100e-01
4.098383671757252693e+09 6.017802683720788748e-01
4.184288507901576042e+09 5.908734463668802173e-01
4.271993966306777000e+09 5.801677939516709515e-01
4.361537789208005905e+09 5.696587341756368383e-01
4.452958509942660332e+09 5.593390714794942431e-01
4.546295469532408714e+09 5.492061913104688831e-01
4.641588833612771988e+09 5.392601341187840402e-01
4.738879609717651367e+09 5.294966449958435906e-01
4.838209664925957680e+09 5.199090183108341368e-01
4.939621743878325462e+09 5.104948337223288446e-01
5.043159487171347618e+09 5.012541546873798826e-01
5.148867450137486458e+09 4.921830254697089346e-01
5.256791122018419266e+09 4.832751965256095183e-01
5.366976945540475845e+09 4.745284273358295057e-01
5.479472336900292397e+09 4.659428012284642096e-01
5.594325706169388771e+09 4.575146404070418171e-01
5.711586478126422882e+09 4.492381199392651570e-01
5.831305113526218414e+09 4.411111658041108607e-01
5.953533130814370155e+09 4.331338783785533830e-01
6.078323128297236443e+09 4.253028380931030972e-01
6.205728806776488304e+09 4.176126153486134918e-01
6.335804992658241272e+09 4.100612902859446796e-01
6.468607661546320915e+09 4.026489777944047832e-01
6.604193962330305099e+09 3.953724982264362753e-01
6.742622241778348923e+09 3.882267900835348895e-01
6.883952069645509720e+09 3.812100762446352653e-01
7.028244264308338165e+09 3.743224838337617100e-01
7.175560918936921120e+09 3.675610561300790557e-01
7.325965428215229988e+09 3.609210744015850514e-01
7.479522515621828079e+09 3.544008936874189497e-01
7.636298261282225609e+09 3.480006513059999973e-01
7.796360130405220985e+09 3.417175976807835802e-01
7.959777002314977646e+09 3.355473332783319163e-01
8.126619200091945648e+09 3.294883355027980465e-01
8.296958520834915161e+09 3.235407500418293059e-01
8.470868266557419777e+09 3.177020198078427393e-01
8.648423275731708527e+09 3.119680425384481759e-01
8.829699955494083405e+09 3.063374089332692174e-01
9.014776314524917603e+09 3.008102714194226812e-01
9.203731996618228912e+09 2.953842517884171515e-01
9.396648314954671860e+09 2.900555246470825632e-01
9.593608287093128204e+09 2.848227855925423713e-01
9.794696670695384979e+09 2.796861923390198124e-01
1.000000000000000000e+10 2.746435329170786588e-01
1.020960662306047440e+10 2.696912398204632244e-01
1.042360673976403236e+10 2.648281057669891747e-01
1.064209244064726830e+10 2.600542924660866895e-01
1.086515774652537155e+10 2.553677424490619630e-01
1.109289864895222664e+10 2.507651284321286700e-01
1.132541315152812576e+10 2.462453330531983453e-01
1.156280131207373047e+10 2.418085208711692746e-01
1.180516528568803024e+10 2.374527780152756173e-01
1.205260936870841217e+10 2.331750009863466366e-01
1.230524004359261703e+10 2.289741556743827289e-01
1.256316602474121475e+10 2.248504084745583109e-01
1.282649830528062630e+10 2.208019789874268168e-01
1.309535020482670403e+10 2.168259722003905154e-01
1.336983741824945259e+10 2.129214310812010957e-01
1.365007806546013641e+10 2.090885229679255719e-01
1.393619274224143410e+10 2.053255915263955955e-01
1.422830457214348984e+10 2.016299359921648049e-01
1.452653925946778107e+10 1.980006706939511918e-01
1.483102514336102867e+10 1.944379631274684994e-01
1.514189325304351997e+10 1.909402722861377188e-01
1.545927736419478416e+10 1.875050784019855199e-01
1.578331405652119637e+10 1.841315618704483237e-01
1.611414277253023148e+10 1.808198896573022796e-01
1.645190587753660774e+10 1.775686279674726087e-01
1.679674872092653275e+10 1.743754256937636027e-01
1.714881969870541000e+10 1.712395243965945113e-01
1.750827031735726929e+10 1.681610899126236292e-01
1.787525525904231644e+10 1.651387881179853245e-01
1.824993244816150284e+10 1.621704250837255057e-01
1.863246311931559753e+10 1.592552989959981347e-01
1.902301188668945694e+10 1.563935740429047427e-01
1.942174681489028549e+10 1.535840087669925469e-01
1.982883949127075195e+10 1.508245557277066717e-01
2.024446509976801682e+10 1.481145655337414990e-01
2.066880249629082108e+10 1.454542002770510545e-01
2.110203428568596649e+10 1.428423046586435041e-01
2.154434690031886673e+10 1.402769677738806287e-01
2.199593068030070114e+10 1.377575887622970452e-01
2.245697995539771652e+10 1.352843272365386040e-01
2.292769312865648651e+10 1.328561080092927060e-01
2.340827276178294373e+10 1.304711474457265763e-01
2.389892566231052399e+10 1.281288896124471999e-01
2.439986297259555435e+10 1.258294913175238838e-01
2.491130026067786026e+10 1.235719518671694328e-01
2.543345761304648209e+10 1.213546062683137361e-01
2.596655972934872437e+10 1.191769401777538762e-01
2.651083601908541489e+10 1.170391073257125159e-01
2.706652070033235550e+10 1.149401762914652736e-01
2.763385290053166962e+10 1.128785926894086411e-01
2.821307675939470673e+10 1.108538806767248863e-01
2.880444153396297836e+10 1.088661906791369982e-01
2.940820170587066650e+10 1.069146556979000268e-01
3.002461709085555267e+10 1.049978244729521948e-01
3.065395295056523514e+10 1.031152568007246972e-01
3.129648010670750427e+10 1.012670996175339261e-01
3.195247505759213638e+10 9.945254583864253373e-02
3.262222009711672974e+10 9.767024036125680764e-02
3.330600343624581909e+10 9.591977597206369222e-02
3.400411932703702927e+10 9.420129597006557387e-02
3.471686818926559448e+10 9.251404899509679813e-02
3.544455673970435333e+10 9.085676961166389010e-02
3.618749812411283875e+10 8.922908114377053890e-02
3.694601205199309540e+10 8.763112313834278688e-02
3.772042493416993713e+10 8.606219606619487650e-02
3.851107002325569153e+10 8.452111811411813780e-02
3.931828755705770111e+10 8.300754087222637911e-02
4.014242490499325562e+10 8.152160004984408681e-02
4.098383671757252502e+10 8.006264433012753867e-02
4.184288507901576233e+10 7.862956989104820382e-02
4.271993966306776428e+10 7.722205448583355225e-02
4.361537789208005524e+10 7.584022992689182230e-02
4.452958509942659760e+10 7.448348974615891238e-02
4.546295469532408905e+10 7.315080286707775770e-02
4.641588833612772369e+10 7.184187125876166646e-02
4.738879609717650604e+10 7.055682280034271392e-02
4.838209664925956726e+10 6.929509274614574499e-02
4.939621743878325653e+10 6.805571787782337123e-02
5.043159487171348572e+10 6.683842257753294658e-02
5.148867450137487030e+10 6.564333077498675506e-02
5.256791122018418884e+10 6.446991654073926103e-02
5.366976945540475464e+10 6.331727996116090496e-02
5.479472336900292206e+10 6.218516616215174347e-02
5.594325706169388580e+10 6.107369512568190661e-02
5.711586478126422882e+10 5.998237703690206118e-02
5.831305113526218414e+10 5.891037104408892305e-02
5.953533130814369965e+10 5.785744147132511339e-02
6.078323128297235870e+10 5.682370437000514724e-02
6.205728806776487732e+10 5.580870352834910869e-02
6.335804992658241272e+10 5.481165320280371317e-02
6.468607661546320343e+10 5.383233548465454765e-02
6.604193962330305481e+10 5.287086252545437209e-02
6.742622241778349304e+10 5.192680938144181996e-02
6.883952069645510864e+10 5.099944173279637866e-02
7.028244264308338928e+10 5.008855811302223571e-02
7.175560918936921692e+10 4.919426681625423819e-02
7.325965428215229797e+10 4.831617199583807670e-02
7.479522515621827698e+10 4.745358732166234800e-02
7.636298261282226562e+10 4.660632654284319054e-02
7.796360130405221558e+10 4.577449414856978732e-02
7.959777002314976501e+10 4.495772137070509072e-02
8.126619200091944885e+10 4.415536666821658768e-02
8.296958520834915161e+10 4.336725787015736910e-02
8.470868266557418823e+10 4.259349572181517912e-02
8.648423275731707764e+10 4.183373665658953605e-02
8.829699955494082642e+10 4.108738093916208811e-02
9.014776314524917603e+10 4.035426942706092646e-02
9.203731996618229675e+10 3.963449918996583832e-02
9.396648314954670715e+10 3.892775011744929736e-02
9.593608287093125916e+10 3.823346149874670696e-02
9.794696670695385742e+10 3.755148624643212668e-02
1.000000000000000000e+11 3.688191782898003063e-02
1.020960662306047516e+11 3.622445796900451015e-02
1.042360673976403351e+11 3.557858238752287239e-02
1.064209244064726715e+11 3.494415515093529656e-02
1.086515774652537231e+11 3.432126620591952754e-02
1.109289864895222778e+11 3.370963759865073378e-02
1.132541315152812653e+11 3.310877906449478242e-02
1.156280131207372894e+11 3.251856498943082874e-02
1.180516528568803101e+11 3.193908188179218205e-02
1.205260936870841370e+11 3.137007070737852371e-02
1.230524004359261475e+11 3.081107296190151862e-02
1.256316602474121399e+11 3.026197257856106174e-02
1.282649830528062439e+11 2.972285271402399023e-02
1.309535020482670288e+11 2.919347194793114886e-02
1.336983741824945221e+11 2.867340143448111542e-02
1.365007806546013794e+11 2.816253393910107816e-02
1.393619274224143372e+11 2.766094935592443294e-02
1.422830457214349060e+11 2.716842266385712315e-02
1.452653925946778259e+11 2.668455271543856977e-02
1.483102514336102905e+11 2.620924044645420864e-02
1.514189325304352112e+11 2.574256257944768436e-02
1.545927736419478455e+11 2.528430936277174801e-02
1.578331405652119751e+11 2.483410551918795173e-02
1.611414277253023071e+11 2.439185954214700622e-02
1.645190587753660583e+11 2.395764507475200977e-02
1.679674872092653198e+11 2.353126658378322175e-02
1.714881969870540771e+11 2.311237295708446632e-02
1.750827031735719604e+11 2.270087967863184189e-02
1.787525525904231873e+11 2.229685740492179380e-02
1.824993244816150513e+11 2.190012384338521981e-02
1.863246311931559753e+11 2.151035045638869866e-02
1.902301188668945618e+11 2.112745919346523810e-02
1.942174681489028320e+11 2.075151781756779182e-02
1.982883949127075500e+11 2.038235636707522169e-02
2.024446509976802063e+11 2.001966739509708840e-02
2.066880249629082031e+11 1.966337883079553525e-02
2.110203428568596497e+11 1.931355563646486653e-02
2.154434690031877747e+11 1.897003933502561246e-02
2.199593068030070190e+11 1.863254218601643336e-02
2.245697995539771729e+11 1.830099764847508900e-02
2.292769312865648804e+11 1.797546797638568256e-02
2.340827276178294067e+11 1.765580538965710530e-02
2.389892566231052551e+11 1.734174056265113534e-02
2.439986297259555054e+11 1.703321206797732065e-02
2.491130026067796021e+11 1.673027954285520938e-02
2.543345761304648132e+11 1.643280517133539204e-02
2.596655972934872437e+11 1.614053683736294334e-02
2.651083601908530884e+11 1.585341784184325642e-02
2.706652070033235779e+11 1.557150529567112238e-02
2.763385290053167114e+11 1.529467066505379134e-02
2.821307675939470825e+11 1.502267791880750221e-02
2.880444153396297607e+11 1.475547472955419243e-02
2.940820170587066650e+11 1.449311577098746570e-02
3.002461709085555420e+11 1.423548115678324039e-02
3.065395295056536255e+11 1.398234989096362041e-02
3.129648010670750732e+11 1.373367368786303569e-02
3.195247505759213257e+11 1.348950487158528076e-02
3.262222009711659546e+11 1.324973161257354468e-02
3.330600343624581909e+11 1.301414697033432752e-02
3.400411932703702393e+11 1.278270639551827223e-02
3.471686818926559448e+11 1.255545994858658747e-02
3.544455673970435181e+11 1.233230330694662542e-02
3.618749812411284180e+11 1.211304267107909602e-02
3.694601205199309692e+11 1.189763694533278737e-02
3.772042493417008667e+11 1.168613401067044623e-02
3.851107002325568848e+11 1.147843653969592148e-02
3.931828755705770264e+11 1.127436302013920186e-02
4.014242490499309692e+11 1.107387554853497998e-02
4.098383671757252808e+11 1.087701990857289913e-02
4.184288507901575928e+11 1.068370529165721741e-02
4.271993966306776123e+11 1.049376167572991549e-02
4.361537789208005371e+11 1.030715410751635586e-02
4.452958509942659912e+11 1.012392635366022101e-02
4.546295469532408447e+11 9.943993680879441299e-03
4.641588833612791138e+11 9.767196813127546756e-03
4.738879609717650757e+11 9.593503523419592144e-03
4.838209664925957031e+11 9.422955639502553563e-03
4.939621743878305664e+11 9.255474090515662319e-03
5.043159487171348267e+11 9.090909651515344594e-03
5.148867450137487183e+11 8.929232614636710072e-03
5.256791122018419189e+11 8.770482944761201147e-03
5.366976945540476074e+11 8.614586849024954973e-03
5.479472336900292969e+11 8.461404504633137855e-03
5.594325706169388428e+11 8.310908531171260286e-03
5.711586478126446533e+11 8.163137104519612580e-03
5.831305113526218262e+11 8.018021351870173799e-03
5.953533130814368896e+11 7.875430246480555688e-03
6.078323128297211914e+11 7.735338558067221364e-03
6.205728806776488037e+11 7.597782745190346035e-03
6.335804992658240967e+11 7.462698521788883183e-03
6.468607661546320801e+11 7.329963091054195537e-03
6.604193962330305176e+11 7.199553208793729731e-03
6.742622241778348389e+11 7.071503685734865409e-03
6.883952069645510254e+11 6.945754512168849162e-03
7.028244264308366699e+11 6.822190592396551630e-03
7.175560918936921387e+11 6.700790516575044764e-03
7.325965428215229492e+11 6.581587514879246731e-03
7.479522515621828613e+11 6.464525564885048071e-03
7.636298261282225342e+11 6.349496777962950617e-03
7.796360130405220947e+11 6.236481438259534882e-03
7.959777002314978027e+11 6.125511260491134889e-03
8.126619200091945801e+11 6.016533940289009973e-03
8.296958520834915771e+11 5.909448334508692752e-03
8.470868266557419434e+11 5.804236291459211744e-03
8.648423275731743164e+11 5.700928073318079978e-03
8.829699955494082031e+11 5.599474843000724032e-03
9.014776314524916992e+11 5.499781771543938574e-03
9.203731996618229980e+11 5.401832151349098693e-03
9.396648314954670410e+11 5.305654852816437186e-03
9.593608287093126221e+11 5.211204272558315857e-03
9.794696670695385742e+11 5.118391492740864517e-03
1.000000000000000000e+12 5.027201138815131504e-03
1.020960662306047485e+12 4.937660748041694525e-03
1.042360673976403198e+12 4.849727733125279092e-03
1.064209244064726929e+12 4.763318710680330449e-03
1.086515774652537354e+12 4.678419536519759676e-03
1.109289864895222656e+12 4.595056471307676187e-03
1.132541315152812744e+12 4.513189741118050526e-03
1.156280131207372803e+12 4.432741144937116587e-03
1.180516528568802979e+12 4.353697673985873311e-03
1.205260936870841309e+12 4.276084366821970677e-03
1.230524004359261719e+12 4.199864074010117680e-03
1.256316602474121338e+12 4.124963447800574987e-03
1.282649830528062500e+12 4.051370527027486207e-03
1.309535020482670410e+12 3.979109180615190977e-03
1.336983741824945068e+12 3.908144707632972732e-03
1.365007806546013672e+12 3.838408305922090362e-03
1.393619274224143311e+12 3.769888980759553317e-03
1.422830457214348877e+12 3.702609481940336966e-03
1.452653925946778320e+12 3.636537393048928056e-03
1.483102514336102783e+12 3.571608169857537311e-03
1.514189325304351807e+12 3.507811709045960402e-03
1.545927736419478516e+12 3.445169689859940536e-03
1.578331405652119873e+12 3.383651827578625093e-03
1.611414277253023193e+12 3.323197566926600673e-03
1.645190587753660889e+12 3.263797626622922960e-03
1.679674872092653076e+12 3.205472662066311505e-03
1.714881969870540771e+12 3.148194377806585488e-03
1.750827031735719727e+12 3.091905955987145176e-03
1.787525525904231689e+12 3.036598873251310400e-03
1.824993244816150391e+12 2.982292806027795392e-03
1.863246311931559814e+12 2.928961315394306483e-03
1.902301188668945801e+12 2.876551085666174869e-03
1.942174681489028320e+12 2.825054292154926140e-03
1.982883949127075439e+12 2.774489675420039984e-03
2.024446509976801758e+12 2.724832529337369025e-03
2.066880249629082031e+12 2.676032820356580907e-03
2.110203428568596680e+12 2.628083367697987317e-03
2.154434690031877930e+12 2.581002017428748324e-03
2.199593068030070312e+12 2.534765680884928755e-03
2.245697995539771484e+12 2.489327400817902686e-03
2.292769312865648926e+12 2.444680589757442825e-03
2.340827276178293945e+12 2.400842238982019757e-03
2.389892566231052246e+12 2.357790769765823798e-03
2.439986297259555176e+12 2.315482108596107584e-03
2.491130026067796387e+12 2.273910214560669659e-03
2.543345761304647949e+12 2.233091262233874354e-03
2.596655972934872070e+12 2.193005082581996838e-03
2.651083601908530762e+12 2.153610305655684603e-03
2.706652070033235840e+12 2.114901393910064049e-03
2.763385290053166992e+12 2.076893741731026220e-03
2.821307675939470703e+12 2.039568496310944883e-03
2.880444153396297852e+12 2.002886822666687539e-03
2.940820170587066406e+12 1.966843646724409072e-03
3.002461709085555176e+12 1.931453617683186142e-03
3.065395295056536133e+12 1.896699111806119872e-03
3.129648010670750488e+12 1.862543671295795351e-03
3.195247505759213867e+12 1.828982648701893898e-03
3.262222009711660156e+12 1.796029981572256403e-03
3.330600343624582031e+12 1.763669193966301398e-03
3.400411932703702637e+12 1.731866057597859733e-03
3.471686818926559082e+12 1.700616317610176070e-03
3.544455673970435547e+12 1.669933232022049107e-03
3.618749812411284180e+12 1.639801396892618356e-03
3.694601205199310059e+12 1.610188675214164989e-03
3.772042493417008789e+12 1.581091173301331365e-03
3.851107002325568848e+12 1.552521500402840541e-03
3.931828755705770020e+12 1.524465253881830077e-03
4.014242490499309570e+12 1.496892258601156865e-03
4.098383671757252930e+12 1.469798953036552912e-03
4.184288507901576172e+12 1.443197327110840164e-03
4.271993966306776855e+12 1.417073913548833183e-03
4.361537789208005859e+12 1.391400377923871119e-03
4.452958509942660156e+12 1.366173464091985151e-03
4.546295469532409180e+12 1.341404570827893017e-03
4.641588833612791016e+12 1.317081104704883980e-03
4.738879609717650391e+12 1.293176458554246705e-03
4.838209664925957031e+12 1.269687656894363803e-03
4.939621743878305664e+12 1.246625534311583813e-03
5.043159487171347656e+12 1.223978313840094452e-03
5.148867450137486328e+12 1.201721009323117794e-03
5.256791122018418945e+12 1.179850903130095314e-03
5.366976945540475586e+12 1.158378291446262144e-03
5.479472336900291992e+12 1.137292160224702680e-03
5.594325706169388672e+12 1.116569044810044762e-03
5.711586478126446289e+12 1.096206464375796674e-03
5.831305113526218750e+12 1.076214201366097875e-03
5.953533130814370117e+12 1.056581954693209483e-03
6.078323128297210938e+12 1.037287687992279918e-03
6.205728806776487305e+12 1.018329137823600948e-03
6.335804992658241211e+12 9.997155964677852981e-04
6.468607661546321289e+12 9.814374291766845768e-04
6.604193962330305664e+12 9.634739405538465676e-04
6.742622241778348633e+12 9.458230666372915377e-04
6.883952069645509766e+12 9.284936320823792373e-04
7.028244264308366211e+12 9.114766249728710207e-04
7.175560918936920898e+12 8.947526090666930911e-04
7.325965428215229492e+12 8.783197033641262919e-04
7.479522515621797852e+12 8.621862864352710385e-04
7.636298261282225586e+12 8.463439285897132042e-04
7.796360130405220703e+12 8.307743760757848239e-04
7.959777002314977539e+12 8.154759156290339317e-04
8.126619200091945312e+12 8.004565003166972054e-04
8.296958520834915039e+12 7.857082447723478776e-04
8.470868266557419922e+12 7.712140058886395033e-04
8.648423275731745117e+12 7.569722240998607004e-04
8.829699955494082031e+12 7.429904466346816177e-04
9.014776314524917969e+12 7.292612970688705162e-04
9.203731996618228516e+12 7.157686755992430892e-04
9.396648314954669922e+12 7.025111634222409732e-04
9.593608287093126953e+12 6.894959207114819202e-04
9.794696670695386719e+12 6.767160469534420604e-04
1.000000000000000000e+13 6.641564225238986291e-04
1.020960662306047461e+13 6.518157574618118396e-04
1.042360673976403125e+13 6.397008428259645012e-04
1.064209244064726758e+13 6.278052231730704615e-04
1.086515774652537305e+13 6.161146998767261978e-04
1.109289864895222656e+13 6.046281008387099530e-04
1.132541315152812695e+13 5.933518651355115065e-04
1.156280131207373047e+13 5.822799535967591736e-04
1.180516528568803125e+13 5.713990331029410652e-04
1.205260936870841211e+13 5.607080393067105954e-04
1.230524004359261523e+13 5.502130756612150578e-04
1.256316602474121484e+13 5.399084923762908573e-04
1.282649830528062695e+13 5.297817698006249392e-04
1.309535020482670312e+13 5.198319420275640318e-04
1.336983741824945312e+13 5.100647925051216003e-04
1.365007806546013672e+13 5.004750357068149004e-04
1.393619274224143359e+13 4.910509166419833827e-04
1.422830457214349023e+13 4.817915592749179039e-04
1.452653925946778320e+13 4.727024419586968278e-04
1.483102514336102734e+13 4.637786199706893462e-04
1.514189325304351953e+13 4.550090571973817934e-04
1.545927736419478516e+13 4.463929595884132237e-04
1.578331405652119727e+13 4.379355146346875947e-04
1.611414277253023242e+13 4.296320965026941235e-04
1.645190587753660742e+13 4.214723450024908153e-04
1.679674872092653125e+13 4.134555408153513961e-04
1.714881969870541016e+13 4.055865941550653602e-04
1.750827031735719922e+13 3.978611776032367551e-04
1.787525525904231641e+13 3.902695665893737256e-04
1.824993244816150391e+13 3.828111098554733420e-04
1.863246311931559766e+13 3.754904533041074919e-04
1.902301188668945703e+13 3.683035488020111603e-04
1.942174681489028516e+13 3.612412695732063607e-04
1.982883949127075391e+13 3.543030262877762491e-04
2.024446509976801562e+13 3.474932129114246442e-04
2.066880249629082031e+13 3.408080427193757871e-04
2.110203428568596484e+13 3.342389512267943748e-04
2.154434690031877734e+13 3.277854053959721424e-04
2.199593068030070312e+13 3.214515590649524228e-04
2.245697995539771484e+13 3.152338702102830599e-04
2.292769312865648828e+13 3.091243033079540872e-04
2.340827276178294141e+13 3.031223764351834420e-04
2.389892566231052344e+13 2.972320145721296658e-04
2.439986297259555078e+13 2.914499047803513834e-04
2.491130026067785938e+13 2.857685092010702442e-04
2.543345761304648438e+13 2.801873922720720224e-04
2.596655972934872656e+13 2.747102608704429273e-04
2.651083601908530859e+13 2.693340165439260395e-04
2.706652070033235938e+13 2.640515897086072599e-04
2.763385290053166797e+13 2.588625867989980127e-04
2.821307675939470703e+13 2.537705068527457597e-04
2.880444153396297656e+13 2.487724522550630664e-04
2.940820170587066797e+13 2.438617940906668408e-04
3.002461709085555078e+13 2.390381767874415219e-04
3.065395295056535938e+13 2.343049013390219857e-04
3.129648010670750391e+13 2.296592582052982387e-04
3.195247505759213672e+13 2.250950332041828374e-04
3.262222009711659766e+13 2.206119050858385033e-04
3.330600343624581641e+13 2.162129861486800184e-04
3.400411932703702734e+13 2.118957429914697843e-04
3.471686818926559766e+13 2.076543517942196920e-04
3.544455673970435938e+13 2.034885222649336254e-04
3.618749812411284375e+13 1.994011869299116375e-04
3.694601205199309375e+13 1.953899773624389691e-04
3.772042493417008594e+13 1.914494371987623305e-04
3.851107002325568750e+13 1.875793040229598843e-04
3.931828755705770312e+13 1.837823391067986681e-04
4.014242490499309375e+13 1.800563285537961473e-04
4.098383671757252344e+13 1.763961619227152227e-04
4.184288507901575781e+13 1.728016018525336454e-04
4.271993966306776562e+13 1.692752464918495904e-04
4.361537789208005469e+13 1.658150267019537557e-04
4.452958509942659375e+13 1.624161577151782363e-04
4.546295469532408594e+13 1.590784246443882805e-04
4.641588833612791406e+13 1.558042702783467152e-04
4.738879609717650781e+13 1.525917610902152819e-04
4.838209664925957031e+13 1.494364189398005992e-04
4.939621743878305469e+13 1.463380490535718401e-04
5.043159487171348438e+13 1.432989462730415960e-04
5.148867450137487500e+13 1.403173041216813888e-04
5.256791122018419531e+13 1.373889331670442133e-04
5.366976945540475781e+13 1.345136565924904247e-04
5.479472336900292188e+13 1.316936283715362289e-04
5.594325706169388281e+13 1.289271610622604058e-04
5.711586478126446875e+13 1.262103370753833113e-04
5.831305113526218750e+13 1.235429955823861214e-04
5.953533130814369531e+13 1.209271564513214240e-04
6.078323128297210938e+13 1.183612437685905596e-04
6.205728806776487500e+13 1.158415959116429928e-04
6.335804992658241406e+13 1.133680662442439392e-04
6.468607661546320312e+13 1.109425469901556668e-04
6.604193962330304688e+13 1.085635667327890588e-04
6.742622241778349219e+13 1.062277048646832203e-04
6.883952069645510938e+13 1.039348273047834611e-04
7.028244264308367188e+13 1.016867048067829251e-04
7.175560918936920312e+13 9.948196386273443703e-05
7.325965428215229688e+13 9.731741079444200483e-05
7.479522515621796875e+13 9.519292258533614980e-05
7.636298261282225000e+13 9.311015442134370796e-05
7.796360130405220312e+13 9.106782452874551939e-05
7.959777002314978125e+13 8.906295288412446540e-05
8.126619200091945312e+13 8.709542617985404028e-05
8.296958520834914062e+13 8.516678967828881456e-05
8.470868266557418750e+13 8.327584755170368367e-05
8.648423275731743750e+13 8.141982091642400456e-05
8.829699955494082812e+13 7.959860494259819079e-05
9.014776314524917188e+13 7.781364036830761075e-05
9.203731996618229688e+13 7.606381188416333971e-05
9.396648314954671875e+13 7.434652994238718300e-05
9.593608287093126562e+13 7.266169707425621503e-05
9.794696670695385938e+13 7.101065466043573787e-05
1.000000000000000000e+14 6.939236281825661489e-05
1.020960662306047656e+14 6.780441019723393065e-05
1.042360673976403281e+14 6.624670567798135695e-05
1.064209244064726875e+14 6.472049622981927014e-05
1.086515774652537188e+14 6.322481261865898453e-05
1.109289864895222656e+14 6.175741117571207489e-05
1.132541315152812656e+14 6.031820621612409299e-05
1.156280131207372969e+14 5.890835503517428680e-05
1.180516528568803125e+14 5.752695456230849457e-05
1.205260936870841250e+14 5.617191887847956642e-05
1.230524004359261562e+14 5.484316690820415966e-05
1.256316602474121406e+14 5.354177081265293787e-05
1.282649830528062500e+14 5.226688947352606712e-05
1.309535020482670312e+14 5.101658533619991392e-05
1.336983741824945156e+14 4.979078119209014440e-05
1.365007806546013906e+14 4.859046842129625206e-05
1.393619274224143594e+14 4.741486390205967470e-05
1.422830457214349062e+14 4.626216957053126011e-05
1.452653925946778125e+14 4.513231141854171863e-05
1.483102514336102812e+14 4.402620422089797948e-05
1.514189325304351875e+14 4.294311913484575211e-05
1.545927736419478438e+14 4.188138919255145144e-05
1.578331405652119688e+14 4.084094298980650892e-05
1.611414277253023125e+14 3.982262270450195499e-05
1.645190587753660625e+14 3.882575027833501976e-05
1.679674872092653125e+14 3.784878189377329991e-05
1.714881969870540938e+14 3.689164821908304123e-05
1.750827031735719688e+14 3.595512268527549651e-05
1.787525525904231875e+14 3.503857473205436646e-05
1.824993244816150312e+14 3.414057616700320196e-05
1.863246311931559688e+14 3.326105925937452624e-05
1.902301188668945625e+14 3.240073239395902568e-05
1.942174681489028438e+14 3.155900941725921612e-05
1.982883949127075312e+14 3.073457063193282672e-05
2.024446509976801875e+14 2.992734949320025598e-05
2.066880249629082188e+14 2.913799289975860284e-05
2.110203428568596562e+14 2.836595619681550712e-05
2.154434690031877812e+14 2.761002142300739230e-05
2.199593068030070312e+14 2.687012285707041876e-05
2.245697995539771562e+14 2.614684933914397151e-05
2.292769312865648750e+14 2.543969497690604586e-05
2.340827276178294375e+14 2.474753713466953893e-05
2.389892566231052500e+14 2.407031060175081973e-05
2.439986297259555000e+14 2.340854946254246157e-05
2.491130026067785938e+14 2.276178401272143780e-05
2.543345761304648125e+14 2.212898086047164641e-05
2.596655972934872500e+14 2.151007503939273517e-05
2.651083601908530625e+14 2.090554906314790782e-05
2.706652070033235938e+14 2.031496699262857469e-05
2.763385290053167188e+14 1.973737890675999655e-05
2.821307675939470625e+14 1.917271986013497373e-05
2.880444153396298125e+14 1.862142386868497002e-05
2.940820170587066250e+14 1.808308647826332476e-05
3.002461709085555000e+14 1.755683575693722405e-05
3.065395295056535625e+14 1.704260659842360848e-05
3.129648010670750625e+14 1.654078748914700588e-05
3.195247505759213750e+14 1.605100331535301325e-05
3.262222009711659375e+14 1.557245492933252636e-05
3.330600343624581250e+14 1.510507692213176905e-05
3.400411932703702500e+14 1.464921512033197346e-05
3.471686818926559375e+14 1.420452173494678672e-05
3.544455673970435625e+14 1.377026546048135079e-05
3.618749812411283750e+14 1.334638048242073223e-05
3.694601205199310000e+14 1.293317274437607789e-05
3.772042493417008750e+14 1.253031988937209708e-05
3.851107002325568750e+14 1.213715376244525834e-05
3.931828755705770000e+14 1.175360807809852886e-05
4.014242490499310000e+14 1.137995158573009192e-05
4.098383671757253125e+14 1.101588558455713176e-05
4.184288507901576250e+14 1.066080061727782477e-05
4.271993966306776875e+14 1.031462989832394365e-05
4.361537789208005625e+14 9.977607588172409300e-06
4.452958509942660000e+14 9.649456978715971651e-06
4.546295469532408750e+14 9.329623086746420359e-06
4.641588833612791250e+14 9.018038633232140975e-06
4.738879609717650625e+14 8.714905715496281544e-06
4.838209664925956875e+14 8.419968062323911581e-06
4.939621743878305000e+14 8.132721161443480271e-06
5.043159487171348125e+14 7.853097281818116957e-06
5.148867450137486875e+14 7.581268907421629836e-06
5.256791122018418750e+14 7.316998752372783561e-06
5.366976945540476250e+14 7.059828985553915659e-06
5.479472336900293125e+14 6.809691499912005428e-06
5.594325706169389375e+14 6.566731542853350564e-06
5.711586478126446250e+14 6.330729462971925994e-06
5.831305113526218750e+14 6.101270527267907897e-06
5.953533130814370000e+14 5.878286362383812210e-06
6.078323128297211250e+14 5.661897285118877846e-06
6.205728806776487500e+14 5.451900025462550121e-06
6.335804992658241250e+14 5.247919566970312040e-06
6.468607661546320000e+14 5.049887412906269561e-06
6.604193962330305000e+14 4.857901186311507766e-06
6.742622241778348750e+14 4.671772840600913597e-06
6.883952069645510000e+14 4.491163891205451940e-06
7.028244264308366250e+14 4.316005893318361506e-06
7.175560918936921250e+14 4.146375944697550902e-06
7.325965428215230000e+14 3.982100156333581579e-06
7.479522515621797500e+14 3.822873583014722974e-06
7.636298261282225000e+14 3.668628037489256258e-06
7.796360130405220000e+14 3.519422191348195609e-06
7.959777002314977500e+14 3.375095335861607637e-06
8.126619200091946250e+14 3.235373260543108168e-06
8.296958520834916250e+14 3.100188269847507805e-06
8.470868266557420000e+14 2.969582638196163335e-06
8.648423275731745000e+14 2.843407945749431967e-06
8.829699955494082500e+14 2.721418096633871919e-06
9.014776314524917500e+14 2.603546147596888808e-06
9.203731996618230000e+14 2.489819932881716572e-06
9.396648314954671250e+14 2.380102512585025425e-06
9.593608287093126250e+14 2.274173465781937576e-06
9.794696670695385000e+14 2.171966885100546797e-06
1.000000000000000000e+15 2.073498046112586386e-06
1.020960662306047500e+15 1.978640757896320452e-06
1.042360673976403250e+15 1.887198010662782204e-06
1.064209244064722375e+15 1.799105235390617602e-06
1.086515774652537375e+15 1.714366950860108613e-06
1.109289864895222875e+15 1.632867057451078821e-06
1.132541315152812750e+15 1.554429863533150392e-06
1.156280131207377750e+15 1.478992454643057771e-06
1.180516528568803000e+15 1.406550309526331729e-06
1.205260936870841250e+15 1.336996829505349497e-06
1.230524004359261500e+15 1.270175712817680839e-06
1.256316602474121500e+15 1.206026023303113102e-06
1.282649830528062500e+15 1.144535825022093001e-06
1.309535020482665000e+15 1.085607490695793618e-06
1.336983741824945250e+15 1.029102338067524654e-06
1.365007806546013750e+15 9.749617337725249412e-07
1.393619274224143500e+15 9.231678543193983084e-07
1.422830457214354750e+15 8.736315678180582149e-07
1.452653925946778250e+15 8.262301911391078624e-07
1.483102514336102750e+15 7.809077110470394760e-07
1.514189325304352000e+15 7.376418376760242740e-07
1.545927736419478500e+15 6.963515035520244589e-07
1.578331405652119500e+15 6.569285448512130608e-07
1.611414277253016750e+15 6.193198697977993864e-07
1.645190587753660750e+15 5.835000292362942433e-07
1.679674872092653250e+15 5.493956249561209350e-07
1.714881969870541000e+15 5.169116626661122500e-07
1.750827031735726750e+15 4.859982481228334175e-07
1.787525525904231750e+15 4.566279579004953712e-07
1.824993244816150500e+15 4.287346941062911824e-07
1.863246311931559750e+15 4.022354008553159468e-07
1.902301188668945750e+15 3.770836229052284473e-07
1.942174681489028250e+15 3.532510180919137722e-07
1.982883949127067250e+15 3.306784363230384987e-07
2.024446509976801750e+15 3.092936355223891368e-07
2.066880249629082000e+15 2.890537972506319341e-07
2.110203428568596500e+15 2.699305802531693289e-07
2.154434690031886500e+15 2.518714365260359543e-07
2.199593068030070500e+15 2.348139071139434620e-07
2.245697995539771750e+15 2.187189560378065088e-07
2.292769312865648500e+15 2.035590217233591753e-07
2.340827276178294500e+15 1.892878102562060455e-07
2.389892566231052500e+15 1.758516964078514341e-07
2.439986297259545000e+15 1.632155130151690936e-07
2.491130026067786000e+15 1.513531133399496110e-07
2.543345761304648500e+15 1.402240995143066669e-07
2.596655972934872000e+15 1.297828000621752166e-07
2.651083601908541500e+15 1.199979385157236865e-07
2.706652070033235500e+15 1.108452745545186411e-07
2.763385290053167000e+15 1.022899322676246022e-07
2.821307675939470500e+15 9.429337267365735546e-08
2.880444153396297500e+15 8.682816462592263391e-08
2.940820170587066500e+15 7.987232542896836463e-08
3.002461709085543000e+15 7.339610715959505802e-08
3.065395295056523500e+15 6.736733172824309454e-08
3.129648010670750500e+15 6.176230067907815616e-08
3.195247505759214000e+15 5.656150641478618631e-08
3.262222009711673500e+15 5.173991387874438591e-08
3.330600343624582000e+15 4.727097703136777030e-08
3.400411932703702500e+15 4.313455338764213543e-08
3.471686818926559500e+15 3.931370450594133787e-08
3.544455673970435500e+15 3.578767352993341253e-08
3.618749812411284000e+15 3.253485603652472930e-08
3.694601205199294500e+15 2.953843112592695355e-08
3.772042493416993500e+15 2.678401398766878316e-08
3.851107002325568500e+15 2.425467617969613436e-08
3.931828755705770000e+15 2.193310107864235811e-08
4.014242490499326000e+15 1.980550671595649142e-08
4.098383671757253000e+15 1.785995364403468616e-08
4.184288507901576000e+15 1.608288387122764094e-08
4.271993966306776500e+15 1.446065199759761388e-08
4.361537789208006000e+15 1.298219598573195796e-08
4.452958509942660000e+15 1.163783990100958053e-08
4.546295469532390000e+15 1.041693904268263076e-08
4.641588833612773000e+15 9.308942576976677430e-09
4.738879609717651000e+15 8.305166788625559325e-09
4.838209664925957000e+15 7.397964354998104540e-09
4.939621743878326000e+15 6.579157791643693629e-09
5.043159487171349000e+15 5.840758185537989256e-09
5.148867450137487000e+15 5.176110479461810955e-09
5.256791122018419000e+15 4.579328687196547490e-09
5.366976945540476000e+15 4.044278147735388601e-09
5.479472336900292000e+15 3.565047900327851341e-09
5.594325706169389000e+15 3.136668094398550750e-09
5.711586478126423000e+15 2.754734015926838357e-09
5.831305113526218000e+15 2.414761042513014120e-09
5.953533130814370000e+15 2.112485245415945937e-09
6.078323128297236000e+15 1.844297640991359796e-09
6.205728806776513000e+15 1.606999260471279893e-09
6.335804992658241000e+15 1.397402656343548205e-09
6.468607661546321000e+15 1.212516298689369052e-09
6.604193962330306000e+15 1.049797396997090392e-09
6.742622241778349000e+15 9.069958091820735937e-10
6.883952069645510000e+15 7.819142255341788096e-10
7.028244264308338000e+15 6.725165807377332670e-10
7.175560918936921000e+15 5.770687581102244252e-10
7.325965428215230000e+15 4.940412979697311806e-10
7.479522515621829000e+15 4.219688361377156633e-10
7.636298261282257000e+15 3.595107211859053050e-10
7.796360130405221000e+15 3.055252227800717705e-10
7.959777002314978000e+15 2.590102266829928281e-10
8.126619200091945000e+15 2.190229771952172770e-10
8.296958520834915000e+15 1.847119503949602108e-10
8.470868266557420000e+15 1.553534576071380429e-10
8.648423275731709000e+15 1.303162974004738813e-10
8.829699955494083000e+15 1.090170835985063172e-10
9.014776314524918000e+15 9.093572622438202070e-11
9.203731996618230000e+15 7.563194263839423924e-11
9.396648314954710000e+15 6.272466466972646803e-11
9.593608287093126000e+15 5.186777492302639073e-11
9.794696670695384000e+15 4.275682820788699332e-11
