1.020960662306047603e+07 6.925112308368534286e+01
1.042360673976401053e+07 6.770634655765428533e+01
1.064209244064724632e+07 6.619537023399929865e+01
1.086515774652537145e+07 6.471725566024214515e+01
1.109289864895222709e+07 6.327113645798324626e+01
1.132541315152812563e+07 6.185653966822266625e+01
1.156280131207375228e+07 6.047295202469623376e+01
1.180516528568805568e+07 5.911951178776866556e+01
1.205260936870841496e+07 5.779542335417823296e+01
1.230524004359261692e+07 5.650025171212605812e+01
1.256316602474121563e+07 5.523352493295924859e+01
1.282649830528059974e+07 5.399445181314005993e+01
1.309535020482667536e+07 5.278230182744754728e+01
1.336983741824945062e+07 5.159667489349875069e+01
1.365007806546013802e+07 5.043713712312755604e+01
1.393619274224143475e+07 4.930296216386640396e+01
1.422830457214351930e+07 4.819347932498853737e+01
1.452653925946781226e+07 4.710832067358869324e+01
1.483102514336102828e+07 4.604708732617859823e+01
1.514189325304351933e+07 4.500911254871044775e+01
1.545927736419478431e+07 4.399378065968783602e+01
1.578331405652116425e+07 4.300075331505988885e+01
1.611414277253019996e+07 4.202966384004656675e+01
1.645190587753660791e+07 4.107990030426830685e+01
1.679674872092653066e+07 4.015089759360483157e+01
1.714881969870540872e+07 3.924234459514968165e+01
1.750827031735723466e+07 3.835390426926171159e+01
1.787525525904235244e+07 3.748501505745806384e+01
1.824993244816150516e+07 3.663515832627095392e+01
1.863246311931559816e+07 3.580404802158948030e+01
1.902301188668945804e+07 3.499137437010583085e+01
1.942174681489024311e+07 3.419662210737313046e+01
1.982883949127071351e+07 3.341931531875751915e+01
2.024446509976801649e+07 3.265919101022144133e+01
2.066880249629081786e+07 3.191596449320672590e+01
2.110203428568596393e+07 3.118916304475526502e+01
2.154434690031882003e+07 3.047835000830102103e+01
2.199593068030074611e+07 2.978328360950055398e+01
2.245697995539776236e+07 2.910370223553598024e+01
2.292769312865648791e+07 2.843917225278289607e+01
2.340827276178294048e+07 2.778929307921956493e+01
2.389892566231048107e+07 2.715384246468873641e+01
2.439986297259550542e+07 2.653258002314389685e+01
2.491130026067791134e+07 2.592510803484345416e+01
2.543345761304648221e+07 2.533105906196919221e+01
2.596655972934872285e+07 2.475022881882576087e+01
2.651083601908536255e+07 2.418239644406105171e+01
2.706652070033241063e+07 2.362719720970714476e+01
2.763385290053172782e+07 2.308429412817003623e+01
2.821307675939470530e+07 2.255349944091790704e+01
2.880444153396297619e+07 2.203461024461562445e+01
2.940820170587060601e+07 2.152729211604916770e+01
3.002461709085549042e+07 2.103123603869974900e+01
3.065395295056529716e+07 2.054626945874106880e+01
3.129648010670750216e+07 2.007220598871156625e+01
3.195247505759213492e+07 1.960873903845138599e+01
3.262222009711666778e+07 1.915558528263290583e+01
3.330600343624588847e+07 1.871258615463547414e+01
3.400411932703709602e+07 1.827957045554031623e+01
3.471686818926559389e+07 1.785625715499785926e+01
3.544455673970435560e+07 1.744238652210109208e+01
3.618749812411276251e+07 1.703781285678502044e+01
3.694601205199302733e+07 1.664237892677069652e+01
3.772042493417001516e+07 1.625582717136341060e+01
3.851107002325568348e+07 1.587791952598236911e+01
3.931828755705770105e+07 1.550852212526435636e+01
4.014242490499317646e+07 1.514749057912770525e+01
4.098383671757261455e+07 1.479458887465204953e+01
4.184288507901584357e+07 1.444959884064497224e+01
4.271993966306776553e+07 1.411239749663932663e+01
4.361537789208005369e+07 1.378285226018077125e+01
4.452958509942659736e+07 1.346074689897090870e+01
4.546295469532398880e+07 1.314588150496647501e+01
4.641588833612781763e+07 1.283814310859653496e+01
4.738879609717650712e+07 1.253740998275975649e+01
4.838209664925957471e+07 1.224348405142189833e+01
4.939621743878325820e+07 1.195618217091403324e+01
5.043159487171358615e+07 1.167540057796706066e+01
5.148867450137497485e+07 1.140102752488409266e+01
5.256791122018418461e+07 1.113288159841070346e+01
5.366976945540475845e+07 1.087079504160539045e+01
5.479472336900292337e+07 1.061467255722318725e+01
5.594325706169377267e+07 1.036441157058984253e+01
5.711586478126434237e+07 1.011984595876803894e+01
5.831305113526218385e+07 9.880822085364272311e+00
5.953533130814369768e+07 9.647252437624684873e+00
6.078323128297235817e+07 9.419042872090219731e+00
6.205728806776500493e+07 9.196041294838396496e+00
6.335804992658253759e+07 8.978107026167844396e+00
6.468607661546321213e+07 8.765159710678180005e+00
6.604193962330305576e+07 8.557112953814453249e+00
6.742622241778348386e+07 8.353827531471141654e+00
6.883952069645495713e+07 8.155174651056409374e+00
7.028244264308351278e+07 7.961080537516446398e+00
7.175560918936920166e+07 7.771465917379746458e+00
7.325965428215231001e+07 7.586203371289773401e+00
7.479522515621829033e+07 7.405175010982351758e+00
7.636298261282241344e+07 7.228313110777246031e+00
7.796360130405236781e+07 7.055544940793948783e+00
7.959777002314977348e+07 6.886753907846624223e+00
8.126619200091944635e+07 6.721832125065471786e+00
8.296958520834915340e+07 6.560717427599275453e+00
8.470868266557401419e+07 6.403343097858246402e+00
8.648423275731725991e+07 6.249602469990263032e+00
8.829699955494081974e+07 6.099396828985825358e+00
9.014776314524917305e+07 5.952669121275530273e+00
9.203731996618229151e+07 5.809358152950322207e+00
9.396648314954690635e+07 5.669366359815357193e+00
9.593608287093147635e+07 5.532603436744225611e+00
9.794696670695386827e+07 5.399017027856255702e+00
1.000000000000000000e+08 5.268551013576274755e+00
1.020960662306047529e+08 5.141116173022236779e+00
1.042360673976403177e+08 5.016629911080450199e+00
1.064209244064722359e+08 4.895044189111400712e+00
1.086515774652537256e+08 4.776307548541724124e+00
1.109289864895222783e+08 4.660338415497889741e+00
1.132541315152812600e+08 4.547061262091799172e+00
1.156280131207377762e+08 4.436432016917275512e+00
1.180516528568803072e+08 4.328403502403719294e+00
1.205260936870841384e+08 4.222901152224776133e+00
1.230524004359261543e+08 4.119855915545988623e+00
1.256316602474121451e+08 4.019227366267492663e+00
1.282649830528062433e+08 3.920972258294100676e+00
1.309535020482665002e+08 3.825022445851691710e+00
1.336983741824945360e+08 3.731314813280736775e+00
1.365007806546013653e+08 3.639812283650472935e+00
1.393619274224143326e+08 3.550475220988650982e+00
1.422830457214354575e+08 3.463241361225140480e+00
1.452653925946778059e+08 3.378053026429634453e+00
1.483102514336102903e+08 3.294876216434394323e+00
1.514189325304352045e+08 3.213674609981339803e+00
1.545927736419478357e+08 3.134391330121791608e+00
1.578331405652119517e+08 3.056973680008725491e+00
1.611414277253016531e+08 2.981390485751537867e+00
1.645190587753660679e+08 2.907608469198398993e+00
1.679674872092653215e+08 2.835575686634319581e+00
1.714881969870540798e+08 2.765244003210127754e+00
1.750827031735726893e+08 2.696584840946265604e+00
1.787525525904231668e+08 2.629567715135017192e+00
1.824993244816150367e+08 2.564145198803095660e+00
1.863246311931559741e+08 2.500273334524544033e+00
1.902301188668946028e+08 2.437925928397334463e+00
1.942174681489028633e+08 2.377075059640665344e+00
1.982883949127075374e+08 2.317677435934396790e+00
2.024446509976801872e+08 2.259692924419899995e+00
2.066880249629082084e+08 2.203097520476001048e+00
2.110203428568596542e+08 2.147865656315143035e+00
2.154434690031886399e+08 2.093957823761806392e+00
2.199593068030070364e+08 2.041337390810611385e+00
2.245697995539771616e+08 1.989982363010141198e+00
2.292769312865648568e+08 1.939869331722342549e+00
2.340827276178294122e+08 1.890962251438011998e+00
2.389892566231052577e+08 1.843227694056303712e+00
2.439986297259555161e+08 1.796645510642775889e+00
2.491130026067785919e+08 1.751194273564643300e+00
2.543345761304648221e+08 1.706841105161821304e+00
2.596655972934872508e+08 1.663555508917648584e+00
2.651083601908541918e+08 1.621319030025909713e+00
2.706652070033235550e+08 1.580112058173926970e+00
2.763385290053166747e+08 1.539904613240836495e+00
2.821307675939470530e+08 1.500668880560326546e+00
2.880444153396297693e+08 1.462387960313421109e+00
2.940820170587067008e+08 1.425043909103926199e+00
3.002461709085555673e+08 1.388609396537627827e+00
3.065395295056523085e+08 1.353059060842757511e+00
3.129648010670750141e+08 1.318377429279269597e+00
3.195247505759213567e+08 1.284548087194722132e+00
3.262222009711673260e+08 1.251546126781970525e+00
3.330600343624581695e+08 1.219348429274336620e+00
3.400411932703702450e+08 1.187940831447154233e+00
3.471686818926559091e+08 1.157308320473199981e+00
3.544455673970435262e+08 1.127428202969580795e+00
3.618749812411283851e+08 1.098279410789039678e+00
3.694601205199309587e+08 1.069848982186653474e+00
3.772042493416993618e+08 1.042123189585605791e+00
3.851107002325568795e+08 1.015081363274761284e+00
3.931828755705770254e+08 9.887043094405167931e-01
4.014242490499325991e+08 9.629801685351355722e-01
4.098383671757252812e+08 9.378963911545253884e-01
4.184288507901575565e+08 9.134341565237382721e-01
4.271993966306776404e+08 8.895759836289415246e-01
4.361537789208005667e+08 8.663110238958842135e-01
4.452958509942659736e+08 8.436278077648227125e-01
4.546295469532408714e+08 8.215092033392652482e-01
4.641588833612772226e+08 7.999392944263288285e-01
4.738879609717651010e+08 7.789081596127073182e-01
4.838209664925957322e+08 7.584053188971251469e-01
4.939621743878325820e+08 7.384151826758268422e-01
5.043159487171348333e+08 7.189232640490892390e-01
5.148867450137487054e+08 6.999204917579154861e-01
5.256791122018419504e+08 6.813972924670549380e-01
5.366976945540476441e+08 6.633394846559041991e-01
5.479472336900292635e+08 6.457338865959635354e-01
5.594325706169389486e+08 6.285722064528154185e-01
5.711586478126422167e+08 6.118457014595147792e-01
5.831305113526217937e+08 5.955414753100238823e-01
5.953533130814369917e+08 5.796475378128519429e-01
6.078323128297235966e+08 5.641563115874462797e-01
6.205728806776486635e+08 5.490598145821253828e-01
6.335804992658240795e+08 5.343463232536741492e-01
6.468607661546320915e+08 5.200049349215983829e-01
6.604193962330304384e+08 5.060287269933637644e-01
6.742622241778348684e+08 4.924104140201911450e-01
6.883952069645509720e+08 4.791393423181872224e-01
7.028244264308338165e+08 4.662056015122491015e-01
7.175560918936921358e+08 4.536028690038798605e-01
7.325965428215229511e+08 4.413244971153689744e-01
7.479522515621827841e+08 4.293608078755210555e-01
7.636298261282258034e+08 4.177027960982735988e-01
7.796360130405220985e+08 4.063446888668987289e-01
7.959777002314977646e+08 3.952804222921150745e-01
8.126619200091946125e+08 3.845012080019759582e-01
8.296958520834914446e+08 3.739988662995615831e-01
8.470868266557419300e+08 3.637681277600167684e-01
8.648423275731709003e+08 3.538034627555609046e-01
8.829699955494083166e+08 3.440968937621267654e-01
9.014776314524917603e+08 3.346409936776554295e-01
9.203731996618230343e+08 3.254309541644970216e-01
9.396648314954710007e+08 3.164617344245397867e-01
9.593608287093126774e+08 3.077260957826630783e-01
9.794696670695385933e+08 2.992172970711787783e-01
1.000000000000000000e+09 2.909309521192735559e-01
1.020960662306047559e+09 2.828624672894338721e-01
1.042360673976403356e+09 2.750052769417117848e-01
1.064209244064726830e+09 2.673532648979531356e-01
1.086515774652537346e+09 2.599024314360441346e-01
1.109289864895222664e+09 2.526485918659426289e-01
1.132541315152812481e+09 2.455857934384527985e-01
1.156280131207372904e+09 2.387084892623630161e-01
1.180516528568803072e+09 2.320130332843847731e-01
1.205260936870841503e+09 2.254956147244969733e-01
1.230524004359261513e+09 2.191508387757392373e-01
1.256316602474121332e+09 2.129736769284012177e-01
1.282649830528062582e+09 2.069608067259056661e-01
1.309535020482670307e+09 2.011087591766157201e-01
1.336983741824945211e+09 1.954126472235651335e-01
1.365007806546013832e+09 1.898679142342555859e-01
1.393619274224143505e+09 1.844715337585008941e-01
1.422830457214349031e+09 1.792203491512568969e-01
1.452653925946778297e+09 1.741099352720114901e-01
1.483102514336102724e+09 1.691361648877612311e-01
1.514189325304351807e+09 1.642962822506962850e-01
1.545927736419478655e+09 1.595874160779544304e-01
1.578331405652119875e+09 1.550055613029806822e-01
1.611414277253023148e+09 1.505469813047663197e-01
1.645190587753660679e+09 1.462091678308767573e-01
1.679674872092653036e+09 1.419895102357800754e-01
1.714881969870540857e+09 1.378843853369592087e-01
1.750827031735726833e+09 1.338904117176450137e-01
1.787525525904231787e+09 1.300053073398797499e-01
1.824993244816150427e+09 1.262266995445302242e-01
1.863246311931559801e+09 1.225513121878040040e-01
1.902301188668945789e+09 1.189760867407461675e-01
1.942174681489028454e+09 1.154989478715136714e-01
1.982883949127075434e+09 1.121177401592696049e-01
2.024446509976801872e+09 1.088295027134412174e-01
2.066880249629082203e+09 1.056314704084571482e-01
2.110203428568596601e+09 1.025217567354188564e-01
2.154434690031886578e+09 9.949840451170580136e-02
2.199593068030070305e+09 9.655873911453306813e-02
2.245697995539771557e+09 9.370026192686317645e-02
2.292769312865648746e+09 9.092125887479299284e-02
2.340827276178294182e+09 8.821995361660173174e-02
2.389892566231052876e+09 8.559393137316861910e-02
2.439986297259555340e+09 8.304093551148855612e-02
2.491130026067785740e+09 8.055940937613276231e-02
2.543345761304647923e+09 7.814774154115183835e-02
2.596655972934872150e+09 7.580375298877922718e-02
2.651083601908541679e+09 7.352540671413523854e-02
2.706652070033235550e+09 7.131128972314169923e-02
2.763385290053166866e+09 6.915994093054718406e-02
2.821307675939470768e+09 6.706939513983851964e-02
2.880444153396297932e+09 6.503781460006274884e-02
2.940820170587066650e+09 6.306391737876970716e-02
3.002461709085555077e+09 6.114637939515600584e-02
3.065395295056523800e+09 5.928342929103080222e-02
3.129648010670750618e+09 5.747341000844116005e-02
3.195247505759213448e+09 5.571515913822328026e-02
3.262222009711673260e+09 5.400747740436927929e-02
3.330600343624581814e+09 5.234876909327784711e-02
3.400411932703702450e+09 5.073754093545783384e-02
3.471686818926559448e+09 4.917273948209717471e-02
3.544455673970435619e+09 4.765327910431731845e-02
3.618749812411283970e+09 4.617772317391511533e-02
3.694601205199309826e+09 4.474472681948028080e-02
3.772042493416993618e+09 4.335333588426590334e-02
3.851107002325568676e+09 4.200256818474297493e-02
3.931828755705770016e+09 4.069113111178560699e-02
4.014242490499325752e+09 3.941781418545088622e-02
4.098383671757252693e+09 3.818175369351790166e-02
4.184288507901576042e+09 3.698206157237804437e-02
4.271993966306777000e+09 3.581757552935774941e-02
4.361537789208005905e+09 3.468720673231618506e-02
4.452958509942660332e+09 3.359017381989954504e-02
4.546295469532408714e+09 3.252567432653368645e-02
4.641588833612771988e+09 3.149266381755486816e-02
4.738879609717651367e+09 3.049016351924379795e-02
4.838209664925957680e+09 2.951746701840677473e-02
4.939621743878325462e+09 2.857384966197539650e-02
5.043159487171347618e+09 2.765837355116096061e-02
5.148867450137486458e+09 2.677015943414239735e-02
5.256791122018419266e+09 2.590856907759641475e-02
5.366976945540475845e+09 2.507294853025796716e-02
5.479472336900292397e+09 2.426245614341289436e-02
5.594325706169388771e+09 2.347630261204244548e-02
5.711586478126422882e+09 2.271391169585544254e-02
5.831305113526218414e+09 2.197469365320418172e-02
5.953533130814370155e+09 2.125789374493703213e-02
6.078323128297236443e+09 2.056280391485883902e-02
6.205728806776488304e+09 1.988890426221859992e-02
6.335804992658241272e+09 1.923566332923917765e-02
6.468607661546320915e+09 1.860240480800466611e-02
6.604193962330305099e+09 1.798849399299774082e-02
6.742622241778348923e+09 1.739346215856629740e-02
6.883952069645509720e+09 1.681683072404755938e-02
7.028244264308338165e+09 1.625799412015764556e-02
7.175560918936921120e+09 1.571638382337833123e-02
7.325965428215229988e+09 1.519157756701170099e-02
7.479522515621828079e+09 1.468314471596696667e-02
7.636298261282225609e+09 1.419054346307180650e-02
7.796360130405220985e+09 1.371326496302549720e-02
7.959777002314977646e+09 1.325092910287830467e-02
8.126619200091945648e+09 1.280314869659028056e-02
8.296958520834915161e+09 1.236943937497389338e-02
8.470868266557419777e+09 1.194934607304050898e-02
8.648423275731708527e+09 1.154252690290161892e-02
8.829699955494083405e+09 1.114863402935653905e-02
9.014776314524917603e+09 1.076723479109615439e-02
9.203731996618228912e+09 1.039792255755222876e-02
9.396648314954671860e+09 1.004039008214070022e-02
9.593608287093128204e+09 9.694325146770653087e-03
9.794696670695384979e+09 9.359341608744685057e-03
1.000000000000000000e+10 9.035076428590428296e-03
1.020960662306047440e+10 8.721253733323079335e-03
1.042360673976403236e+10 8.417593521729221581e-03
1.064209244064726830e+10 8.123751472548419034e-03
1.086515774652537155e+10 7.839403751683186178e-03
1.109289864895222664e+10 7.564302881400007846e-03
1.132541315152812576e+10 7.298197982195594145e-03
1.156280131207373047e+10 7.040782304786505699e-03
1.180516528568803024e+10 6.791767251055652599e-03
1.205260936870841217e+10 6.550931025183455436e-03
1.230524004359261703e+10 6.318049053151236945e-03
1.256316602474121475e+10 6.092848315282921833e-03
1.282649830528062630e+10 5.875071858817975008e-03
1.309535020482670403e+10 5.664521099034001972e-03
1.336983741824945259e+10 5.460995206255746595e-03
1.365007806546013641e+10 5.264251418049024391e-03
1.393619274224143410e+10 5.074061180818809080e-03
1.422830457214348984e+10 4.890246872060850618e-03
1.452653925946778107e+10 4.712629078401735921e-03
1.483102514336102867e+10 4.540992158520685933e-03
1.514189325304351997e+10 4.375133024819585423e-03
1.545927736419478416e+10 4.214892971204927709e-03
1.578331405652119637e+10 4.060111885582947180e-03
1.611414277253023148e+10 3.910598416951825869e-03
1.645190587753660774e+10 3.766172294969475417e-03
1.679674872092653275e+10 3.626691869862617296e-03
1.714881969870541000e+10 3.492014410371314069e-03
1.750827031735726929e+10 3.361970302216804683e-03
1.787525525904231644e+10 3.236399701880194636e-03
1.824993244816150284e+10 3.115176325640774211e-03
1.863246311931559753e+10 2.998173080287341689e-03
1.902301188668945694e+10 2.885239786207503127e-03
1.942174681489028549e+10 2.776234870762079882e-03
1.982883949127075195e+10 2.671045881226132360e-03
2.024446509976801682e+10 2.569559781855340792e-03
2.066880249629082108e+10 2.471643753769114330e-03
2.110203428568596649e+10 2.377172552044151590e-03
2.154434690031886673e+10 2.286046161723589293e-03
2.199593068030070114e+10 2.198164171937831441e-03
2.245697995539771652e+10 2.113409257430703611e-03
2.292769312865648651e+10 2.031670750797066188e-03
2.340827276178294373e+10 1.952859811166927180e-03
2.389892566231052399e+10 1.876887354964315580e-03
2.439986297259555435e+10 1.803649870839182717e-03
2.491130026067786026e+10 1.733049693637201240e-03
2.543345761304648209e+10 1.665008011183585464e-03
2.596655972934872437e+10 1.599445892710902499e-03
2.651083601908541489e+10 1.536272130766191913e-03
2.706652070033235550e+10 1.475400645676650142e-03
2.763385290053166962e+10 1.416761616534087777e-03
2.821307675939470673e+10 1.360285203084950038e-03
2.880444153396297836e+10 1.305891145380360307e-03
2.940820170587066650e+10 1.253503675985917628e-03
3.002461709085555267e+10 1.203061026329635581e-03
3.065395295056523514e+10 1.154501486593040652e-03
3.129648010670750427e+10 1.107754526895252545e-03
3.195247505759213638e+10 1.062753548713467507e-03
3.262222009711672974e+10 1.019443986697475763e-03
3.330600343624581909e+10 9.777713944553827457e-04
3.400411932703702927e+10 9.376738803862980217e-04
3.471686818926559448e+10 8.990929890560515675e-04
3.544455673970435333e+10 8.619805910941251816e-04
3.618749812411283875e+10 8.262887212417901420e-04
3.694601205199309540e+10 7.919631479128245869e-04
3.772042493416993713e+10 7.589526391761566848e-04
3.851107002325569153e+10 7.272148089810649783e-04
3.931828755705770111e+10 6.967074679704299538e-04
4.014242490499325562e+10 6.673831688247278690e-04
4.098383671757252502e+10 6.391970795096233717e-04
4.184288507901576233e+10 6.121119325505426818e-04
4.271993966306776428e+10 5.860906793185215137e-04
4.361537789208005524e+10 5.610918735280354943e-04
4.452958509942659760e+10 5.370763460991136076e-04
4.546295469532408905e+10 5.140113851882345888e-04
4.641588833612772369e+10 4.918645113845698412e-04
4.738879609717650604e+10 4.705995796346435444e-04
4.838209664925956726e+10 4.501824250670159624e-04
4.939621743878325653e+10 4.305843847310652801e-04
5.043159487171348572e+10 4.117770347304297389e-04
5.148867450137487030e+10 3.937289066318587082e-04
5.256791122018418884e+10 3.764102515340776202e-04
5.366976945540475464e+10 3.597959997245571461e-04
5.479472336900292206e+10 3.438613215790303789e-04
5.594325706169388580e+10 3.285788683812517234e-04
5.711586478126422882e+10 3.139227824912246010e-04
5.831305113526218414e+10 2.998711781764353598e-04
5.953533130814369965e+10 2.864024064154968509e-04
6.078323128297235870e+10 2.734927422330013687e-04
6.205728806776487732e+10 2.611197517386069423e-04
6.335804992658241272e+10 2.492643660322722723e-04
6.468607661546320343e+10 2.379077461335757252e-04
6.604193962330305481e+10 2.270293496128301795e-04
6.742622241778349304e+10 2.166097502734489312e-04
6.883952069645510864e+10 2.066323670879353491e-04
7.028244264308338928e+10 1.970808395883046451e-04
7.175560918936921692e+10 1.879374159071109157e-04
7.325965428215229797e+10 1.791853077372282236e-04
7.479522515621827698e+10 1.708101275671406881e-04
7.636298261282226562e+10 1.627976972240438602e-04
7.796360130405221558e+10 1.551327075907274846e-04
7.959777002314976501e+10 1.478006799817423958e-04
8.126619200091944885e+10 1.407891573717973664e-04
8.296958520834915161e+10 1.340858795840465904e-04
8.470868266557418823e+10 1.276776720485163963e-04
8.648423275731707764e+10 1.215520747010904513e-04
8.829699955494082642e+10 1.156983263076021977e-04
9.014776314524917603e+10 1.101058492095911465e-04
9.203731996618229675e+10 1.047633306651702529e-04
9.396648314954670715e+10 9.966007163630286492e-05
9.593608287093125916e+10 9.478679758661286787e-05
9.794696670695385742e+10 9.013440389811799597e-05
1.000000000000000000e+11 8.569319869348205828e-05
1.020960662306047516e+11 8.145401627679642179e-05
1.042360673976403351e+11 7.740888282419208810e-05
1.064209244064726715e+11 7.354998070942394498e-05
1.086515774652537231e+11 6.986902634377978284e-05
1.109289864895222778e+11 6.635818644415266896e-05
1.132541315152812653e+11 6.301062274692899735e-05
1.156280131207372894e+11 5.981963965639002786e-05
1.180516528568803101e+11 5.677817464556634387e-05
1.205260936870841370e+11 5.387954981731234204e-05
1.230524004359261475e+11 5.111791607543037549e-05
1.256316602474121399e+11 4.848755385126876709e-05
1.282649830528062439e+11 4.598245705979766445e-05
1.309535020482670288e+11 4.359694749205182489e-05
1.336983741824945221e+11 4.132603569667557937e-05
1.365007806546013794e+11 3.916484914861373531e-05
1.393619274224143372e+11 3.710829372173042752e-05
1.422830457214349060e+11 3.515155420555501968e-05
1.452653925946778259e+11 3.329038642117241226e-05
1.483102514336102905e+11 3.152065116300016475e-05
1.514189325304352112e+11 2.983803969280879450e-05
1.545927736419478455e+11 2.823848002516837722e-05
1.578331405652119751e+11 2.671837246688954609e-05
1.611414277253023071e+11 2.527421106848438522e-05
1.645190587753660583e+11 2.390236181868589873e-05
1.679674872092653198e+11 2.259939121689981951e-05
1.714881969870540771e+11 2.136225543237088578e-05
1.750827031735719604e+11 2.018799391840342300e-05
1.787525525904231873e+11 1.907355084061130557e-05
1.824993244816150513e+11 1.801603978205899972e-05
1.863246311931559753e+11 1.701289502309463861e-05
1.902301188668945618e+11 1.606162446199823531e-05
1.942174681489028320e+11 1.515966638593014236e-05
1.982883949127075500e+11 1.430460187701802502e-05
2.024446509976802063e+11 1.349427527583370309e-05
2.066880249629082031e+11 1.272659567271472112e-05
2.110203428568596497e+11 1.199942246609211294e-05
2.154434690031877747e+11 1.131073510243747858e-05
2.199593068030070190e+11 1.065872857041792457e-05
2.245697995539771729e+11 1.004165452761384291e-05
2.292769312865648804e+11 9.457730219417858849e-06
2.340827276178294067e+11 8.905273546154293470e-06
2.389892566231052551e+11 8.382778410325980473e-06
2.439986297259555054e+11 7.888788067334318594e-06
2.491130026067796021e+11 7.421822928397263517e-06
2.543345761304648132e+11 6.980487563760245324e-06
2.596655972934872437e+11 6.563529864787760805e-06
2.651083601908530884e+11 6.169740493061676510e-06
2.706652070033235779e+11 5.797895888335839580e-06
2.763385290053167114e+11 5.446842651511470591e-06
2.821307675939470825e+11 5.115543763189869229e-06
2.880444153396297607e+11 4.802999086692680543e-06
2.940820170587066650e+11 4.508200569067434134e-06
3.002461709085555420e+11 4.230198470284245116e-06
3.065395295056536255e+11 3.968137279409838147e-06
3.129648010670750732e+11 3.721193133155674935e-06
3.195247505759213257e+11 3.488538753756438120e-06
3.262222009711659546e+11 3.269395174190050533e-06
3.330600343624581909e+11 3.063059494489468759e-06
3.400411932703702393e+11 2.868855833977067275e-06
3.471686818926559448e+11 2.686108011272912686e-06
3.544455673970435181e+11 2.514179735431156575e-06
3.618749812411284180e+11 2.352495932468436737e-06
3.694601205199309692e+11 2.200504478864170418e-06
3.772042493417008667e+11 2.057655010476806990e-06
3.851107002325568848e+11 1.923429985704633908e-06
3.931828755705770264e+11 1.797360972583771535e-06
4.014242490499309692e+11 1.678998932764816201e-06
4.098383671757252808e+11 1.567897860343570880e-06
4.184288507901575928e+11 1.463638657485714309e-06
4.271993966306776123e+11 1.365841493907786990e-06
4.361537789208005371e+11 1.274142841108828998e-06
4.452958509942659912e+11 1.188182899790298069e-06
4.546295469532408447e+11 1.107623845461952274e-06
4.641588833612791138e+11 1.032159144753779984e-06
4.738879609717650757e+11 9.614958936105511470e-07
4.838209664925957031e+11 8.953452023852957988e-07
4.939621743878305664e+11 8.334360554186544651e-07
5.043159487171348267e+11 7.755222839429419272e-07
5.148867450137487183e+11 7.213690516399420262e-07
5.256791122018419189e+11 6.707455375245814845e-07
5.366976945540476074e+11 6.234353979745315307e-07
5.479472336900292969e+11 5.792419467289628102e-07
5.594325706169388428e+11 5.379778672673002473e-07
5.711586478126446533e+11 4.994596719673303379e-07
5.831305113526218262e+11 4.635155478426572320e-07
5.953533130814368896e+11 4.299891741314637179e-07
6.078323128297211914e+11 3.987319324219220844e-07
6.205728806776488037e+11 3.695987319889311127e-07
6.335804992658240967e+11 3.424538532656831071e-07
6.468607661546320801e+11 3.171737375762864665e-07
6.604193962330305176e+11 2.936411204938759145e-07
6.742622241778348389e+11 2.717419025202575235e-07
6.883952069645510254e+11 2.513694700838245941e-07
7.028244264308366699e+11 2.324267157005723935e-07
7.175560918936921387e+11 2.148216442000980294e-07
7.325965428215229492e+11 1.984650390639538263e-07
7.479522515621828613e+11 1.832736335749075683e-07
7.636298261282225342e+11 1.691715594295429967e-07
7.796360130405220947e+11 1.560870746817078030e-07
7.959777002314978027e+11 1.439508324706577109e-07
8.126619200091945801e+11 1.326981898773954906e-07
8.296958520834915771e+11 1.222702357038372906e-07
8.470868266557419434e+11 1.126113678513786857e-07
8.648423275731743164e+11 1.036680156557952222e-07
8.829699955494082031e+11 9.539030688598397649e-08
9.014776314524916992e+11 8.773278851105839489e-08
9.203731996618229980e+11 8.065264358397016603e-08
9.396648314954670410e+11 7.410875328602511560e-08
9.593608287093126221e+11 6.806288987320912382e-08
9.794696670695385742e+11 6.248021568493266550e-08
1.000000000000000000e+12 5.732797862021052246e-08
1.020960662306047485e+12 5.257482719493629522e-08
1.042360673976403198e+12 4.819165624364163745e-08
1.064209244064726929e+12 4.415194746786119965e-08
1.086515774652537354e+12 4.043082090265199135e-08
1.109289864895222656e+12 3.700453737364673468e-08
1.132541315152812744e+12 3.385109204595045152e-08
1.156280131207372803e+12 3.095044306852704477e-08
1.180516528568802979e+12 2.828382619149169752e-08
1.205260936870841309e+12 2.583339525546547169e-08
1.230524004359261719e+12 2.358263431932514706e-08
1.256316602474121338e+12 2.151650829882178094e-08
1.282649830528062500e+12 1.962097087450119126e-08
1.309535020482670410e+12 1.788270608675475655e-08
1.336983741824945068e+12 1.628941120630490615e-08
1.365007806546013672e+12 1.482989377951161503e-08
1.393619274224143311e+12 1.349372059650584040e-08
1.422830457214348877e+12 1.227103293389562983e-08
1.452653925946778320e+12 1.115273829140279257e-08
1.483102514336102783e+12 1.013057121602127630e-08
1.514189325304351807e+12 9.196844537279327502e-09
1.545927736419478516e+12 8.344317960693031355e-09
1.578331405652119873e+12 7.566326266310155736e-09
1.611414277253023193e+12 6.856816112201631101e-09
1.645190587753660889e+12 6.210170917177696388e-09
1.679674872092653076e+12 5.621117889984425050e-09
1.714881969870540771e+12 5.084812461799797092e-09
1.750827031735719727e+12 4.596859512692716369e-09
1.787525525904231689e+12 4.153190931738219982e-09
1.824993244816150391e+12 3.750000186034513405e-09
1.863246311931559814e+12 3.383796999557494886e-09
1.902301188668945801e+12 3.051418750208417057e-09
1.942174681489028320e+12 2.749945448973098488e-09
1.982883949127075439e+12 2.476653935107144267e-09
2.024446509976801758e+12 2.229052616030052072e-09
2.066880249629082031e+12 2.004886873545552538e-09
2.110203428568596680e+12 1.802080437983998866e-09
2.154434690031877930e+12 1.618703494866343910e-09
2.199593068030070312e+12 1.452994273683763411e-09
2.245697995539771484e+12 1.303360970077417606e-09
2.292769312865648926e+12 1.168341607115669239e-09
2.340827276178293945e+12 1.046581949999596667e-09
2.389892566231052246e+12 9.368485738983973459e-10
2.439986297259555176e+12 8.380288952106386370e-10
2.491130026067796387e+12 7.491038885556402739e-10
2.543345761304647949e+12 6.691328794335522505e-10
2.596655972934872070e+12 5.972612020255557676e-10
2.651083601908530762e+12 5.327193177828105765e-10
2.706652070033235840e+12 4.748044072087829932e-10
2.763385290053166992e+12 4.228699596854679184e-10
2.821307675939470703e+12 3.763300765799767038e-10
2.880444153396297852e+12 3.346582508305405383e-10
2.940820170587066406e+12 2.973750401978737948e-10
3.002461709085555176e+12 2.640409845835423175e-10
3.065395295056536133e+12 2.342588869793579255e-10
3.129648010670750488e+12 2.076725686583653292e-10
3.195247505759213867e+12 1.839586785544641825e-10
3.262222009711660156e+12 1.628219056073556530e-10
3.330600343624582031e+12 1.439960830020606242e-10
3.400411932703702637e+12 1.272430732591681985e-10
3.471686818926559082e+12 1.123473692087453784e-10
3.544455673970435547e+12 9.911287994352734808e-11
3.618749812411284180e+12 8.736338134267245735e-11
3.694601205199310059e+12 7.694159055151730474e-11
3.772042493417008789e+12 6.770563638170068985e-11
3.851107002325568848e+12 5.952691754239804171e-11
3.931828755705770020e+12 5.229021322894357452e-11
4.014242490499309570e+12 4.589295396048208130e-11
4.098383671757252930e+12 4.024293383629095503e-11
4.184288507901576172e+12 3.525689461500937342e-11
4.271993966306776855e+12 3.086047750636402224e-11
4.361537789208005859e+12 2.698767119422391263e-11
4.452958509942660156e+12 2.357934223890769626e-11
4.546295469532409180e+12 2.058230701752562958e-11
4.641588833612791016e+12 1.794922402336719760e-11
4.738879609717650391e+12 1.563818949550874102e-11
4.838209664925957031e+12 1.361180220476080921e-11
4.939621743878305664e+12 1.183656078363844489e-11
5.043159487171347656e+12 1.028274700051872774e-11
5.148867450137486328e+12 8.924137813927878859e-12
5.256791122018418945e+12 7.737416080532926419e-12
5.366976945540475586e+12 6.701783100868329129e-12
5.479472336900291992e+12 5.798855401036048121e-12
5.594325706169388672e+12 5.012464868730435657e-12
5.711586478126446289e+12 4.328291289236684946e-12
5.831305113526218750e+12 3.733615942413547427e-12
5.953533130814370117e+12 3.217239347864148330e-12
6.078323128297210938e+12 2.769345795974377023e-12
6.205728806776487305e+12 2.381276730516281566e-12
6.335804992658241211e+12 2.045375872686626603e-12
6.468607661546321289e+12 1.754927935249408056e-12
6.604193962330305664e+12 1.504068852795626128e-12
6.742622241778348633e+12 1.287647658335581961e-12
6.883952069645509766e+12 1.101130356340735390e-12
7.028244264308366211e+12 9.405564764225250446e-13
7.175560918936920898e+12 8.024808750199027509e-13
7.325965428215229492e+12 6.838905952394328680e-13
7.479522515621797852e+12 5.821460060750282936e-13
7.636298261282225586e+12 4.949512172480554089e-13
7.796360130405220703e+12 4.203171523252083278e-13
7.959777002314977539e+12 3.565121663888333912e-13
8.126619200091945312e+12 3.020265229425212495e-13
8.296958520834915039e+12 2.555529333579410312e-13
8.470868266557419922e+12 2.159636228722920587e-13
8.648423275731745117e+12 1.822814123259521562e-13
8.829699955494082031e+12 1.536586088825191387e-13
9.014776314524917969e+12 1.293645983635094869e-13
9.203731996618228516e+12 1.087719043591311591e-13
9.396648314954669922e+12 9.133950760678672092e-14
9.593608287093126953e+12 7.660050703119479147e-14
9.794696670695386719e+12 6.415443538471460165e-14
1.000000000000000000e+13 5.365896695698742705e-14
1.020960662306047461e+13 4.482044932660635642e-14
1.042360673976403125e+13 3.738681603673351423e-14
1.064209244064726758e+13 3.114295773108076105e-14
1.086515774652537305e+13 2.590589740249981544e-14
1.109289864895222656e+13 2.151950712687987350e-14
1.132541315152812695e+13 1.785051199883646829e-14
1.156280131207373047e+13 1.478577612951974555e-14
1.180516528568803125e+13 1.222955800306547190e-14
1.205260936870841211e+13 1.010061546475112510e-14
1.230524004359261523e+13 8.329996351898601963e-15
1.256316602474121484e+13 6.859489109910531266e-15
1.282649830528062695e+13 5.640097129075668806e-15
1.309535020482670312e+13 4.630482651647302274e-15
1.336983741824945312e+13 3.795770252096474081e-15
1.365007806546013672e+13 3.106685577458164742e-15
1.393619274224143359e+13 2.538727204110411268e-15
1.422830457214349023e+13 2.071347109493710403e-15
1.452653925946778320e+13 1.687316645605005813e-15
1.483102514336102734e+13 1.372260473514583051e-15
1.514189325304351953e+13 1.114217928770284343e-15
1.545927736419478516e+13 9.032206197079672416e-16
1.578331405652119727e+13 7.309640752138865249e-16
1.611414277253023242e+13 5.905623147549362706e-16
1.645190587753660742e+13 4.763213349708689183e-16
1.679674872092653125e+13 3.835262982149703929e-16
1.714881969870541016e+13 3.082755301993339275e-16
1.750827031735719922e+13 2.473548191502923658e-16
1.787525525904231641e+13 1.981234723677158840e-16
1.824993244816150391e+13 1.584096442102986219e-16
1.863246311931559766e+13 1.264285060023492852e-16
1.902301188668945703e+13 1.007196736694483749e-16
1.942174681489028516e+13 8.009142900304727588e-17
1.982883949127075391e+13 6.357052302384544592e-17
2.024446509976801562e+13 5.036289306052727029e-17
2.066880249629082031e+13 3.982341361683080142e-17
2.110203428568596484e+13 3.142935149460558260e-17
2.154434690031877734e+13 2.475692608008303980e-17
2.199593068030070312e+13 1.946296776355036577e-17
2.245697995539771484e+13 1.527072949870895536e-17
2.292769312865648828e+13 1.195761965199866903e-17
2.340827276178294141e+13 9.344558838827654672e-18
2.389892566231052344e+13 7.287661453414295001e-18
2.439986297259555078e+13 5.671784928270946853e-18
2.491130026067785938e+13 4.405031222987486514e-18
2.543345761304648438e+13 3.414054179037997812e-18
2.596655972934872656e+13 2.640399909945950779e-18
2.651083601908530859e+13 2.037667195403134496e-18
2.706652070033235938e+13 1.569119992352030554e-18
2.763385290053166797e+13 1.205681299629202042e-18
2.821307675939470703e+13 9.243736085443856290e-19
2.880444153396297656e+13 7.071100857982546401e-19
2.940820170587066797e+13 5.396916746093472265e-19
3.002461709085555078e+13 4.109767796677694335e-19
3.065395295056535938e+13 3.122384305158886123e-19
3.129648010670750391e+13 2.366672793207661202e-19
3.195247505759213672e+13 1.789646100266021774e-19
3.262222009711659766e+13 1.350101485997632298e-19
3.330600343624581641e+13 1.016061590833959293e-19
3.400411932703702734e+13 7.628035862258158934e-20
3.471686818926559766e+13 5.712659296522807166e-20
3.544455673970435938e+13 4.267657840007292670e-20
3.618749812411284375e+13 3.180167319259345115e-20
3.694601205199309375e+13 2.363760979354942105e-20
3.772042493417008594e+13 1.752442244386373360e-20
3.851107002325568750e+13 1.295873769662020780e-20
3.931828755705770312e+13 9.557478123758658661e-21
4.014242490499309375e+13 7.030221640500756565e-21
4.098383671757252344e+13 5.157421906551563927e-21
4.184288507901575781e+13 3.773340330890927617e-21
4.271993966306776562e+13 2.753157724281645378e-21
4.361537789208005469e+13 2.003229906424854563e-21
4.452958509942659375e+13 1.453507902284849053e-21
4.546295469532408594e+13 1.051676261193989417e-21
4.641588833612791406e+13 7.587631540247679681e-22
4.738879609717650781e+13 5.458483054161747668e-22
4.838209664925957031e+13 3.915353800544599972e-22
4.939621743878305469e+13 2.800231571518688686e-22
5.043159487171348438e+13 1.996739667585495625e-22
5.148867450137487500e+13 1.419498190787147158e-22
5.256791122018419531e+13 1.006063234000730767e-22
5.366976945540475781e+13 7.108577423818468542e-23
5.479472336900292188e+13 5.007108367366939942e-23
5.594325706169388281e+13 3.515755858479700949e-23
5.711586478126446875e+13 2.460754856298684616e-23
5.831305113526218750e+13 1.716821706554419736e-23
5.953533130814369531e+13 1.193900974279043367e-23
6.078323128297210938e+13 8.275179231687771777e-24
6.205728806776487500e+13 5.716659458264700153e-24
6.335804992658241406e+13 3.935968534969993670e-24
6.468607661546320312e+13 2.700744438535841045e-24
6.604193962330304688e+13 1.846786932900021345e-24
6.742622241778349219e+13 1.258463504300663068e-24
6.883952069645510938e+13 8.545604899218503009e-25
7.028244264308367188e+13 5.782300043169625106e-25
7.175560918936920312e+13 3.898450293012310186e-25
7.325965428215229688e+13 2.618817770464725937e-25
7.479522515621796875e+13 1.752780303801087893e-25
7.636298261282225000e+13 1.168785806340373563e-25
7.796360130405220312e+13 7.764340586757679469e-26
7.959777002314978125e+13 5.138353244725653372e-26
8.126619200091945312e+13 3.387499587701254750e-26
8.296958520834914062e+13 2.224568346280867262e-26
8.470868266557418750e+13 1.455121996993574950e-26
8.648423275731743750e+13 9.480404683711614769e-27
8.829699955494082812e+13 6.151959289954847007e-27
9.014776314524917188e+13 3.975880809615159374e-27
9.203731996618229688e+13 2.558947932115915968e-27
9.396648314954671875e+13 1.640149688976732401e-27
9.593608287093126562e+13 1.046848431714514493e-27
9.794696670695385938e+13 6.653275370784470864e-28
1.000000000000000000e+14 4.210292652205808198e-28
1.020960662306047656e+14 2.652766040829109739e-28
1.042360673976403281e+14 1.664097727460730626e-28
1.064209244064726875e+14 1.039259036172983949e-28
1.086515774652537188e+14 6.461099258675946162e-29
1.109289864895222656e+14 3.998622414974203788e-29
1.132541315152812656e+14 2.463304065311021400e-29
1.156280131207372969e+14 1.510427632523821162e-29
1.180516528568803125e+14 9.217801211226491269e-30
1.205260936870841250e+14 5.598645073254088814e-30
1.230524004359261562e+14 3.384136303224361800e-30
1.256316602474121406e+14 2.035594937091803432e-30
1.282649830528062500e+14 1.218381743333900847e-30
1.309535020482670312e+14 7.256135994866646697e-31
1.336983741824945156e+14 4.299692327410239186e-31
1.365007806546013906e+14 2.534820219955566230e-31
1.393619274224143594e+14 1.486631192844297060e-31
1.422830457214349062e+14 8.673330308046102374e-32
1.452653925946778125e+14 5.033542535813686595e-32
1.483102514336102812e+14 2.905582435655396733e-32
1.514189325304351875e+14 1.668135159124917496e-32
1.545927736419478438e+14 9.524601338720134203e-33
1.578331405652119688e+14 5.408255486133096598e-33
1.611414277253023125e+14 3.053706023816636865e-33
1.645190587753660625e+14 1.714439909989737036e-33
1.679674872092653125e+14 9.570175294584362869e-34
1.714881969870540938e+14 5.311240167270556830e-34
1.750827031735719688e+14 2.930309902196279598e-34
1.787525525904231875e+14 1.607076043378265412e-34
1.824993244816150312e+14 8.760737099394210234e-35
1.863246311931559688e+14 4.746795459345418804e-35
1.902301188668945625e+14 2.556097490000688291e-35
1.942174681489028438e+14 1.367833531796501389e-35
1.982883949127075312e+14 7.273484576929182763e-36
2.024446509976801875e+14 3.843066610963726879e-36
2.066880249629082188e+14 2.017432065249925676e-36
2.110203428568596562e+14 1.052120696449884159e-36
2.154434690031877812e+14 5.450679861206431177e-37
2.199593068030070312e+14 2.804950389297186255e-37
2.245697995539771562e+14 1.433661467450421910e-37
2.292769312865648750e+14 7.277345187702359436e-38
2.340827276178294375e+14 3.668388432866669307e-38
2.389892566231052500e+14 1.836211548380478079e-38
2.439986297259555000e+14 9.125792555236746661e-39
2.491130026067785938e+14 4.502718925234618856e-39
2.543345761304648125e+14 2.205487458082321064e-39
2.596655972934872500e+14 1.072326328892981691e-39
2.651083601908530625e+14 5.174818952041871473e-40
2.706652070033235938e+14 2.478350907238860830e-40
2.763385290053167188e+14 1.177869019181599928e-40
2.821307675939470625e+14 5.554727779108606724e-41
2.880444153396298125e+14 2.599028068189443713e-41
2.940820170587066250e+14 1.206404106366770609e-41
3.002461709085555000e+14 5.554861694467688891e-42
3.065395295056535625e+14 2.536968553766929040e-42
3.129648010670750625e+14 1.149123292062482101e-42
3.195247505759213750e+14 5.161507694757852967e-43
3.262222009711659375e+14 2.298833925099217807e-43
3.330600343624581250e+14 1.015126319282243588e-43
3.400411932703702500e+14 4.443853225250761957e-44
3.471686818926559375e+14 1.928290454222823991e-44
3.544455673970435625e+14 8.293131090374332872e-45
3.618749812411283750e+14 3.534726472589827624e-45
3.694601205199310000e+14 1.492887649275757402e-45
3.772042493417008750e+14 6.247058860672776507e-46
3.851107002325568750e+14 2.589755856012541867e-46
3.931828755705770000e+14 1.063486467163105183e-46
4.014242490499310000e+14 4.325485412912587607e-47
4.098383671757253125e+14 1.742238292908249499e-47
4.184288507901576250e+14 6.948721101248808512e-48
4.271993966306776875e+14 2.743968433916900881e-48
4.361537789208005625e+14 1.072671818871745355e-48
4.452958509942660000e+14 4.150543752729073432e-49
4.546295469532408750e+14 1.589444301352343854e-49
4.641588833612791250e+14 6.023335127912064057e-50
4.738879609717650625e+14 2.258464996045499532e-50
4.838209664925956875e+14 8.377370184344803425e-51
4.939621743878305000e+14 3.073751154371956932e-51
5.043159487171348125e+14 1.115429889952988900e-51
5.148867450137486875e+14 4.002746034047399147e-52
5.256791122018418750e+14 1.420187503295580546e-52
5.366976945540476250e+14 4.981389324710401866e-53
5.479472336900293125e+14 1.727089504880481561e-53
5.594325706169389375e+14 5.917857779857070966e-54
5.711586478126446250e+14 2.003665940842700779e-54
5.831305113526218750e+14 6.702531289756029159e-55
5.953533130814370000e+14 2.214847312352049662e-55
6.078323128297211250e+14 7.228726596707532857e-56
6.205728806776487500e+14 2.329777755883353073e-56
6.335804992658241250e+14 7.413778910815744872e-57
6.468607661546320000e+14 2.329012769287660291e-57
6.604193962330305000e+14 7.221518001674968995e-58
6.742622241778348750e+14 2.209666300329116801e-58
6.883952069645510000e+14 6.671140099465817977e-59
7.028244264308366250e+14 1.986913618302343182e-59
7.175560918936921250e+14 5.836817236526848981e-60
7.325965428215230000e+14 1.690845086116087716e-60
7.479522515621797500e+14 4.829379543895023954e-61
7.636298261282225000e+14 1.359766863565281228e-61
7.796360130405220000e+14 3.773382428662469663e-62
7.959777002314977500e+14 1.031805451164879502e-62
8.126619200091946250e+14 2.779648454360223212e-63
8.296958520834916250e+14 7.376118658822610620e-64
8.470868266557420000e+14 1.927588088047118461e-64
8.648423275731745000e+14 4.959648064972139951e-65
8.829699955494082500e+14 1.256195204013334772e-65
9.014776314524917500e+14 3.131473261886764515e-66
9.203731996618230000e+14 7.681079864124712828e-67
9.396648314954671250e+14 1.853420860572048235e-67
9.593608287093126250e+14 4.398635006096323391e-68
9.794696670695385000e+14 1.026511846778563454e-68
1.000000000000000000e+15 2.355064503116804157e-69
1.020960662306047500e+15 5.310366283949015951e-70
1.042360673976403250e+15 1.176622298463401254e-70
1.064209244064722375e+15 2.561206700150270691e-71
1.086515774652537375e+15 5.475594997647699518e-72
1.109289864895222875e+15 1.149424834144015708e-72
1.132541315152812750e+15 2.368613804449021453e-73
1.156280131207377750e+15 4.790379761452961507e-74
1.180516528568803000e+15 9.505717502883798727e-75
1.205260936870841250e+15 1.850186537441228208e-75
1.230524004359261500e+15 3.531481551131743393e-76
1.256316602474121500e+15 6.608453732472953659e-77
1.282649830528062500e+15 1.212032099449431758e-77
1.309535020482665000e+15 2.178053678010866192e-78
1.336983741824945250e+15 3.833992005809151976e-79
1.365007806546013750e+15 6.609144630634754800e-80
1.393619274224143500e+15 1.115353905849677474e-80
1.422830457214354750e+15 1.842104498046253307e-81
1.452653925946778250e+15 2.976666921405329911e-82
1.483102514336102750e+15 4.704743313297093911e-83
1.514189325304352000e+15 7.270843910824720119e-84
1.545927736419478500e+15 1.098320265044016113e-84
1.578331405652119500e+15 1.621214439530384006e-85
1.611414277253016750e+15 2.337684986297711673e-86
1.645190587753660750e+15 3.291622132223778081e-87
1.679674872092653250e+15 4.524340014615901951e-88
1.714881969870541000e+15 6.068549440809216657e-89
1.750827031735726750e+15 7.940659008775776275e-90
1.787525525904231750e+15 1.013222596545594893e-90
1.824993244816150500e+15 1.260267451705621904e-91
1.863246311931559750e+15 1.527508675256241375e-92
1.902301188668945750e+15 1.803497343499502207e-93
1.942174681489028250e+15 2.073396812690050802e-94
1.982883949127067250e+15 2.320099652287741904e-95
2.024446509976801750e+15 2.525989070912086779e-96
2.066880249629082000e+15 2.674816951788198081e-97
2.110203428568596500e+15 2.753642079050245156e-98
2.154434690031886500e+15 2.754751822810795126e-99
2.199593068030070500e+15 2.677018257780149402e-100
2.245697995539771750e+15 2.526037676885093007e-101
2.292769312865648500e+15 2.313390745927996055e-102
2.340827276178294500e+15 2.055309804671367843e-103
2.389892566231052500e+15 1.770700720488412353e-104
2.439986297259545000e+15 1.478652536363984831e-105
2.491130026067786000e+15 1.196267624013107202e-106
2.543345761304648500e+15 9.371671587614552264e-108
2.596655972934872000e+15 7.106241318866369616e-109
2.651083601908541500e+15 5.213115846635445416e-110
2.706652070033235500e+15 3.697972154346095082e-111
2.763385290053167000e+15 2.535185812578042555e-112
2.821307675939470500e+15 1.678919245774437352e-113
2.880444153396297500e+15 1.073519288100400905e-114
2.940820170587066500e+15 6.623832684548207479e-116
3.002461709085543000e+15 3.941705110794207702e-117
3.065395295056523500e+15 2.261066616173410387e-118
3.129648010670750500e+15 1.249591192418709151e-119
3.195247505759214000e+15 6.649536266238087276e-121
3.262222009711673500e+15 3.405046085613500845e-122
3.330600343624582000e+15 1.676973208359451943e-123
3.400411932703702500e+15 7.938806842256636739e-125
3.471686818926559500e+15 3.610244143941399432e-126
3.544455673970435500e+15 1.576129625072946892e-127
3.618749812411284000e+15 6.601877167216788842e-129
3.694601205199294500e+15 2.651550370460548683e-130
3.772042493416993500e+15 1.020462421668845505e-131
3.851107002325568500e+15 3.760639282714299962e-133
3.931828755705770000e+15 1.326238192663153330e-134
4.014242490499326000e+15 4.472952575173383491e-136
4.098383671757253000e+15 1.441676574285464337e-137
4.184288507901576000e+15 4.437359386758575628e-139
4.271993966306776500e+15 1.303383906997279188e-140
4.361537789208006000e+15 3.650970038548599820e-142
4.452958509942660000e+15 9.745381110295532156e-144
4.546295469532390000e+15 2.476877333765939235e-145
4.641588833612773000e+15 5.989790373106201718e-147
4.738879609717651000e+15 1.377194373534226824e-148
4.838209664925957000e+15 3.008145278762688731e-150
4.939621743878326000e+15 6.236761773261776148e-152
5.043159487171349000e+15 1.226420870547070805e-153
5.148867450137487000e+15 2.285552069585899569e-155
5.256791122018419000e+15 4.033040694568690411e-157
5.366976945540476000e+15 6.732484657079930636e-159
5.479472336900292000e+15 1.062325934409493641e-160
5.594325706169389000e+15 1.583088928738237032e-162
5.711586478126423000e+15 2.225922199667273116e-164
5.831305113526218000e+15 2.950229397268323774e-166
5.953533130814370000e+15 3.682597634365005873e-168
6.078323128297236000e+15 4.325170170366986457e-170
6.205728806776513000e+15 4.774917895425653246e-172
6.335804992658241000e+15 4.949905495943316667e-174
6.468607661546321000e+15 4.813698082018080383e-176
6.604193962330306000e+15 4.387121349896333691e-178
6.742622241778349000e+15 3.743102945878723764e-180
6.883952069645510000e+15 2.986468908563378912e-182
7.028244264308338000e+15 2.225921571719599014e-184
7.175560918936921000e+15 1.548185939470858244e-186
7.325965428215230000e+15 1.003684079941454891e-188
7.479522515621829000e+15 6.057874060556039572e-191
7.636298261282257000e+15 3.400249290279013955e-193
7.796360130405221000e+15 1.772840789187298809e-195
7.959777002314978000e+15 8.575525009735773868e-198
8.126619200091945000e+15 3.843577265509507110e-200
8.296958520834915000e+15 1.594323325347402438e-202
8.470868266557420000e+15 6.112895359098060644e-205
8.648423275731709000e+15 2.163577594009787455e-207
8.829699955494083000e+15 7.059360820133864928e-210
9.014776314524918000e+15 2.120649411968856898e-212
9.203731996618230000e+15 5.857425792159552191e-215
9.396648314954710000e+15 1.485467328586468464e-217
9.593608287093126000e+15 3.453884837885736771e-220
9.794696670695384000e+15 7.352627982699775003e-223
