1.020960662306047603e+07 9.338941453754316058e+01
1.042360673976401053e+07 9.141803372059011679e+01
1.064209244064724632e+07 8.948780322204281390e+01
1.086515774652537145e+07 8.759758647094757578e+01
1.109289864895222709e+07 8.574633970969111374e+01
1.132541315152812563e+07 8.393354854070138060e+01
1.156280131207375228e+07 8.215864197025960891e+01
1.180516528568805568e+07 8.042057280834868038e+01
1.205260936870841496e+07 7.871837939151929220e+01
1.230524004359261692e+07 7.705158762120009897e+01
1.256316602474121563e+07 7.541967127093100487e+01
1.282649830528059974e+07 7.382166556964320137e+01
1.309535020482667536e+07 7.225668455069194351e+01
1.336983741824945062e+07 7.072429126978157399e+01
1.365007806546013802e+07 6.922400077393906770e+01
1.393619274224143475e+07 6.775492428796876254e+01
1.422830457214351930e+07 6.631624564020498269e+01
1.452653925946781226e+07 6.490756213974066213e+01
1.483102514336102828e+07 6.352842688535044857e+01
1.514189325304351933e+07 6.217802117127484962e+01
1.545927736419478431e+07 6.085559317705882165e+01
1.578331405652116425e+07 5.956077178942869210e+01
1.611414277253019996e+07 5.829314518686617674e+01
1.645190587753660791e+07 5.705195926667442308e+01
1.679674872092653066e+07 5.583652153602109536e+01
1.714881969870540872e+07 5.464648999233377680e+01
1.750827031735723466e+07 5.348148515409592818e+01
1.787525525904235244e+07 5.234081247725963948e+01
1.824993244816150516e+07 5.122383416357308050e+01
1.863246311931559816e+07 5.013023504463406255e+01
1.902301188668945804e+07 4.905966545340452711e+01
1.942174681489024311e+07 4.801148575114029171e+01
1.982883949127071351e+07 4.698510855853786694e+01
2.024446509976801649e+07 4.598024344442975320e+01
2.066880249629081786e+07 4.499656822634393194e+01
2.110203428568596393e+07 4.403349387754788324e+01
2.154434690031882003e+07 4.309047949444209991e+01
2.199593068030074611e+07 4.216725744957717836e+01
2.245697995539776236e+07 4.126353089570798716e+01
2.292769312865648791e+07 4.037875745824390350e+01
2.340827276178294048e+07 3.951243907280970546e+01
2.389892566231048107e+07 3.866432913146241646e+01
2.439986297259550542e+07 3.783415414092306150e+01
2.491130026067791134e+07 3.702141472671181788e+01
2.543345761304648221e+07 3.622565230728037733e+01
2.596655972934872285e+07 3.544663965098196456e+01
2.651083601908536255e+07 3.468412479154413575e+01
2.706652070033241063e+07 3.393764798459199739e+01
2.763385290053172782e+07 3.320678703806020593e+01
2.821307675939470530e+07 3.249133257965863208e+01
2.880444153396297619e+07 3.179105248563523389e+01
2.940820170587060601e+07 3.110552353456970920e+01
3.002461709085549042e+07 3.043435706928402595e+01
3.065395295056529716e+07 2.977736017931048451e+01
3.129648010670750216e+07 2.913431903009283630e+01
3.195247505759213492e+07 2.850484405697105217e+01
3.262222009711666778e+07 2.788857750546533154e+01
3.330600343624588847e+07 2.728534163834806137e+01
3.400411932703709602e+07 2.669493947807866263e+01
3.471686818926559389e+07 2.611701247322569230e+01
3.544455673970435560e+07 2.555123134455620004e+01
3.618749812411276251e+07 2.499743234023457816e+01
3.694601205199302733e+07 2.445543401883460177e+01
3.772042493417001516e+07 2.392490640465710783e+01
3.851107002325568348e+07 2.340554645533044464e+01
3.931828755705770105e+07 2.289720330886721200e+01
4.014242490499317646e+07 2.239970984222303230e+01
4.098383671757261455e+07 2.191276240766769590e+01
4.184288507901584357e+07 2.143608213558522735e+01
4.271993966306776553e+07 2.096953004379932395e+01
4.361537789208005369e+07 2.051295220525202367e+01
4.452958509942659736e+07 2.006606922724244768e+01
4.546295469532398880e+07 1.962862450942751025e+01
4.641588833612781763e+07 1.920049001861680438e+01
4.738879609717650712e+07 1.878152398858332006e+01
4.838209664925957471e+07 1.837146937058639651e+01
4.939621743878325820e+07 1.797009007844650341e+01
5.043159487171358615e+07 1.757726816957777416e+01
5.148867450137497485e+07 1.719287308469968423e+01
5.256791122018418461e+07 1.681666835649422609e+01
5.366976945540475845e+07 1.644843679492797506e+01
5.479472336900292337e+07 1.608806975704041875e+01
5.594325706169377267e+07 1.573544701049624805e+01
5.711586478126434237e+07 1.539035104476982063e+01
5.831305113526218385e+07 1.505258207442955865e+01
5.953533130814369768e+07 1.472204002658846633e+01
6.078323128297235817e+07 1.439861418477073762e+01
6.205728806776500493e+07 1.408210449753931748e+01
6.335804992658253759e+07 1.377232720881571737e+01
6.468607661546321213e+07 1.346919014332769748e+01
6.604193962330305576e+07 1.317259135299756068e+01
6.742622241778348386e+07 1.288234686459494860e+01
6.883952069645495713e+07 1.259828768360852713e+01
7.028244264308351278e+07 1.232032891263574470e+01
7.175560918936920166e+07 1.204837668277285267e+01
7.325965428215231001e+07 1.178226182616728579e+01
7.479522515621829033e+07 1.152182894131403934e+01
7.636298261282241344e+07 1.126699983735080046e+01
7.796360130405236781e+07 1.101768808927703347e+01
7.959777002314977348e+07 1.077373816129628281e+01
8.126619200091944635e+07 1.053500716786520996e+01
8.296958520834915340e+07 1.030142309804070599e+01
8.470868266557401419e+07 1.007290638499050850e+01
8.648423275731725991e+07 9.849314043718321088e+00
8.829699955494081974e+07 9.630514711924162086e+00
9.014776314524917305e+07 9.416442073081842778e+00
9.203731996618229151e+07 9.207022878732903592e+00
9.396648314954690635e+07 9.002125698052186209e+00
9.593608287093147635e+07 8.801629777105551611e+00
9.794696670695386827e+07 8.605474046271629263e+00
1.000000000000000000e+08 8.413591077983877398e+00
1.020960662306047529e+08 8.225860077078422705e+00
1.042360673976403177e+08 8.042170054855095174e+00
1.064209244064722359e+08 7.862464776184702409e+00
1.086515774652537256e+08 7.686682175727243660e+00
1.109289864895222783e+08 7.514711247706601149e+00
1.132541315152812600e+08 7.346449991633585697e+00
1.156280131207377762e+08 7.181846626703380920e+00
1.180516528568803072e+08 7.020844027223186679e+00
1.205260936870841384e+08 6.863340196817405037e+00
1.230524004359261543e+08 6.709241407345867714e+00
1.256316602474121451e+08 6.558499981984273752e+00
1.282649830528062433e+08 6.411063345048471973e+00
1.309535020482665002e+08 6.266837791025937854e+00
1.336983741824945360e+08 6.125737204523848511e+00
1.365007806546013653e+08 5.987717689755980288e+00
1.393619274224143326e+08 5.852730861990704803e+00
1.422830457214354575e+08 5.720690644561044813e+00
1.452653925946778059e+08 5.591517927148029088e+00
1.483102514336102903e+08 5.465172297309155880e+00
1.514189325304352045e+08 5.341609230433173927e+00
1.545927736419478357e+08 5.220749668803841281e+00
1.578331405652119517e+08 5.102520947302332743e+00
1.611414277253016531e+08 4.986885862539358172e+00
1.645190587753660679e+08 4.873803445093666475e+00
1.679674872092653215e+08 4.763201094372601752e+00
1.714881969870540798e+08 4.655012074746577966e+00
1.750827031735726893e+08 4.549202139074299822e+00
1.787525525904231668e+08 4.445733592148807922e+00
1.824993244816150367e+08 4.344539772978930792e+00
1.863246311931559741e+08 4.245559400408629003e+00
1.902301188668946028e+08 4.148760950571775297e+00
1.942174681489028633e+08 4.054109743503996555e+00
1.982883949127075374e+08 3.961544581200604931e+00
2.024446509976801872e+08 3.871009199482885688e+00
2.066880249629082084e+08 3.782474583037995330e+00
2.110203428568596542e+08 3.695908828540262370e+00
2.154434690031886399e+08 3.611255762011004844e+00
2.199593068030070364e+08 3.528463733329287866e+00
2.245697995539771616e+08 3.447506037849634719e+00
2.292769312865648568e+08 3.368353329046678279e+00
2.340827276178294122e+08 3.290954052741748903e+00
2.389892566231052577e+08 3.215260801803986990e+00
2.439986297259555161e+08 3.141248999931171682e+00
2.491130026067785919e+08 3.068891654820244508e+00
2.543345761304648221e+08 2.998141459867587511e+00
2.596655972934872508e+08 2.928954909288747022e+00
2.651083601908541918e+08 2.861309387076148791e+00
2.706652070033235550e+08 2.795180068511828431e+00
2.763385290053166747e+08 2.730523551866161025e+00
2.821307675939470530e+08 2.667299918110346280e+00
2.880444153396297693e+08 2.605488356717250209e+00
2.940820170587067008e+08 2.545066038578469581e+00
3.002461709085555673e+08 2.485993151326331585e+00
3.065395295056523085e+08 2.428233073084386184e+00
3.129648010670750141e+08 2.371766656127270778e+00
3.195247505759213567e+08 2.316572908521211893e+00
3.262222009711673260e+08 2.262615316826464884e+00
3.330600343624581695e+08 2.209860289713435844e+00
3.400411932703702450e+08 2.158290210783648799e+00
3.471686818926559091e+08 2.107885779333724674e+00
3.544455673970435262e+08 2.058613513516373672e+00
3.618749812411283851e+08 2.010442607125907610e+00
3.694601205199309587e+08 1.963356853962493265e+00
3.772042493416993618e+08 1.917338510110951910e+00
3.851107002325568795e+08 1.872356879240921979e+00
3.931828755705770254e+08 1.828383714416636163e+00
4.014242490499325991e+08 1.785404108023787018e+00
4.098383671757252812e+08 1.743401749067111872e+00
4.184288507901575565e+08 1.702348500308165979e+00
4.271993966306776404e+08 1.662218466203987388e+00
4.361537789208005667e+08 1.622997934895735961e+00
4.452958509942659736e+08 1.584671914215173949e+00
4.546295469532408714e+08 1.547214617651268886e+00
4.641588833612772226e+08 1.510602309762926199e+00
4.738879609717651010e+08 1.474822379709075593e+00
4.838209664925957322e+08 1.439861049061177178e+00
4.939621743878325820e+08 1.405694690310866912e+00
5.043159487171348333e+08 1.372301552126024671e+00
5.148867450137487054e+08 1.339670037383789536e+00
5.256791122018419504e+08 1.307787484606286688e+00
5.366976945540476441e+08 1.276632248916878209e+00
5.479472336900292635e+08 1.246184401152421461e+00
5.594325706169389486e+08 1.216433277496828724e+00
5.711586478126422167e+08 1.187367244277117040e+00
5.831305113526217937e+08 1.158966476992843608e+00
5.953533130814369917e+08 1.131212719695293911e+00
6.078323128297235966e+08 1.104096167786148275e+00
6.205728806776486635e+08 1.077606133292394963e+00
6.335804992658240795e+08 1.051724462859586762e+00
6.468607661546320915e+08 1.026434436732247990e+00
6.604193962330304384e+08 1.001727041284679709e+00
6.742622241778348684e+08 9.775924586283653017e-01
6.883952069645509720e+08 9.540140693079933731e-01
7.028244264308338165e+08 9.309765637427169782e-01
7.175560918936921358e+08 9.084716564079008405e-01
7.325965428215229511e+08 8.864903298723489922e-01
7.479522515621827841e+08 8.650173723684426719e-01
7.636298261282258034e+08 8.440387686020084379e-01
7.796360130405220985e+08 8.235469032341063977e-01
7.959777002314977646e+08 8.035334951743086096e-01
8.126619200091946125e+08 7.839846242996254544e-01
8.296958520834914446e+08 7.648874630392294982e-01
8.470868266557419300e+08 7.462350128955784756e-01
8.648423275731709003e+08 7.280196700790662057e-01
8.829699955494083166e+08 7.102286994248888652e-01
9.014776314524917603e+08 6.928503631186010425e-01
9.203731996618230343e+08 6.758782303626038601e-01
9.396648314954710007e+08 6.593053203074299429e-01
9.593608287093126774e+08 6.431199846821247235e-01
9.794696670695385933e+08 6.273114853650029188e-01
1.000000000000000000e+09 6.118739139992449561e-01
1.020960662306047559e+09 5.968008626266575467e-01
1.042360673976403356e+09 5.820816797358262518e-01
1.064209244064726830e+09 5.677065441130421108e-01
1.086515774652537346e+09 5.536700281595074991e-01
1.109289864895222664e+09 5.399662507300565517e-01
1.132541315152812481e+09 5.265854742411842926e-01
1.156280131207372904e+09 5.135187183110870857e-01
1.180516528568803072e+09 5.007609977010596403e-01
1.205260936870841503e+09 4.883069156609459172e-01
1.230524004359261513e+09 4.761475724284878752e-01
1.256316602474121332e+09 4.642747585389586096e-01
1.282649830528062582e+09 4.526838957580597289e-01
1.309535020482670307e+09 4.413700326822186937e-01
1.336983741824945211e+09 4.303250374457783800e-01
1.365007806546013832e+09 4.195414072699808483e-01
1.393619274224143505e+09 4.090149383582057929e-01
1.422830457214349031e+09 3.987410887132790682e-01
1.452653925946778297e+09 3.887124301359259904e-01
1.483102514336102724e+09 3.789221075221890778e-01
1.514189325304351807e+09 3.693662615286763540e-01
1.545927736419478655e+09 3.600407264797003126e-01
1.578331405652119875e+09 3.509387188515328826e-01
1.611414277253023148e+09 3.420539770126153623e-01
1.645190587753660679e+09 3.333829584594715234e-01
1.679674872092653036e+09 3.249218433899112024e-01
1.714881969870540857e+09 3.166644387825484075e-01
1.750827031735726833e+09 3.086050267021169802e-01
1.787525525904231787e+09 3.007403560550560573e-01
1.824993244816150427e+09 2.930669248921818903e-01
1.863246311931559801e+09 2.855790809561130628e-01
1.902301188668945789e+09 2.782716042976305371e-01
1.942174681489028454e+09 2.711415118216922715e-01
1.982883949127075434e+09 2.641855936449917230e-01
2.024446509976801872e+09 2.573986926130127362e-01
2.066880249629082203e+09 2.507760447982174123e-01
2.110203428568596601e+09 2.443149135455137955e-01
2.154434690031886578e+09 2.380123573105034362e-01
2.199593068030070305e+09 2.318636721315467664e-01
2.245697995539771557e+09 2.258645115791655111e-01
2.292769312865648746e+09 2.200123655925084742e-01
2.340827276178294182e+09 2.143045391327416671e-01
2.389892566231052876e+09 2.087367429707058242e-01
2.439986297259555340e+09 2.033050128183119254e-01
2.491130026067785740e+09 1.980070469370908692e-01
2.543345761304647923e+09 1.928403767075121678e-01
2.596655972934872150e+09 1.878010923430009638e-01
2.651083601908541679e+09 1.828855792534599400e-01
2.706652070033235550e+09 1.780917272008392949e-01
2.763385290053166866e+09 1.734172755056491988e-01
2.821307675939470768e+09 1.688586614514604733e-01
2.880444153396297932e+09 1.644125903777477471e-01
2.940820170587066650e+09 1.600771280631390070e-01
3.002461709085555077e+09 1.558502047692191250e-01
3.065395295056523800e+09 1.517285751566786189e-01
3.129648010670750618e+09 1.477092371888154843e-01
3.195247505759213448e+09 1.437904184069539459e-01
3.262222009711673260e+09 1.399702243783530475e-01
3.330600343624581814e+09 1.362456999119937007e-01
3.400411932703702450e+09 1.326141105502609552e-01
3.471686818926559448e+09 1.290738324787605862e-01
3.544455673970435619e+09 1.256231321892726516e-01
3.618749812411283970e+09 1.222593196744974492e-01
3.694601205199309826e+09 1.189799050903796312e-01
3.772042493416993618e+09 1.157834011928203372e-01
3.851107002325568676e+09 1.126682221725759658e-01
3.931828755705770016e+09 1.096319203217084037e-01
4.014242490499325752e+09 1.066722293559847906e-01
4.098383671757252693e+09 1.037877874888185892e-01
4.184288507901576042e+09 1.009771444480191266e-01
4.271993966306777000e+09 9.823807385305062534e-02
4.361537789208005905e+09 9.556851367978756728e-02
4.452958509942660332e+09 9.296721737373293826e-02
4.546295469532408714e+09 9.043285901734826604e-02
4.641588833612771988e+09 8.796341434023031980e-02
4.738879609717651367e+09 8.555700789283239571e-02
4.838209664925957680e+09 8.321249894268968605e-02
4.939621743878325462e+09 8.092867564571921968e-02
5.043159487171347618e+09 7.870369823814211963e-02
5.148867450137486458e+09 7.653586163975012457e-02
5.256791122018419266e+09 7.442412228261963136e-02
5.366976945540475845e+09 7.236737294441301926e-02
5.479472336900292397e+09 7.036394224523538632e-02
5.594325706169388771e+09 6.841228062999278603e-02
5.711586478126422882e+09 6.651143372970436118e-02
5.831305113526218414e+09 6.466039025605457846e-02
5.953533130814370155e+09 6.285763244991068865e-02
6.078323128297236443e+09 6.110175268667383808e-02
6.205728806776488304e+09 5.939187846824847683e-02
6.335804992658241272e+09 5.772708645519911141e-02
6.468607661546320915e+09 5.610599899482718311e-02
6.604193962330305099e+09 5.452733794512403670e-02
6.742622241778348923e+09 5.299030593802621369e-02
6.883952069645509720e+09 5.149406024489750627e-02
7.028244264308338165e+09 5.003735095072568001e-02
7.175560918936921120e+09 4.861901800127323148e-02
7.325965428215229988e+09 4.723833295830488777e-02
7.479522515621828079e+09 4.589452696119179775e-02
7.636298261282225609e+09 4.458646651536120331e-02
7.796360130405220985e+09 4.331309922591895789e-02
7.959777002314977646e+09 4.207375988225153796e-02
8.126619200091945648e+09 4.086774729649204907e-02
8.296958520834915161e+09 3.969403404223515591e-02
8.470868266557419777e+09 3.855166584225522969e-02
8.648423275731708527e+09 3.744003546973050101e-02
8.829699955494083405e+09 3.635850371843135642e-02
9.014776314524917603e+09 3.530613976279031035e-02
9.203731996618228912e+09 3.428207871543816065e-02
9.396648314954671860e+09 3.328576651144648374e-02
9.593608287093128204e+09 3.231662069879794735e-02
9.794696670695384979e+09 3.137379839733026032e-02
1.000000000000000000e+10 3.045651612789457285e-02
1.020960662306047440e+10 2.956426855433973849e-02
1.042360673976403236e+10 2.869652517807421213e-02
1.064209244064726830e+10 2.785252315315459026e-02
1.086515774652537155e+10 2.703155311170318820e-02
1.109289864895222664e+10 2.623315437089833446e-02
1.132541315152812576e+10 2.545684397727918102e-02
1.156280131207373047e+10 2.470193189050230373e-02
1.180516528568803024e+10 2.396777618453623665e-02
1.205260936870841217e+10 2.325395708399003586e-02
1.230524004359261703e+10 2.256003513313455805e-02
1.256316602474121475e+10 2.188538649416937182e-02
1.282649830528062630e+10 2.122943058896956461e-02
1.309535020482670403e+10 2.059178510685106059e-02
1.336983741824945259e+10 1.997205037457383883e-02
1.365007806546013641e+10 1.936966272700210018e-02
1.393619274224143410e+10 1.878409736751613865e-02
1.422830457214348984e+10 1.821500628649623532e-02
1.452653925946778107e+10 1.766202618327110396e-02
1.483102514336102867e+10 1.712464806083676544e-02
1.514189325304351997e+10 1.660239782093406516e-02
1.545927736419478416e+10 1.609495884834907450e-02
1.578331405652119637e+10 1.560200108594867602e-02
1.611414277253023148e+10 1.512306518140372688e-02
1.645190587753660774e+10 1.465772309451061385e-02
1.679674872092653275e+10 1.420568693428423193e-02
1.714881969870541000e+10 1.376665701637224022e-02
1.750827031735726929e+10 1.334021905026828471e-02
1.787525525904231644e+10 1.292598681913134477e-02
1.824993244816150284e+10 1.252369870373843709e-02
1.863246311931559753e+10 1.213308275916757939e-02
1.902301188668945694e+10 1.175376557731633471e-02
1.942174681489028549e+10 1.138539890145876844e-02
1.982883949127075195e+10 1.102774513197328672e-02
2.024446509976801682e+10 1.068055764839200006e-02
2.066880249629082108e+10 1.034350011479395412e-02
2.110203428568596649e+10 1.001625871143635091e-02
2.154434690031886673e+10 9.698617790498902103e-03
2.199593068030070114e+10 9.390353841649027103e-03
2.245697995539771652e+10 9.091164128871427955e-03
2.292769312865648651e+10 8.800766057530160988e-03
2.340827276178294373e+10 8.518964033446645157e-03
2.389892566231052399e+10 8.245555626627449480e-03
2.439986297259555435e+10 7.980268537793424807e-03
2.491130026067786026e+10 7.722848470384569008e-03
2.543345761304648209e+10 7.473118141816147315e-03
2.596655972934872437e+10 7.230894342199493431e-03
2.651083601908541489e+10 6.995932328549480869e-03
2.706652070033235550e+10 6.768003435950779682e-03
2.763385290053166962e+10 6.546947094996780417e-03
2.821307675939470673e+10 6.332597611484789592e-03
2.880444153396297836e+10 6.124735176813501415e-03
2.940820170587066650e+10 5.923154329597992915e-03
3.002461709085555267e+10 5.727709747342206448e-03
3.065395295056523514e+10 5.538251690323273482e-03
3.129648010670750427e+10 5.354582898683601586e-03
3.195247505759213638e+10 5.176518904419753243e-03
3.262222009711672974e+10 5.003928287217565204e-03
3.330600343624581909e+10 4.836675832176042834e-03
3.400411932703702927e+10 4.674584658512294898e-03
3.471686818926559448e+10 4.517489280624819789e-03
3.544455673970435333e+10 4.365270947481877765e-03
3.618749812411283875e+10 4.217807660230151433e-03
3.694601205199309540e+10 4.074940944738465395e-03
3.772042493416993713e+10 3.936522468875618477e-03
3.851107002325569153e+10 3.802445020823560107e-03
3.931828755705770111e+10 3.672598620035983502e-03
4.014242490499325562e+10 3.546841406762385723e-03
4.098383671757252502e+10 3.425040539694042350e-03
4.184288507901576233e+10 3.307099310762720221e-03
4.271993966306776428e+10 3.192918661942457329e-03
4.361537789208005524e+10 3.082371720061148276e-03
4.452958509942659760e+10 2.975339623861842850e-03
4.546295469532408905e+10 2.871735220526804109e-03
4.641588833612772369e+10 2.771469372419296286e-03
4.738879609717650604e+10 2.674428715232491684e-03
4.838209664925956726e+10 2.580506995643667544e-03
4.939621743878325653e+10 2.489625747566132780e-03
5.043159487171348572e+10 2.401704837586869819e-03
5.148867450137487030e+10 2.316643069496904066e-03
5.256791122018418884e+10 2.234345552329416573e-03
5.366976945540475464e+10 2.154741711729875504e-03
5.479472336900292206e+10 2.077759581280782392e-03
5.594325706169388580e+10 2.003308916984563020e-03
5.711586478126422882e+10 1.931305060104020199e-03
5.831305113526218414e+10 1.861684600601612449e-03
5.953533130814369965e+10 1.794382974277354071e-03
6.078323128297235870e+10 1.729319787308844850e-03
6.205728806776487732e+10 1.666419588354889044e-03
6.335804992658241272e+10 1.605625466405768238e-03
6.468607661546320343e+10 1.546879561178009796e-03
6.604193962330305481e+10 1.490110330745722479e-03
6.742622241778349304e+10 1.435250602326941906e-03
6.883952069645510864e+10 1.382249355733164171e-03
7.028244264308338928e+10 1.331054797303823358e-03
7.175560918936921692e+10 1.281603333241756104e-03
7.325965428215229797e+10 1.233835227976748990e-03
7.479522515621827698e+10 1.187704796386918797e-03
7.636298261282226562e+10 1.143165730095884163e-03
7.796360130405221558e+10 1.100161565734545255e-03
7.959777002314976501e+10 1.058639243297853543e-03
8.126619200091944885e+10 1.018557905158250666e-03
8.296958520834915161e+10 9.798761982116751222e-04
8.470868266557418823e+10 9.425440501504234398e-04
8.648423275731707764e+10 9.065143874648749376e-04
8.829699955494082642e+10 8.717507167073072381e-04
9.014776314524917603e+10 8.382161570934460251e-04
9.203731996618229675e+10 8.058663592803346756e-04
9.396648314954670715e+10 7.746596132511467201e-04
9.593608287093125916e+10 7.445633670629290494e-04
9.794696670695385742e+10 7.155447724376272399e-04
1.000000000000000000e+11 6.875645997145578454e-04
1.020960662306047516e+11 6.605859394767173327e-04
1.042360673976403351e+11 6.345797959219505501e-04
1.064209244064726715e+11 6.095169530038502563e-04
1.086515774652537231e+11 5.853627563720767034e-04
1.109289864895222778e+11 5.620845889886633097e-04
1.132541315152812653e+11 5.396566600723319822e-04
1.156280131207372894e+11 5.180530217554035581e-04
1.180516528568803101e+11 4.972431041548476928e-04
1.205260936870841370e+11 4.771981240863524339e-04
1.230524004359261475e+11 4.578951760925936243e-04
1.256316602474121399e+11 4.393112496131262932e-04
1.282649830528062439e+11 4.214194169932773898e-04
1.309535020482670288e+11 4.041943155324732233e-04
1.336983741824945221e+11 3.876156342263868031e-04
1.365007806546013794e+11 3.716629993298396165e-04
1.393619274224143372e+11 3.563127272935035384e-04
1.422830457214349060e+11 3.415425035401534388e-04
1.452653925946778259e+11 3.273343470807565849e-04
1.483102514336102905e+11 3.136702483001621122e-04
1.514189325304352112e+11 3.005294096514247158e-04
1.545927736419478455e+11 2.878922295421222763e-04
1.578331405652119751e+11 2.757428167938785627e-04
1.611414277253023071e+11 2.640652786799428512e-04
1.645190587753660583e+11 2.528413818336699482e-04
1.679674872092653198e+11 2.420539362789700117e-04
1.714881969870540771e+11 2.316889226488129503e-04
1.750827031735719604e+11 2.217323411321092523e-04
1.787525525904231873e+11 2.121682335967240958e-04
1.824993244816150513e+11 2.029815509322701824e-04
1.863246311931559753e+11 1.941599479231859182e-04
1.902301188668945618e+11 1.856911149750041078e-04
1.942174681489028320e+11 1.775611100141044510e-04
1.982883949127075500e+11 1.697567817895441727e-04
2.024446509976802063e+11 1.622672802000730337e-04
2.066880249629082031e+11 1.550818026067414589e-04
2.110203428568596497e+11 1.481881907595028372e-04
2.154434690031877747e+11 1.415749733862666870e-04
2.199593068030070190e+11 1.352326335043363599e-04
2.245697995539771729e+11 1.291517099210489868e-04
2.292769312865648804e+11 1.233216203398673316e-04
2.340827276178294067e+11 1.177323783253524136e-04
2.389892566231052551e+11 1.123756536039845411e-04
2.439986297259555054e+11 1.072431771235218936e-04
2.491130026067796021e+11 1.023257566897892580e-04
2.543345761304648132e+11 9.761471612650221867e-05
2.596655972934872437e+11 9.310277970645435333e-05
2.651083601908530884e+11 8.878273599216916486e-05
2.706652070033235779e+11 8.464661692572253242e-05
2.763385290053167114e+11 8.068690059707854057e-05
2.821307675939470825e+11 7.689724667635191755e-05
2.880444153396297607e+11 7.327138028858246814e-05
2.940820170587066650e+11 6.980240948928730701e-05
3.002461709085555420e+11 6.648382742459359716e-05
3.065395295056536255e+11 6.331012189203238537e-05
3.129648010670750732e+11 6.027584579988335924e-05
3.195247505759213257e+11 5.737505147256047230e-05
3.262222009711659546e+11 5.460212304546225030e-05
3.330600343624581909e+11 5.195228000867672014e-05
3.400411932703702393e+11 4.942080544492288667e-05
3.471686818926559448e+11 4.700257867715934047e-05
3.544455673970435181e+11 4.469276441520746829e-05
3.618749812411284180e+11 4.248722728101195814e-05
3.694601205199309692e+11 4.038189308149457257e-05
3.772042493417008667e+11 3.837236398460339430e-05
3.851107002325568848e+11 3.645448715636386683e-05
3.931828755705770264e+11 3.462469478000034304e-05
4.014242490499309692e+11 3.287947716572207706e-05
4.098383671757252808e+11 3.121506696692415801e-05
4.184288507901575928e+11 2.962790675228531336e-05
4.271993966306776123e+11 2.811492687275780059e-05
4.361537789208005371e+11 2.667311229773443906e-05
4.452958509942659912e+11 2.529924439968479541e-05
4.546295469532408447e+11 2.399028404236595806e-05
4.641588833612791138e+11 2.274359778019780445e-05
4.738879609717650757e+11 2.155660299199982239e-05
4.838209664925957031e+11 2.042655750721014330e-05
4.939621743878305664e+11 1.935087230746653062e-05
5.043159487171348267e+11 1.832729492817202909e-05
5.148867450137487183e+11 1.735361978457171245e-05
5.256791122018419189e+11 1.642751741811130704e-05
5.366976945540476074e+11 1.554678875993461144e-05
5.479472336900292969e+11 1.470951321388018064e-05
5.594325706169388428e+11 1.391381307752097480e-05
5.711586478126446533e+11 1.315771548208153145e-05
5.831305113526218262e+11 1.243935831311102288e-05
5.953533130814368896e+11 1.175710925978866335e-05
6.078323128297211914e+11 1.110937496378160708e-05
6.205728806776488037e+11 1.049448983700587708e-05
6.335804992658240967e+11 9.910882140249797068e-06
6.468607661546320801e+11 9.357169261388078465e-06
6.604193962330305176e+11 8.832003711584846507e-06
6.742622241778348389e+11 8.333983954853675573e-06
6.883952069645510254e+11 7.861787778190807913e-06
7.028244264308366699e+11 7.414248188853799032e-06
7.175560918936921387e+11 6.990229650927704565e-06
7.325965428215229492e+11 6.588556870140674748e-06
7.479522515621828613e+11 6.208121420151139579e-06
7.636298261282225342e+11 5.847941907054749698e-06
7.796360130405220947e+11 5.507064926815740377e-06
7.959777002314978027e+11 5.184508436438266473e-06
8.126619200091945801e+11 4.879346604925508104e-06
8.296958520834915771e+11 4.590757264422100376e-06
8.470868266557419434e+11 4.317942994587991306e-06
8.648423275731743164e+11 4.060086293211139514e-06
8.829699955494082031e+11 3.816416774509782195e-06
9.014776314524916992e+11 3.586248395386644252e-06
9.203731996618229980e+11 3.368916857890350743e-06
9.396648314954670410e+11 3.163744283191008581e-06
9.593608287093126221e+11 2.970092164131997065e-06
9.794696670695385742e+11 2.787390408511441165e-06
1.000000000000000000e+12 2.615087914293443291e-06
1.020960662306047485e+12 2.452624863216753732e-06
1.042360673976403198e+12 2.299474231092394756e-06
1.064209244064726929e+12 2.155164315944979568e-06
1.086515774652537354e+12 2.019239899317360030e-06
1.109289864895222656e+12 1.891240620816037853e-06
1.132541315152812744e+12 1.770733342959246894e-06
1.156280131207372803e+12 1.657329519939488533e-06
1.180516528568802979e+12 1.550654826950592322e-06
1.205260936870841309e+12 1.450332364498656121e-06
1.230524004359261719e+12 1.356007750832576604e-06
1.256316602474121338e+12 1.267362427922573996e-06
1.282649830528062500e+12 1.184090032159510565e-06
1.309535020482670410e+12 1.105883415809246755e-06
1.336983741824945068e+12 1.032453987170797756e-06
1.365007806546013672e+12 9.635418361042573684e-07
1.393619274224143311e+12 8.988974450413166047e-07
1.422830457214348877e+12 8.382717119973000473e-07
1.452653925946778320e+12 7.814307660329486843e-07
1.483102514336102783e+12 7.281636183965846627e-07
1.514189325304351807e+12 6.782680824212744589e-07
1.545927736419478516e+12 6.315431444870905568e-07
1.578331405652119873e+12 5.878002409402581673e-07
1.611414277253023193e+12 5.468689966287886452e-07
1.645190587753660889e+12 5.085864445363583564e-07
1.679674872092653076e+12 4.727912236030858999e-07
1.714881969870540771e+12 4.393321050055600466e-07
1.750827031735719727e+12 4.080722623844339767e-07
1.787525525904231689e+12 3.788810644238797551e-07
1.824993244816150391e+12 3.516296863059305710e-07
1.863246311931559814e+12 3.261975112809225202e-07
1.902301188668945801e+12 3.024752817635599420e-07
1.942174681489028320e+12 2.803588869370709475e-07
1.982883949127075439e+12 2.597460619543501538e-07
2.024446509976801758e+12 2.405411591017726803e-07
2.066880249629082031e+12 2.226574523677419266e-07
2.110203428568596680e+12 2.060124630559013860e-07
2.154434690031877930e+12 1.905254911796964795e-07
2.199593068030070312e+12 1.761211441510453360e-07
2.245697995539771484e+12 1.627310061644099140e-07
2.292769312865648926e+12 1.502901424697098820e-07
2.340827276178293945e+12 1.387352637264924882e-07
2.389892566231052246e+12 1.280073146899287075e-07
2.439986297259555176e+12 1.180526710560700368e-07
2.491130026067796387e+12 1.088205415002615313e-07
2.543345761304647949e+12 1.002616105929040738e-07
2.596655972934872070e+12 9.232992171638796012e-08
2.651083601908530762e+12 8.498372556905844931e-08
2.706652070033235840e+12 7.818356173356460176e-08
2.763385290053166992e+12 7.189126123477373547e-08
2.821307675939470703e+12 6.607130378145587863e-08
2.880444153396297852e+12 6.069141198728957872e-08
2.940820170587066406e+12 5.572114397659152920e-08
3.002461709085555176e+12 5.113116456380225801e-08
3.065395295056536133e+12 4.689421424930210362e-08
3.129648010670750488e+12 4.298551976773394188e-08
3.195247505759213867e+12 3.938176848266922500e-08
3.262222009711660156e+12 3.606057896531465849e-08
3.330600343624582031e+12 3.300118578963971685e-08
3.400411932703702637e+12 3.018471892103102740e-08
3.471686818926559082e+12 2.759346141378795185e-08
3.544455673970435547e+12 2.521046708609698030e-08
3.618749812411284180e+12 2.302003923043215961e-08
3.694601205199310059e+12 2.100791750671295159e-08
3.772042493417008789e+12 1.916074440940972200e-08
3.851107002325568848e+12 1.746579077945311335e-08
3.931828755705770020e+12 1.591128656479065162e-08
4.014242490499309570e+12 1.448654337894592836e-08
4.098383671757252930e+12 1.318157372737401203e-08
4.184288507901576172e+12 1.198689508356389117e-08
4.271993966306776855e+12 1.089375556312079063e-08
4.361537789208005859e+12 9.894212419572286748e-09
4.452958509942660156e+12 8.980862241801547670e-09
4.546295469532409180e+12 8.146701913514434856e-09
4.641588833612791016e+12 7.385280493840730144e-09
4.738879609717650391e+12 6.690748057447392513e-09
4.838209664925957031e+12 6.057665915158642830e-09
4.939621743878305664e+12 5.480908506261053498e-09
5.043159487171347656e+12 4.955764092706808014e-09
5.148867450137486328e+12 4.477964038905017098e-09
5.256791122018418945e+12 4.043550308166559235e-09
5.366976945540475586e+12 3.648806631246437952e-09
5.479472336900291992e+12 3.290324164041232024e-09
5.594325706169388672e+12 2.965018170575113947e-09
5.711586478126446289e+12 2.670036203634697417e-09
5.831305113526218750e+12 2.402710087161673716e-09
5.953533130814370117e+12 2.160597936590213955e-09
6.078323128297210938e+12 1.941492963360862576e-09
6.205728806776487305e+12 1.743360332461915827e-09
6.335804992658241211e+12 1.564303855176145603e-09
6.468607661546321289e+12 1.402592314347119253e-09
6.604193962330305664e+12 1.256663522409311647e-09
6.742622241778348633e+12 1.125081235077558964e-09
6.883952069645509766e+12 1.006512180400632381e-09
7.028244264308366211e+12 8.997421454669867570e-10
7.175560918936920898e+12 8.036773170399865113e-10
7.325965428215229492e+12 7.173151117465593891e-10
7.479522515621797852e+12 6.397284263275509920e-10
7.636298261282225586e+12 5.700751773717757692e-10
7.796360130405220703e+12 5.075982007343057348e-10
7.959777002314977539e+12 4.516056611350060100e-10
8.126619200091945312e+12 4.014603185424718361e-10
8.296958520834915039e+12 3.565849765081694667e-10
8.470868266557419922e+12 3.164617132403094212e-10
8.648423275731745117e+12 2.806188320030244894e-10
8.829699955494082031e+12 2.486235919698824791e-10
9.014776314524917969e+12 2.200851679377453679e-10
9.203731996618228516e+12 1.946536577077649733e-10
9.396648314954669922e+12 1.720114620260590454e-10
9.593608287093126953e+12 1.518683943134114752e-10
9.794696670695386719e+12 1.339631756995008642e-10
1.000000000000000000e+13 1.180624556737824294e-10
1.020960662306047461e+13 1.039551668828248683e-10
1.042360673976403125e+13 9.144925851402217185e-11
1.064209244064726758e+13 8.037236475303950683e-11
1.086515774652537305e+13 7.057094918626336079e-11
1.109289864895222656e+13 6.190664059174529526e-11
1.132541315152812695e+13 5.425406754100241788e-11
1.156280131207373047e+13 4.750108636557828542e-11
1.180516528568803125e+13 4.154808665604380828e-11
1.205260936870841211e+13 3.630563479477668624e-11
1.230524004359261523e+13 3.169305043010127614e-11
1.256316602474121484e+13 2.763841919893966394e-11
1.282649830528062695e+13 2.407805751055621631e-11
1.309535020482670312e+13 2.095501168004519564e-11
1.336983741824945312e+13 1.821813056247645682e-11
1.365007806546013672e+13 1.582198836576142814e-11
1.393619274224143359e+13 1.372648856811153591e-11
1.422830457214349023e+13 1.189591766350714160e-11
1.452653925946778320e+13 1.029834699130407309e-11
1.483102514336102734e+13 8.905530889256765648e-12
1.514189325304351953e+13 7.692623355173947187e-12
1.545927736419478516e+13 6.637587833788653603e-12
1.578331405652119727e+13 5.720815553227744082e-12
1.611414277253023242e+13 4.925029573951452673e-12
1.645190587753660742e+13 4.235088073955038626e-12
1.679674872092653125e+13 3.637620386101641304e-12
1.714881969870541016e+13 3.120786350869150322e-12
1.750827031735719922e+13 2.674197836791572735e-12
1.787525525904231641e+13 2.288785855715185139e-12
1.824993244816150391e+13 1.956578832239539911e-12
1.863246311931559766e+13 1.670552820951433559e-12
1.902301188668945703e+13 1.424572475919810374e-12
1.942174681489028516e+13 1.213303572291189414e-12
1.982883949127075391e+13 1.032079669335892463e-12
2.024446509976801562e+13 8.768101845240191141e-13
2.066880249629082031e+13 7.439385427123615227e-13
2.110203428568596484e+13 6.303860042865032648e-13
2.154434690031877734e+13 5.334725917824526961e-13
2.199593068030070312e+13 4.508615242389307086e-13
2.245697995539771484e+13 3.805308970014135418e-13
2.292769312865648828e+13 3.207384820546010014e-13
2.340827276178294141e+13 2.699755294790972075e-13
2.389892566231052344e+13 2.269337267062577491e-13
2.439986297259555078e+13 1.904867770450276227e-13
2.491130026067785938e+13 1.596688705647519886e-13
2.543345761304648438e+13 1.336481212108774336e-13
2.596655972934872656e+13 1.117072631479500978e-13
2.651083601908530859e+13 9.323208410756935172e-14
2.706652070033235938e+13 7.769857436766825565e-14
2.763385290053166797e+13 6.465791360120940193e-14
2.821307675939470703e+13 5.372540369838194473e-14
2.880444153396297656e+13 4.457344062237878349e-14
2.940820170587066797e+13 3.692403028802284373e-14
3.002461709085555078e+13 3.054045766859254879e-14
3.065395295056535938e+13 2.522106817983901456e-14
3.129648010670750391e+13 2.079512897864425431e-14
3.195247505759213672e+13 1.711857854709111569e-14
3.262222009711659766e+13 1.406949372161540559e-14
3.330600343624581641e+13 1.154466948161472490e-14
3.400411932703702734e+13 9.457255118860689471e-15
3.471686818926559766e+13 7.734401663279938603e-15
3.544455673970435938e+13 6.314846578783570445e-15
3.618749812411284375e+13 5.147074908039239814e-15
3.694601205199309375e+13 4.188009417802560198e-15
3.772042493417008594e+13 3.401742490968240655e-15
3.851107002325568750e+13 2.758277597744706195e-15
3.931828755705770312e+13 2.232564135058434654e-15
4.014242490499309375e+13 1.803793296348097288e-15
4.098383671757252344e+13 1.454732950128693324e-15
4.184288507901575781e+13 1.171087253880459416e-15
4.271993966306776562e+13 9.410027771936709132e-16
4.361537789208005469e+13 7.547014280137103195e-16
4.452958509942659375e+13 6.041413250090674134e-16
4.546295469532408594e+13 4.826990562869520263e-16
4.641588833612791406e+13 3.849236425999450144e-16
4.738879609717650781e+13 3.063510671518047771e-16
4.838209664925957031e+13 2.433363619447068954e-16
4.939621743878305469e+13 1.929001091092197880e-16
5.043159487171348438e+13 1.526092830880266413e-16
5.148867450137487500e+13 1.204864928405946420e-16
5.256791122018419531e+13 9.492933793231874404e-17
5.366976945540475781e+13 7.463832084295547415e-17
5.479472336900292188e+13 5.856082656586078962e-17
5.594325706169388281e+13 4.584815106039653754e-17
5.711586478126446875e+13 3.581797959258886791e-17
5.831305113526218750e+13 2.792152817443963396e-17
5.953533130814369531e+13 2.171801595759637459e-17
6.078323128297210938e+13 1.685499992547809299e-17
6.205728806776487500e+13 1.305148449372580798e-17
6.335804992658241406e+13 1.008340875308172498e-17
6.468607661546320312e+13 7.772389288690168236e-18
6.604193962330304688e+13 5.977032155686693611e-18
6.742622241778349219e+13 4.585587264702258138e-18
6.883952069645510938e+13 3.509747916768944077e-18
7.028244264308367188e+13 2.679854637529336675e-18
7.175560918936920312e+13 2.041194634091333519e-18
7.325965428215229688e+13 1.550920101511094318e-18
7.479522515621796875e+13 1.175490200039755000e-18
7.636298261282225000e+13 8.887001560308949506e-19
7.796360130405220312e+13 6.701638425341571372e-19
7.959777002314978125e+13 5.040686175876041710e-19
8.126619200091945312e+13 3.781581513547197060e-19
8.296958520834914062e+13 2.829526506961425750e-19
8.470868266557418750e+13 2.111507751806432071e-19
8.648423275731743750e+13 1.571459137948340412e-19
8.829699955494082812e+13 1.166370780981462988e-19
9.014776314524917188e+13 8.633241573573142548e-20
9.203731996618229688e+13 6.372300385792601276e-20
9.396648314954671875e+13 4.690249761169884866e-20
9.593608287093126562e+13 3.442421881586634823e-20
9.794696670695385938e+13 2.519303027080608444e-20
1.000000000000000000e+14 1.838338477208526856e-20
1.020960662306047656e+14 1.337491325998496013e-20
1.042360673976403281e+14 9.702133667326336505e-21
1.064209244064726875e+14 7.016705845932235430e-21
1.086515774652537188e+14 5.059047351699722087e-21
1.109289864895222656e+14 3.636341690127892385e-21
1.132541315152812656e+14 2.605618027067277162e-21
1.156280131207372969e+14 1.861165550868098153e-21
1.180516528568803125e+14 1.325153782213545512e-21
1.205260936870841250e+14 9.404698519768339556e-22
1.230524004359261562e+14 6.652880388760465117e-22
1.256316602474121406e+14 4.690702821674117050e-22
1.282649830528062500e+14 3.296153131285242915e-22
1.309535020482670312e+14 2.308381832074040717e-22
1.336983741824945156e+14 1.611116152106281894e-22
1.365007806546013906e+14 1.120575514339332258e-22
1.393619274224143594e+14 7.766536278811263505e-23
1.422830457214349062e+14 5.363821809465541874e-23
1.452653925946778125e+14 3.691214808121994504e-23
1.483102514336102812e+14 2.530972335734587334e-23
1.514189325304351875e+14 1.729037553084846050e-23
1.545927736419478438e+14 1.176815283164977733e-23
1.578331405652119688e+14 7.979678986716783599e-24
1.611414277253023125e+14 5.390260721791127352e-24
1.645190587753660625e+14 3.627071297951088309e-24
1.679674872092653125e+14 2.431147856171703381e-24
1.714881969870540938e+14 1.623158996131285380e-24
1.750827031735719688e+14 1.079388981697728445e-24
1.787525525904231875e+14 7.148841837488748301e-25
1.824993244816150312e+14 4.715418157877607437e-25
1.863246311931559688e+14 3.097533355395987108e-25
1.902301188668945625e+14 2.026257375441045176e-25
1.942174681489028438e+14 1.319861571535030180e-25
1.982883949127075312e+14 8.560562708708119401e-26
2.024446509976801875e+14 5.528403879748700628e-26
2.066880249629082188e+14 3.554602206464381245e-26
2.110203428568596562e+14 2.275343914710593263e-26
2.154434690031877812e+14 1.449945867989964107e-26
2.199593068030070312e+14 9.197873873296961171e-27
2.245697995539771562e+14 5.807950681196564334e-27
2.292769312865648750e+14 3.650293726780550864e-27
2.340827276178294375e+14 2.283415027580124327e-27
2.389892566231052500e+14 1.421592273229759999e-27
2.439986297259555000e+14 8.807767283547260538e-28
2.491130026067785938e+14 5.430318763065596782e-28
2.543345761304648125e+14 3.331463147793264095e-28
2.596655972934872500e+14 2.033642495415832885e-28
2.651083601908530625e+14 1.235122338388585337e-28
2.706652070033235938e+14 7.462901174475459425e-29
2.763385290053167188e+14 4.485882608189976073e-29
2.821307675939470625e+14 2.682309830533301483e-29
2.880444153396298125e+14 1.595346499347565086e-29
2.940820170587066250e+14 9.437371803138976191e-30
3.002461709085555000e+14 5.552336795377736002e-30
3.065395295056535625e+14 3.248673622252613008e-30
3.129648010670750625e+14 1.890185307465932133e-30
3.195247505759213750e+14 1.093537945268013670e-30
3.262222009711659375e+14 6.290305368127363923e-31
3.330600343624581250e+14 3.597437634084209807e-31
3.400411932703702500e+14 2.045309879540409623e-31
3.471686818926559375e+14 1.155927353134047694e-31
3.544455673970435625e+14 6.493564478031605082e-32
3.618749812411283750e+14 3.625689116648468106e-32
3.694601205199310000e+14 2.011923289165671672e-32
3.772042493417008750e+14 1.109443069083199974e-32
3.851107002325568750e+14 6.079183606641233207e-33
3.931828755705770000e+14 3.309816686923495385e-33
4.014242490499310000e+14 1.790348749316787029e-33
4.098383671757253125e+14 9.620630589799423374e-34
4.184288507901576250e+14 5.135393105492711080e-34
4.271993966306776875e+14 2.722814129999370202e-34
4.361537789208005625e+14 1.433807347964158423e-34
4.452958509942660000e+14 7.498028052574317361e-35
4.546295469532408750e+14 3.893649503232950055e-35
4.641588833612791250e+14 2.007650154197428350e-35
4.738879609717650625e+14 1.027762119316696448e-35
4.838209664925956875e+14 5.223037342409303256e-36
4.939621743878305000e+14 2.634799609363791969e-36
5.043159487171348125e+14 1.319263835969635701e-36
5.148867450137486875e+14 6.555786899697522256e-37
5.256791122018418750e+14 3.232787300131534253e-37
5.366976945540476250e+14 1.581809951753772639e-37
5.479472336900293125e+14 7.679265565311644239e-38
5.594325706169389375e+14 3.698453060547614972e-38
5.711586478126446250e+14 1.766863124424263777e-38
5.831305113526218750e+14 8.372042205779620039e-39
5.953533130814370000e+14 3.934290902779980255e-39
6.078323128297211250e+14 1.833378267854279161e-39
6.205728806776487500e+14 8.470961251378541717e-40
6.335804992658241250e+14 3.880333776107818047e-40
6.468607661546320000e+14 1.762054887667974505e-40
6.604193962330305000e+14 7.930940888213500991e-41
6.742622241778348750e+14 3.537743298538399413e-41
6.883952069645510000e+14 1.563803798133420432e-41
7.028244264308366250e+14 6.849326822655075077e-42
7.175560918936921250e+14 2.972083103630505781e-42
7.325965428215230000e+14 1.277496053816586876e-42
7.479522515621797500e+14 5.438746570572154558e-43
7.636298261282225000e+14 2.293142275401107306e-43
7.796360130405220000e+14 9.573933922940878370e-44
7.959777002314977500e+14 3.957416319111403188e-44
8.126619200091946250e+14 1.619372916885894676e-44
8.296958520834916250e+14 6.559108890071350244e-45
8.470868266557420000e+14 2.629276816442804856e-45
8.648423275731745000e+14 1.042922920580927733e-45
8.829699955494082500e+14 4.092993861740146929e-46
9.014776314524917500e+14 1.589089942816898263e-46
9.203731996618230000e+14 6.102406433095201803e-47
9.396648314954671250e+14 2.317533405636076076e-47
9.593608287093126250e+14 8.702981002592361655e-48
9.794696670695385000e+14 3.231238411670898034e-48
1.000000000000000000e+15 1.185909359910019227e-48
1.020960662306047500e+15 4.301681368311077064e-49
1.042360673976403250e+15 1.541949979706188326e-49
1.064209244064722375e+15 5.461166246171587497e-50
1.086515774652537375e+15 1.910740519594782329e-50
1.109289864895222875e+15 6.602941150664917311e-51
1.132541315152812750e+15 2.253354060241490878e-51
1.156280131207377750e+15 7.592961423051436701e-52
1.180516528568803000e+15 2.525783263833872277e-52
1.205260936870841250e+15 8.292728558426797724e-53
1.230524004359261500e+15 2.686876700237837657e-53
1.256316602474121500e+15 8.589656047349593074e-54
1.282649830528062500e+15 2.708880554290211396e-54
1.309535020482665000e+15 8.425547929592984627e-55
1.336983741824945250e+15 2.584213051979736542e-55
1.365007806546013750e+15 7.814554318159349969e-56
1.393619274224143500e+15 2.329317577218936760e-56
1.422830457214354750e+15 6.842336241292989857e-57
1.452653925946778250e+15 1.980404228778951568e-57
1.483102514336102750e+15 5.646710868569116713e-58
1.514189325304352000e+15 1.585720209743610688e-58
1.545927736419478500e+15 4.384737192805972590e-59
1.578331405652119500e+15 1.193613040142708113e-59
1.611414277253016750e+15 3.198153848730884614e-60
1.645190587753660750e+15 8.432216641780758853e-61
1.679674872092653250e+15 2.187162752475363121e-61
1.714881969870541000e+15 5.579925950612582891e-62
1.750827031735726750e+15 1.399878833674699756e-62
1.787525525904231750e+15 3.452639642108925796e-63
1.824993244816150500e+15 8.369400914088008138e-64
1.863246311931559750e+15 1.993537794197907231e-64
1.902301188668945750e+15 4.664892523193191134e-65
1.942174681489028250e+15 1.072069243597044237e-65
1.982883949127067250e+15 2.419046796486621671e-66
2.024446509976801750e+15 5.358012837244050099e-67
2.066880249629082000e+15 1.164646866249158956e-67
2.110203428568596500e+15 2.483619672283051948e-68
2.154434690031886500e+15 5.194510288664029330e-69
2.199593068030070500e+15 1.065278718440170825e-69
2.245697995539771750e+15 2.141540845981466846e-70
2.292769312865648500e+15 4.218858841482895848e-71
2.340827276178294500e+15 8.141962764455961230e-72
2.389892566231052500e+15 1.538902850058463624e-72
2.439986297259545000e+15 2.847858491287173653e-73
2.491130026067786000e+15 5.158256469474326349e-74
2.543345761304648500e+15 9.141463186406176538e-75
2.596655972934872000e+15 1.584640307847969920e-75
2.651083601908541500e+15 2.686062884982163645e-76
2.706652070033235500e+15 4.450562205109896610e-77
2.763385290053167000e+15 7.205564846910240687e-78
2.821307675939470500e+15 1.139568366606454786e-78
2.880444153396297500e+15 1.759911019503941604e-79
2.940820170587066500e+15 2.653087354321638336e-80
3.002461709085543000e+15 3.902597078939621468e-81
3.065395295056523500e+15 5.599536001999894320e-82
3.129648010670750500e+15 7.834207119345127627e-83
3.195247505759214000e+15 1.068327324856914650e-83
3.262222009711673500e+15 1.419382728008346929e-84
3.330600343624582000e+15 1.836642998919237816e-85
3.400411932703702500e+15 2.313755739912461724e-86
3.471686818926559500e+15 2.836531663804357187e-87
3.544455673970435500e+15 3.382538108464982606e-88
3.618749812411284000e+15 3.922070129046378560e-89
3.694601205199294500e+15 4.420090748787742377e-90
3.772042493416993500e+15 4.839353890644326192e-91
3.851107002325568500e+15 5.144919259424260983e-92
3.931828755705770000e+15 5.309150003826315684e-93
4.014242490499326000e+15 5.315442667931900348e-94
4.098383671757253000e+15 5.160662824656852897e-95
4.184288507901576000e+15 4.856281194323934785e-96
4.271993966306776500e+15 4.427324643158796677e-97
4.361537789208006000e+15 3.908562436845307961e-98
4.452958509942660000e+15 3.339641525121510055e-99
4.546295469532390000e+15 2.760294782001601234e-100
4.641588833612773000e+15 2.205852147573645838e-101
4.738879609717651000e+15 1.703517903494951804e-102
4.838209664925957000e+15 1.270631486535871619e-103
4.939621743878326000e+15 9.148390681181393503e-105
5.043159487171349000e+15 6.354757183816501478e-106
5.148867450137487000e+15 4.256477830561113939e-107
5.256791122018419000e+15 2.747484591673214273e-108
5.366976945540476000e+15 1.707992042901127170e-109
5.479472336900292000e+15 1.022026995971566045e-110
5.594325706169389000e+15 5.883225836060976175e-112
5.711586478126423000e+15 3.255842664948476270e-113
5.831305113526218000e+15 1.731089685852983411e-114
5.953533130814370000e+15 8.837434774407209712e-116
6.078323128297236000e+15 4.329277186551029904e-117
6.205728806776513000e+15 2.033693986628069371e-118
6.335804992658241000e+15 9.154408365394429381e-120
6.468607661546321000e+15 3.946137520818206031e-121
6.604193962330306000e+15 1.627883525352055210e-122
6.742622241778349000e+15 6.421863475144336403e-124
6.883952069645510000e+15 2.420790630736613290e-125
7.028244264308338000e+15 8.713921939528412525e-127
7.175560918936921000e+15 2.993095912836529305e-128
7.325965428215230000e+15 9.802411395847105991e-130
7.479522515621829000e+15 3.058433614230633658e-131
7.636298261282257000e+15 9.084443629247246000e-133
7.796360130405221000e+15 2.566833415587262698e-134
7.959777002314978000e+15 6.893305648631046550e-136
8.126619200091945000e+15 1.757969681500346296e-137
8.296958520834915000e+15 4.254066263203802901e-139
8.470868266557420000e+15 9.759958402560252390e-141
8.648423275731709000e+15 2.121029861298125340e-142
8.829699955494083000e+15 4.362116884861292838e-144
9.014776314524918000e+15 8.482589242499340988e-146
9.203731996618230000e+15 1.558314161116058025e-147
9.396648314954710000e+15 2.701799952034203015e-149
9.593608287093126000e+15 4.416626516995950493e-151
9.794696670695384000e+15 6.800930691948353697e-153
