1.020960662306047603e+07 7.422998927722875351e+01
1.042360673976401053e+07 7.283282814458159748e+01
1.064209244064724632e+07 7.146227426497253532e+01
1.086515774652537145e+07 7.011758826466719086e+01
1.109289864895222709e+07 6.879809895010423304e+01
1.132541315152812563e+07 6.750355513041290578e+01
1.156280131207375228e+07 6.623365826555048841e+01
1.180516528568805568e+07 6.498772276204151410e+01
1.205260936870841496e+07 6.376512637256666949e+01
1.230524004359261692e+07 6.256563733939357519e+01
1.256316602474121563e+07 6.138897985481447250e+01
1.282649830528059974e+07 6.023451817384486162e+01
1.309535020482667536e+07 5.910167540861309732e+01
1.336983741824945062e+07 5.799023773948001548e+01
1.365007806546013802e+07 5.689995036259732331e+01
1.393619274224143475e+07 5.583022373886383605e+01
1.422830457214351930e+07 5.478052301740618191e+01
1.452653925946781226e+07 5.375065093556964513e+01
1.483102514336102828e+07 5.274037209646796498e+01
1.514189325304351933e+07 5.174913979145091503e+01
1.545927736419478431e+07 5.077645812959070781e+01
1.578331405652116425e+07 4.982214512948490182e+01
1.611414277253019996e+07 4.888598332487670461e+01
1.645190587753660791e+07 4.796746571098489653e+01
1.679674872092653066e+07 4.706613250489509426e+01
1.714881969870540872e+07 4.618181582900020032e+01
1.750827031735723466e+07 4.531431478441145089e+01
1.787525525904235244e+07 4.446315917191682843e+01
1.824993244816150516e+07 4.362792267546544167e+01
1.863246311931559816e+07 4.280845043267803618e+01
1.902301188668945804e+07 4.200455685318848964e+01
1.942174681489024311e+07 4.121580585783816986e+01
1.982883949127071351e+07 4.044180214894907976e+01
2.024446509976801649e+07 3.968240287625432927e+01
2.066880249629081786e+07 3.893743659390149503e+01
2.110203428568596393e+07 3.820649885362542619e+01
2.154434690031882003e+07 3.748922310820444181e+01
2.199593068030074611e+07 3.678547759342995960e+01
2.245697995539776236e+07 3.609510393167600739e+01
2.292769312865648791e+07 3.541772699926197276e+01
2.340827276178294048e+07 3.475300689879637872e+01
2.389892566231048107e+07 3.410082209599229230e+01
2.439986297259550542e+07 3.346102628753702390e+01
2.491130026067791134e+07 3.283327153753943861e+01
2.543345761304648221e+07 3.221724265011470578e+01
2.596655972934872285e+07 3.161282753220476138e+01
2.651083601908536255e+07 3.101989103638865686e+01
2.706652070033241063e+07 3.043811043298009977e+01
2.763385290053172782e+07 2.986719342438221503e+01
2.821307675939470530e+07 2.930703662903788143e+01
2.880444153396297619e+07 2.875751520689893681e+01
2.940820170587060601e+07 2.821832979896878868e+01
3.002461709085549042e+07 2.768920933359445158e+01
3.065395295056529716e+07 2.717005846804866565e+01
3.129648010670750216e+07 2.666076188550865922e+01
3.195247505759213492e+07 2.616104189605029973e+01
3.262222009711666778e+07 2.567064710470675237e+01
3.330600343624588847e+07 2.518948958656891435e+01
3.400411932703709602e+07 2.471746282353101520e+01
3.471686818926559389e+07 2.425430921744347046e+01
3.544455673970435560e+07 2.379979561435455437e+01
3.618749812411276251e+07 2.335384093409793138e+01
3.694601205199302733e+07 2.291634678746456188e+01
3.772042493417001516e+07 2.248707420648913313e+01
3.851107002325568348e+07 2.206580694792691943e+01
3.931828755705770105e+07 2.165247024699348799e+01
4.014242490499317646e+07 2.124697322458276361e+01
4.098383671757261455e+07 2.084909418818117999e+01
4.184288507901584357e+07 2.045863257239327737e+01
4.271993966306776553e+07 2.007551943916738679e+01
4.361537789208005369e+07 1.969967084804633117e+01
4.452958509942659736e+07 1.933088112601166486e+01
4.546295469532398880e+07 1.896896424276586401e+01
4.641588833612781763e+07 1.861385663627825338e+01
4.738879609717650712e+07 1.826548077638142331e+01
4.838209664925957471e+07 1.792364584565719809e+01
4.939621743878325820e+07 1.758817928979528133e+01
5.043159487171358615e+07 1.725902250653288661e+01
5.148867450137497485e+07 1.693610388823952206e+01
5.256791122018418461e+07 1.661924639371635593e+01
5.366976945540475845e+07 1.630828996321859492e+01
5.479472336900292337e+07 1.600318057039408615e+01
5.594325706169377267e+07 1.570385207888248580e+01
5.711586478126434237e+07 1.541014022348125501e+01
5.831305113526218385e+07 1.512189652957116515e+01
5.953533130814369768e+07 1.483907119205565905e+01
6.078323128297235817e+07 1.456160312904810894e+01
6.205728806776500493e+07 1.428933992418306431e+01
6.335804992658253759e+07 1.402214384484100229e+01
6.468607661546321213e+07 1.375996897992506796e+01
6.604193962330305576e+07 1.350275891716189314e+01
6.742622241778348386e+07 1.325037222929531922e+01
6.883952069645495713e+07 1.300268114419751520e+01
7.028244264308351278e+07 1.275964334288737412e+01
7.175560918936920166e+07 1.252120672691814462e+01
7.325965428215231001e+07 1.228724006118823198e+01
7.479522515621829033e+07 1.205762480974204109e+01
7.636298261282241344e+07 1.183232196706526906e+01
7.796360130405236781e+07 1.161128341986987600e+01
7.959777002314977348e+07 1.139438738625580605e+01
8.126619200091944635e+07 1.118152389510173172e+01
8.296958520834915340e+07 1.097265699723022259e+01
8.470868266557401419e+07 1.076774226067688112e+01
8.648423275731725991e+07 1.056666667183525732e+01
8.829699955494081974e+07 1.036932820208266115e+01
9.014776314524917305e+07 1.017569372120583715e+01
9.203731996618229151e+07 9.985722197951341528e+00
9.396648314954690635e+07 9.799308751879673096e+00
9.593608287093147635e+07 9.616358720004070548e+00
9.794696670695386827e+07 9.436841572021819502e+00
1.000000000000000000e+08 9.260719418191131425e+00
1.020960662306047529e+08 9.087894922314454504e+00
1.042360673976403177e+08 8.918280252266050923e+00
1.064209244064722359e+08 8.751847275592410824e+00
1.086515774652537256e+08 8.588561004434071222e+00
1.109289864895222783e+08 8.428331100938429188e+00
1.132541315152812600e+08 8.271076067998640369e+00
1.156280131207377762e+08 8.116769984510318281e+00
1.180516528568803072e+08 7.965380543275638381e+00
1.205260936870841384e+08 7.816823898400850901e+00
1.230524004359261543e+08 7.671024428251319804e+00
1.256316602474121451e+08 7.527958251042695892e+00
1.282649830528062433e+08 7.387595535660135937e+00
1.309535020482665002e+08 7.249858458760588320e+00
1.336983741824945360e+08 7.114676848114794616e+00
1.365007806546013653e+08 6.982028702482219629e+00
1.393619274224143326e+08 6.851886477863861735e+00
1.422830457214354575e+08 6.724177938171586710e+00
1.452653925946778059e+08 6.598837965597939004e+00
1.483102514336102903e+08 6.475846292883599808e+00
1.514189325304352045e+08 6.355177488640451067e+00
1.545927736419478357e+08 6.236764500363786823e+00
1.578331405652119517e+08 6.120546898394908730e+00
1.611414277253016531e+08 6.006506014316057573e+00
1.645190587753660679e+08 5.894618368069730607e+00
1.679674872092653215e+08 5.784821716385340373e+00
1.714881969870540798e+08 5.677059978192597889e+00
1.750827031735726893e+08 5.571315959215134228e+00
1.787525525904231668e+08 5.467567981754267059e+00
1.824993244816150367e+08 5.365758264587698001e+00
1.863246311931559741e+08 5.265834760406238324e+00
1.902301188668946028e+08 5.167781634041328509e+00
1.942174681489028633e+08 5.071578872456918852e+00
1.982883949127075374e+08 4.977172834546608193e+00
2.024446509976801872e+08 4.884515214860090992e+00
2.066880249629082084e+08 4.793591431186491114e+00
2.110203428568596542e+08 4.704383007975687647e+00
2.154434690031886399e+08 4.616840145645041638e+00
2.199593068030070364e+08 4.530918009935045454e+00
2.245697995539771616e+08 4.446603173654306573e+00
2.292769312865648568e+08 4.363878581270745904e+00
2.340827276178294122e+08 4.282697997798543987e+00
2.389892566231052577e+08 4.203019809153787811e+00
2.439986297259555161e+08 4.124831652859984210e+00
2.491130026067785919e+08 4.048117784857741874e+00
2.543345761304648221e+08 3.972835277894284811e+00
2.596655972934872508e+08 3.898945505344717066e+00
2.651083601908541918e+08 3.826437086098924301e+00
2.706652070033235550e+08 3.755295487307791724e+00
2.763385290053166747e+08 3.685480851223684073e+00
2.821307675939470530e+08 3.616957322837829114e+00
2.880444153396297693e+08 3.549714425576698584e+00
2.940820170587067008e+08 3.483738745149569382e+00
3.002461709085555673e+08 3.418993272334650779e+00
3.065395295056523085e+08 3.355444723608541402e+00
3.129648010670750141e+08 3.293083456036947076e+00
3.195247505759213567e+08 3.231897088301747711e+00
3.262222009711673260e+08 3.171851254746725690e+00
3.330600343624581695e+08 3.112915057727524637e+00
3.400411932703702450e+08 3.055079622549151885e+00
3.471686818926559091e+08 2.998333521823948189e+00
3.544455673970435262e+08 2.942644843337300031e+00
3.618749812411283851e+08 2.887984903165506267e+00
3.694601205199309587e+08 2.834345534553961432e+00
3.772042493416993618e+08 2.781716191035754182e+00
3.851107002325568795e+08 2.730067237433253968e+00
3.931828755705770254e+08 2.679372043922237268e+00
4.014242490499325991e+08 2.629623096066905141e+00
4.098383671757252812e+08 2.580810660845781701e+00
4.184288507901575565e+08 2.532907216521901539e+00
4.271993966306776404e+08 2.485888039294636531e+00
4.361537789208005667e+08 2.439746215760519199e+00
4.452958509942659736e+08 2.394472764023963585e+00
4.546295469532408714e+08 2.350042124005466526e+00
4.641588833612772226e+08 2.306431340587893342e+00
4.738879609717651010e+08 2.263634054110330140e+00
4.838209664925957322e+08 2.221641976242619165e+00
4.939621743878325820e+08 2.180431367733363324e+00
5.043159487171348333e+08 2.139980914789310074e+00
5.148867450137487054e+08 2.100284767859011748e+00
5.256791122018419504e+08 2.061335279013316590e+00
5.366976945540476441e+08 2.023110399194940623e+00
5.479472336900292635e+08 1.985590337767057179e+00
5.594325706169389486e+08 1.948769715078840115e+00
5.711586478126422167e+08 1.912641474493059768e+00
5.831305113526217937e+08 1.877185135924326342e+00
5.953533130814369917e+08 1.842382322310146758e+00
6.078323128297235966e+08 1.808228086811195956e+00
6.205728806776486635e+08 1.774715918715583651e+00
6.335804992658240795e+08 1.741826794453209093e+00
6.468607661546320915e+08 1.709543648871401311e+00
6.604193962330304384e+08 1.677861933758810986e+00
6.742622241778348684e+08 1.646775642421708596e+00
6.883952069645509720e+08 1.616267103457463827e+00
7.028244264308338165e+08 1.586320469318749815e+00
7.175560918936921358e+08 1.556931558900130463e+00
7.325965428215229511e+08 1.528094830829201056e+00
7.479522515621827841e+08 1.499793869042185257e+00
7.636298261282258034e+08 1.472013956114225586e+00
7.796360130405220985e+08 1.444751248985629566e+00
7.959777002314977646e+08 1.418000635862892045e+00
8.126619200091946125e+08 1.391746866176967190e+00
8.296958520834914446e+08 1.365976271460648928e+00
8.470868266557419300e+08 1.340685319917790386e+00
8.648423275731709003e+08 1.315869296319145842e+00
8.829699955494083166e+08 1.291514032213760155e+00
9.014776314524917603e+08 1.267606832804351269e+00
9.203731996618230343e+08 1.244144452860908467e+00
9.396648314954710007e+08 1.221122543227029178e+00
9.593608287093126774e+08 1.198527940205382780e+00
9.794696670695385933e+08 1.176348852810980894e+00
1.000000000000000000e+09 1.154582299622327168e+00
1.020960662306047559e+09 1.133224269396858164e+00
1.042360673976403356e+09 1.112262531389604625e+00
1.064209244064726830e+09 1.091686133610568765e+00
1.086515774652537346e+09 1.071492337477155665e+00
1.109289864895222664e+09 1.051677443652879074e+00
1.132541315152812481e+09 1.032230087709403943e+00
1.156280131207372904e+09 1.013140096524853595e+00
1.180516528568803072e+09 9.944049550148252870e-01
1.205260936870841503e+09 9.760212517328824555e-01
1.230524004359261513e+09 9.579784267298271372e-01
1.256316602474121332e+09 9.402670299485529348e-01
1.282649830528062582e+09 9.228847519943201849e-01
1.309535020482670307e+09 9.058284471302233687e-01
1.336983741824945211e+09 8.890883024857745287e-01
1.365007806546013832e+09 8.726555393009703954e-01
1.393619274224143505e+09 8.565280374474822933e-01
1.422830457214349031e+09 8.407028964217132527e-01
1.452653925946778297e+09 8.251709971582067427e-01
1.483102514336102724e+09 8.099241841482777149e-01
1.514189325304351807e+09 7.949605114098237113e-01
1.545927736419478655e+09 7.802773047544230289e-01
1.578331405652119875e+09 7.658660894761805116e-01
1.611414277253023148e+09 7.517192887349529729e-01
1.645190587753660679e+09 7.378351167601833183e-01
1.679674872092653036e+09 7.242111082139270906e-01
1.714881969870540857e+09 7.108393868498903423e-01
1.750827031735726833e+09 6.977129131303294596e-01
1.787525525904231787e+09 6.848300486513587693e-01
1.824993244816150427e+09 6.721885208010802693e-01
1.863246311931559801e+09 6.597810091884991346e-01
1.902301188668945789e+09 6.476009731821006365e-01
1.942174681489028454e+09 6.356469099203944095e-01
1.982883949127075434e+09 6.239167246256238641e-01
2.024446509976801872e+09 6.124036132108505726e-01
2.066880249629082203e+09 6.011014983224911568e-01
2.110203428568596601e+09 5.900090017428477607e-01
2.154434690031886578e+09 5.791241927823588265e-01
2.199593068030070305e+09 5.684407469423330417e-01
2.245697995539771557e+09 5.579530170758335572e-01
2.292769312865648746e+09 5.476597395775957278e-01
2.340827276178294182e+09 5.375591351501558535e-01
2.389892566231052876e+09 5.276453247982801908e-01
2.439986297259555340e+09 5.179130608884005005e-01
2.491130026067785740e+09 5.083611851864192621e-01
2.543345761304647923e+09 4.989880580682621858e-01
2.596655972934872150e+09 4.897882143950899603e-01
2.651083601908541679e+09 4.807567775625885553e-01
2.706652070033235550e+09 4.718926861947070339e-01
2.763385290053166866e+09 4.631944295204666884e-01
2.821307675939470768e+09 4.546569268788294704e-01
2.880444153396297932e+09 4.462756462509043787e-01
2.940820170587066650e+09 4.380496152835277046e-01
3.002461709085555077e+09 4.299774420695849919e-01
3.065395295056523800e+09 4.220544031459378398e-01
3.129648010670750618e+09 4.142762865372773828e-01
3.195247505759213448e+09 4.066422016953766816e-01
3.262222009711673260e+09 3.991508663569294790e-01
3.330600343624581814e+09 3.917978889280579469e-01
3.400411932703702450e+09 3.845793546926897788e-01
3.471686818926559448e+09 3.774944482660652079e-01
3.544455673970435619e+09 3.705419885156600590e-01
3.618749812411283970e+09 3.637178921981516488e-01
3.694601205199309826e+09 3.570185207059832777e-01
3.772042493416993618e+09 3.504431277036596515e-01
3.851107002325568676e+09 3.439906253316910023e-01
3.931828755705770016e+09 3.376572168571717047e-01
4.014242490499325752e+09 3.314395201495157206e-01
4.098383671757252693e+09 3.253368522917091110e-01
4.184288507901576042e+09 3.193482114440175934e-01
4.271993966306777000e+09 3.134700671053370358e-01
4.361537789208005905e+09 3.076992753923389889e-01
4.452958509942660332e+09 3.020352116273679610e-01
4.546295469532408714e+09 2.964769532965695897e-01
4.641588833612771988e+09 2.910212172949739884e-01
4.738879609717651367e+09 2.856650810661661155e-01
4.838209664925957680e+09 2.804079734030612281e-01
4.939621743878325462e+09 2.752490449389944360e-01
5.043159487171347618e+09 2.701852424754190296e-01
5.148867450137486458e+09 2.652138490698068285e-01
5.256791122018419266e+09 2.603343426001885064e-01
5.366976945540475845e+09 2.555459411438790185e-01
5.479472336900292397e+09 2.508458051646582643e-01
5.594325706169388771e+09 2.462314087460025502e-01
5.711586478126422882e+09 2.417022748149605660e-01
5.831305113526218414e+09 2.372576836304381709e-01
5.953533130814370155e+09 2.328949942305777732e-01
6.078323128297236443e+09 2.286118581807173311e-01
6.205728806776488304e+09 2.244078397438143135e-01
6.335804992658241272e+09 2.202822765030844065e-01
6.468607661546320915e+09 2.162327120585686435e-01
6.604193962330305099e+09 2.122569628798783026e-01
6.742622241778348923e+09 2.083546311506879190e-01
6.883952069645509720e+09 2.045251072969910544e-01
7.028244264308338165e+09 2.007661064643572746e-01
7.175560918936921120e+09 1.970755983476893403e-01
7.325965428215229988e+09 1.934532199103275729e-01
7.479522515621828079e+09 1.898984102859026801e-01
7.636298261282225609e+09 1.864090440745521937e-01
7.796360130405220985e+09 1.829832333509751885e-01
7.959777002314977646e+09 1.796206469702821551e-01
8.126619200091945648e+09 1.763207689574655124e-01
8.296958520834915161e+09 1.730816221362067309e-01
8.470868266557419777e+09 1.699014508888236630e-01
8.648423275731708527e+09 1.667799533068148043e-01
8.829699955494083405e+09 1.637166547858823207e-01
9.014776314524917603e+09 1.607097159394296759e-01
9.203731996618228912e+09 1.577575041042249548e-01
9.396648314954671860e+09 1.548597441663342733e-01
9.593608287093128204e+09 1.520159996439800487e-01
9.794696670695384979e+09 1.492245592476754701e-01
1.000000000000000000e+10 1.464839045811452689e-01
1.020960662306047440e+10 1.437937850812116836e-01
1.042360673976403236e+10 1.411537993921266887e-01
1.064209244064726830e+10 1.385623553159223698e-01
1.086515774652537155e+10 1.360180406552396748e-01
1.109289864895222664e+10 1.335206273349260064e-01
1.132541315152812576e+10 1.310697463612335301e-01
1.156280131207373047e+10 1.286639162611181442e-01
1.180516528568803024e+10 1.263018235416693558e-01
1.205260936870841217e+10 1.239832607210701598e-01
1.230524004359261703e+10 1.217078886174122743e-01
1.256316602474121475e+10 1.194743287089271716e-01
1.282649830528062630e+10 1.172813592460086457e-01
1.309535020482670403e+10 1.151287915992193767e-01
1.336983741824945259e+10 1.130163140468140731e-01
1.365007806546013641e+10 1.109426437947114846e-01
1.393619274224143410e+10 1.089066443709614529e-01
1.422830457214348984e+10 1.069081443989955416e-01
1.452653925946778107e+10 1.049468574479059946e-01
1.483102514336102867e+10 1.030215897395389962e-01
1.514189325304351997e+10 1.011312840730209661e-01
1.545927736419478416e+10 9.927578485583141155e-02
1.578331405652119637e+10 9.745482894745796654e-02
1.611414277253023148e+10 9.566730534846408507e-02
1.645190587753660774e+10 9.391223054915218138e-02
1.679674872092653275e+10 9.218946339218549169e-02
1.714881969870541000e+10 9.049876218279118145e-02
1.750827031735726929e+10 8.883909290397541680e-02
1.787525525904231644e+10 8.720954055335562727e-02
1.824993244816150284e+10 8.560997717065668700e-02
1.863246311931559753e+10 8.404018080552504155e-02
1.902301188668945694e+10 8.249918903686981331e-02
1.942174681489028549e+10 8.098615055346761182e-02
1.982883949127075195e+10 7.950094945550674475e-02
2.024446509976801682e+10 7.804338196869699262e-02
2.066880249629082108e+10 7.661255226132000773e-02
2.110203428568596649e+10 7.520766823888165586e-02
2.154434690031886673e+10 7.382862501898122820e-02
2.199593068030070114e+10 7.247523555711307686e-02
2.245697995539771652e+10 7.114666595802084104e-02
2.292769312865648651e+10 6.984217918641436040e-02
2.340827276178294373e+10 6.856168042022317555e-02
2.389892566231052399e+10 6.730499801164428753e-02
2.439986297259555435e+10 6.607135567697253187e-02
2.491130026067786026e+10 6.486006757700409076e-02
2.543345761304648209e+10 6.367104807211451667e-02
2.596655972934872437e+10 6.250413968233931028e-02
2.651083601908541489e+10 6.135861971540194221e-02
2.706652070033235550e+10 6.023384993854301317e-02
2.763385290053166962e+10 5.912975308952046066e-02
2.821307675939470673e+10 5.804618472338160529e-02
2.880444153396297836e+10 5.698247200247034266e-02
2.940820170587066650e+10 5.593802096455068040e-02
3.002461709085555267e+10 5.491276198671623393e-02
3.065395295056523514e+10 5.390656261508740971e-02
3.129648010670750427e+10 5.291879639256749646e-02
3.195247505759213638e+10 5.194891052771652418e-02
3.262222009711672974e+10 5.099684236026781614e-02
3.330600343624581909e+10 5.006247046516941468e-02
3.400411932703702927e+10 4.914521153651508351e-02
3.471686818926559448e+10 4.824455107265328280e-02
3.544455673970435333e+10 4.736043275594233742e-02
3.618749812411283875e+10 4.649274530358243895e-02
3.694601205199309540e+10 4.564094555835918748e-02
3.772042493416993713e+10 4.480455463095943391e-02
3.851107002325569153e+10 4.398352197818391346e-02
3.931828755705770111e+10 4.317774564268438836e-02
4.014242490499325562e+10 4.238671982439875391e-02
4.098383671757252502e+10 4.160999875771737716e-02
4.184288507901576233e+10 4.084753715370317145e-02
4.271993966306776428e+10 4.009924162775653500e-02
4.361537789208005524e+10 3.936464114145654669e-02
4.452958509942659760e+10 3.864332073982793686e-02
4.546295469532408905e+10 3.793523991177268767e-02
4.641588833612772369e+10 3.724031315220987376e-02
4.738879609717650604e+10 3.655810177085726947e-02
4.838209664925956726e+10 3.588821947334543822e-02
4.939621743878325653e+10 3.523063009040122012e-02
5.043159487171348572e+10 3.458525535777332710e-02
5.148867450137487030e+10 3.395168668915483912e-02
5.256791122018418884e+10 3.332956445214795005e-02
5.366976945540475464e+10 3.271885642028846825e-02
5.479472336900292206e+10 3.211949098200771180e-02
5.594325706169388580e+10 3.153108756801521750e-02
5.711586478126422882e+10 3.095331134994827246e-02
5.831305113526218414e+10 3.038613367910870597e-02
5.953533130814369965e+10 2.982948905504679768e-02
6.078323128297235870e+10 2.928302298463335979e-02
6.205728806776487732e+10 2.874642371627144505e-02
6.335804992658241272e+10 2.821966584532549852e-02
6.468607661546320343e+10 2.770268948368677028e-02
6.604193962330305481e+10 2.719516440939427626e-02
6.742622241778349304e+10 2.669680034176556693e-02
6.883952069645510864e+10 2.620757481515633910e-02
7.028244264308338928e+10 2.572743309467786024e-02
7.175560918936921692e+10 2.525606755069051412e-02
7.325965428215229797e+10 2.479320788042758961e-02
7.479522515621827698e+10 2.433883427849984488e-02
7.636298261282226562e+10 2.389289674051393864e-02
7.796360130405221558e+10 2.345510866767490377e-02
7.959777002314976501e+10 2.302521834695298725e-02
8.126619200091944885e+10 2.260320837858735207e-02
8.296958520834915161e+10 2.218903309966154674e-02
8.470868266557418823e+10 2.178242548976314433e-02
8.648423275731707764e+10 2.138315113477693916e-02
8.829699955494082642e+10 2.099119480813111879e-02
9.014776314524917603e+10 2.060651483036507470e-02
9.203731996618229675e+10 2.022886240833920296e-02
9.396648314954670715e+10 1.985801922656224225e-02
9.593608287093125916e+10 1.949397201953073991e-02
9.794696670695385742e+10 1.913668276176837615e-02
1.000000000000000000e+11 1.878591963054421568e-02
1.020960662306047516e+11 1.844147929275563244e-02
1.042360673976403351e+11 1.810335025050878108e-02
1.064209244064726715e+11 1.777149782923736349e-02
1.086515774652537231e+11 1.744570600725776216e-02
1.109289864895222778e+11 1.712578539585165455e-02
1.132541315152812653e+11 1.681172608833857510e-02
1.156280131207372894e+11 1.650349648219860688e-02
1.180516528568803101e+11 1.620089526894498075e-02
1.205260936870841370e+11 1.590374603882863461e-02
1.230524004359261475e+11 1.561204031564085264e-02
1.256316602474121399e+11 1.532574931248746088e-02
1.282649830528062439e+11 1.504468542187266215e-02
1.309535020482670288e+11 1.476868431510172490e-02
1.336983741824945221e+11 1.449773880006403025e-02
1.365007806546013794e+11 1.423182266967957903e-02
1.393619274224143372e+11 1.397076107561433418e-02
1.422830457214349060e+11 1.371440093509006079e-02
1.452653925946778259e+11 1.346273620684402400e-02
1.483102514336102905e+11 1.321574304677808516e-02
1.514189325304352112e+11 1.297325848936818800e-02
1.545927736419478455e+11 1.273513992087975735e-02
1.578331405652119751e+11 1.250138232971734209e-02
1.611414277253023071e+11 1.227196403546758005e-02
1.645190587753660583e+11 1.204673313985597793e-02
1.679674872092653198e+11 1.182555677556903530e-02
1.714881969870540771e+11 1.160843085051273781e-02
1.750827031735719604e+11 1.139533566474737122e-02
1.787525525904231873e+11 1.118612962830622254e-02
1.824993244816150513e+11 1.098068894805888200e-02
1.863246311931559753e+11 1.077901035131435467e-02
1.902301188668945618e+11 1.058107595028289286e-02
1.942174681489028320e+11 1.038675375696383740e-02
1.982883949127075500e+11 1.019592842699970116e-02
2.024446509976802063e+11 1.000859741624671867e-02
2.066880249629082031e+11 9.824744494419257110e-03
2.110203428568596497e+11 9.644246618066537602e-03
2.154434690031877747e+11 9.466996309755388098e-03
2.199593068030070190e+11 9.292991671471663440e-03
2.245697995539771729e+11 9.122217988372453498e-03
2.292769312865648804e+11 8.954560549659372135e-03
2.340827276178294067e+11 8.789919203446102183e-03
2.389892566231052551e+11 8.628292623161334246e-03
2.439986297259555054e+11 8.469667478952379661e-03
2.491130026067796021e+11 8.313936823083196287e-03
2.543345761304648132e+11 8.161007325495579778e-03
2.596655972934872437e+11 8.010878163415512815e-03
2.651083601908530884e+11 7.863537272200425698e-03
2.706652070033235779e+11 7.718884936967413887e-03
2.763385290053167114e+11 7.576834180756158478e-03
2.821307675939470825e+11 7.437384623392463527e-03
2.880444153396297607e+11 7.300525355501088186e-03
2.940820170587066650e+11 7.166163401452109970e-03
3.002461709085555420e+11 7.034217701201370132e-03
3.065395295056536255e+11 6.904688261855301303e-03
3.129648010670750732e+11 6.777565228418551586e-03
3.195247505759213257e+11 6.652761904973420078e-03
3.262222009711659546e+11 6.530202742470658447e-03
3.330600343624581909e+11 6.409888085357882959e-03
3.400411932703702393e+11 6.291809040448399608e-03
3.471686818926559448e+11 6.175884763691247802e-03
3.544455673970435181e+11 6.062044839245534118e-03
3.618749812411284180e+11 5.950289903866148693e-03
3.694601205199309692e+11 5.840611941275400398e-03
3.772042493417008667e+11 5.732935560906368862e-03
3.851107002325568848e+11 5.627195128524168505e-03
3.931828755705770264e+11 5.523391532623211919e-03
4.014242490499309692e+11 5.421517555974174514e-03
4.098383671757252808e+11 5.321502890553733711e-03
4.184288507901575928e+11 5.223286356460981120e-03
4.271993966306776123e+11 5.126869057433649027e-03
4.361537789208005371e+11 5.032244503928506515e-03
4.452958509942659912e+11 4.939347125032161889e-03
4.546295469532408447e+11 4.848119890542899532e-03
4.641588833612791138e+11 4.758564086660760015e-03
4.738879609717650757e+11 4.670673886128648075e-03
4.838209664925957031e+11 4.584388133450859742e-03
4.939621743878305664e+11 4.499653664551085328e-03
5.043159487171348267e+11 4.416471918690482133e-03
5.148867450137487183e+11 4.334837670976044062e-03
5.256791122018419189e+11 4.254693881738547991e-03
5.366976945540476074e+11 4.175990989031050718e-03
5.479472336900292969e+11 4.098730558853131388e-03
5.594325706169388428e+11 4.022907913805529555e-03
5.711586478126446533e+11 3.948469851000127595e-03
5.831305113526218262e+11 3.875370164851120545e-03
5.953533130814368896e+11 3.803610524569845264e-03
6.078323128297211914e+11 3.733186750006700725e-03
6.205728806776488037e+11 3.664049215153800110e-03
6.335804992658240967e+11 3.596154841960088732e-03
6.468607661546320801e+11 3.529505381862736366e-03
6.604193962330305176e+11 3.464097105987262119e-03
6.742622241778348389e+11 3.399883723104706133e-03
6.883952069645510254e+11 3.336825069638907782e-03
7.028244264308366699e+11 3.274922960577546747e-03
7.175560918936921387e+11 3.214174076262218526e-03
7.325965428215229492e+11 3.154535234710783773e-03
7.479522515621828613e+11 3.095968988435859794e-03
7.636298261282225342e+11 3.038477199395506114e-03
7.796360130405220947e+11 2.982056918679451378e-03
7.959777002314978027e+11 2.926667863451343828e-03
8.126619200091945801e+11 2.872275117571048905e-03
8.296958520834915771e+11 2.818880575287165732e-03
8.470868266557419434e+11 2.766481623277310727e-03
8.648423275731743164e+11 2.715040682103630684e-03
8.829699955494082031e+11 2.664525194931348026e-03
9.014776314524916992e+11 2.614937075342673844e-03
9.203731996618229980e+11 2.566274013475762505e-03
9.396648314954670410e+11 2.518500950909190270e-03
9.593608287093126221e+11 2.471587529888650235e-03
9.794696670695385742e+11 2.425535671930806499e-03
1.000000000000000000e+12 2.380343341293195136e-03
1.020960662306047485e+12 2.335977830632112069e-03
1.042360673976403198e+12 2.292410832043315257e-03
1.064209244064726929e+12 2.249644264988136331e-03
1.086515774652537354e+12 2.207676341061064803e-03
1.109289864895222656e+12 2.166476545638185754e-03
1.132541315152812744e+12 2.126018481670519360e-03
1.156280131207372803e+12 2.086304057847860813e-03
1.180516528568802979e+12 2.047331708663848414e-03
1.205260936870841309e+12 2.009072964643066582e-03
1.230524004359261719e+12 1.971503210118874007e-03
1.256316602474121338e+12 1.934624335443767837e-03
1.282649830528062500e+12 1.898434975726405330e-03
1.309535020482670410e+12 1.862908569107887260e-03
1.336983741824945068e+12 1.828022160696345013e-03
1.365007806546013672e+12 1.793777615977871880e-03
1.393619274224143311e+12 1.760173750365211232e-03
1.422830457214348877e+12 1.727185781435396864e-03
1.452653925946778320e+12 1.694792302712915151e-03
1.483102514336102783e+12 1.662995149220468242e-03
1.514189325304351807e+12 1.631793298175701883e-03
1.545927736419478516e+12 1.601163627117550880e-03
1.578331405652119873e+12 1.571086173307356497e-03
1.611414277253023193e+12 1.541562736546066119e-03
1.645190587753660889e+12 1.512592439018036437e-03
1.679674872092653076e+12 1.484153706856684938e-03
1.714881969870540771e+12 1.456227923529968687e-03
1.750827031735719727e+12 1.428816849612456847e-03
1.787525525904231689e+12 1.401919736936937640e-03
1.824993244816150391e+12 1.375516456416132124e-03
1.863246311931559814e+12 1.349589646848942028e-03
1.902301188668945801e+12 1.324141026254535471e-03
1.942174681489028320e+12 1.299169962189319731e-03
1.982883949127075439e+12 1.274657673562558163e-03
2.024446509976801758e+12 1.250587969825053651e-03
2.066880249629082031e+12 1.226962523715563599e-03
2.110203428568596680e+12 1.203780805865017943e-03
2.154434690031877930e+12 1.181025292947699779e-03
2.199593068030070312e+12 1.158680886154626281e-03
2.245697995539771484e+12 1.136749210758707627e-03
2.292769312865648926e+12 1.115229828985791170e-03
2.340827276178293945e+12 1.094106391145204188e-03
2.389892566231052246e+12 1.073364816627152014e-03
2.439986297259555176e+12 1.053006681534157446e-03
2.491130026067796387e+12 1.033031629277217801e-03
2.543345761304647949e+12 1.013424405354339903e-03
2.596655972934872070e+12 9.941718788150600769e-04
2.651083601908530762e+12 9.752755753151253490e-04
2.706652070033235840e+12 9.567352100185100771e-04
2.763385290053166992e+12 9.385365504611465140e-04
2.821307675939470703e+12 9.206673514689588762e-04
2.880444153396297852e+12 9.031290873537808038e-04
2.940820170587066406e+12 8.859215364949933049e-04
3.002461709085555176e+12 8.690314202485136495e-04
3.065395295056536133e+12 8.524473196698037492e-04
3.129648010670750488e+12 8.361706571655325073e-04
3.195247505759213867e+12 8.202012666101082339e-04
3.262222009711660156e+12 8.045267595567854842e-04
3.330600343624582031e+12 7.891364877832027875e-04
3.400411932703702637e+12 7.740318215242116169e-04
3.471686818926559082e+12 7.592126431755018929e-04
3.544455673970435547e+12 7.446673951490832312e-04
3.618749812411284180e+12 7.303861481971705419e-04
3.694601205199310059e+12 7.163702203766828588e-04
3.772042493417008789e+12 7.026195363145068323e-04
3.851107002325568848e+12 6.891233139319794063e-04
3.931828755705770020e+12 6.758722947128097082e-04
4.014242490499309570e+12 6.628677447578029897e-04
4.098383671757252930e+12 6.501096252572005673e-04
4.184288507901576172e+12 6.375878780119648972e-04
4.271993966306776855e+12 6.252938702576758909e-04
4.361537789208005859e+12 6.132288165589925731e-04
4.452958509942660156e+12 6.013927095700896067e-04
4.546295469532409180e+12 5.897761668071499876e-04
4.641588833612791016e+12 5.783711393175538541e-04
4.738879609717650391e+12 5.671787907215256877e-04
4.838209664925957031e+12 5.561991405557434277e-04
4.939621743878305664e+12 5.454234371167355610e-04
5.043159487171347656e+12 5.348441761555340927e-04
5.148867450137486328e+12 5.244624710867861785e-04
5.256791122018418945e+12 5.142783642201694981e-04
5.366976945540475586e+12 5.042836927081845513e-04
5.479472336900291992e+12 4.944714605349421208e-04
5.594325706169388672e+12 4.848427317751999831e-04
5.711586478126446289e+12 4.753975678325569236e-04
5.831305113526218750e+12 4.661283555972152545e-04
5.953533130814370117e+12 4.570285732742031216e-04
6.078323128297210938e+12 4.480992365713069576e-04
6.205728806776487305e+12 4.393404226987992806e-04
6.335804992658241211e+12 4.307450317819938763e-04
6.468607661546321289e+12 4.223069845248662055e-04
6.604193962330305664e+12 4.140272493311037490e-04
6.742622241778348633e+12 4.059059162863870671e-04
6.883952069645509766e+12 3.979363646866264305e-04
7.028244264308366211e+12 3.901129281468123581e-04
7.175560918936920898e+12 3.824365289037254451e-04
7.325965428215229492e+12 3.749072673106739828e-04
7.479522515621797852e+12 3.675189700431689467e-04
7.636298261282225586e+12 3.602663560277374389e-04
7.796360130405220703e+12 3.531503025316556975e-04
7.959777002314977539e+12 3.461709178623335295e-04
8.126619200091945312e+12 3.393224464031377365e-04
8.296958520834915039e+12 3.325999666454668960e-04
8.470868266557419922e+12 3.260043121325379876e-04
8.648423275731745117e+12 3.195355970791314399e-04
8.829699955494082031e+12 3.131884558806521815e-04
9.014776314524917969e+12 3.069583025737710217e-04
9.203731996618228516e+12 3.008459282603767647e-04
9.396648314954669922e+12 2.948514512578510188e-04
9.593608287093126953e+12 2.889698701205641734e-04
9.794696670695386719e+12 2.831969120205401341e-04
1.000000000000000000e+13 2.775333269282139392e-04
1.020960662306047461e+13 2.719792356781813901e-04
1.042360673976403125e+13 2.665299768489736679e-04
1.064209244064726758e+13 2.611815698383792065e-04
1.086515774652537305e+13 2.559347248141235760e-04
1.109289864895222656e+13 2.507895637410463173e-04
1.132541315152812695e+13 2.457417426896094147e-04
1.156280131207373047e+13 2.407875537722515083e-04
1.180516528568803125e+13 2.359276686935140059e-04
1.205260936870841211e+13 2.311622093409425370e-04
1.230524004359261523e+13 2.264871282390287050e-04
1.256316602474121484e+13 2.218989720072668255e-04
1.282649830528062695e+13 2.173983752308647119e-04
1.309535020482670312e+13 2.129854586749035678e-04
1.336983741824945312e+13 2.086564516742119100e-04
1.365007806546013672e+13 2.044081383633712960e-04
1.393619274224143359e+13 2.002411175509505098e-04
1.422830457214349023e+13 1.961555079809714094e-04
1.452653925946778320e+13 1.921477974552535941e-04
1.483102514336102734e+13 1.882149917648476799e-04
1.514189325304351953e+13 1.843576552776569888e-04
1.545927736419478516e+13 1.805759039499769492e-04
1.578331405652119727e+13 1.768664669204282353e-04
1.611414277253023242e+13 1.732265568344637226e-04
1.645190587753660742e+13 1.696567049442947411e-04
1.679674872092653125e+13 1.661570237706514917e-04
1.714881969870541016e+13 1.627244677903565769e-04
1.750827031735719922e+13 1.593564426865244654e-04
1.787525525904231641e+13 1.560534479055697486e-04
1.824993244816150391e+13 1.528155919915725634e-04
1.863246311931559766e+13 1.496400398167562395e-04
1.902301188668945703e+13 1.465243772038265049e-04
1.942174681489028516e+13 1.434690730851090280e-04
1.982883949127075391e+13 1.404742315828047690e-04
2.024446509976801562e+13 1.375372140068145156e-04
2.066880249629082031e+13 1.346557742782129061e-04
2.110203428568596484e+13 1.318303520858249487e-04
2.154434690031877734e+13 1.290610467706198509e-04
2.199593068030070312e+13 1.263454030415905643e-04
2.245697995539771484e+13 1.236813316759807584e-04
2.292769312865648828e+13 1.210692443661289105e-04
2.340827276178294141e+13 1.185092353890125215e-04
2.389892566231052344e+13 1.159990206717587097e-04
2.439986297259555078e+13 1.135366573506819493e-04
2.491130026067785938e+13 1.111225303429137610e-04
2.543345761304648438e+13 1.087567286467557254e-04
2.596655972934872656e+13 1.064371280263969087e-04
2.651083601908530859e+13 1.041619221747657430e-04
2.706652070033235938e+13 1.019314704273365679e-04
2.763385290053166797e+13 9.974585634952566171e-05
2.821307675939470703e+13 9.760310490827265510e-05
2.880444153396297656e+13 9.550153719890587545e-05
2.940820170587066797e+13 9.344148814016396644e-05
3.002461709085555078e+13 9.142303576448757171e-05
3.065395295056535938e+13 8.944434430439444960e-05
3.129648010670750391e+13 8.750385370836916686e-05
3.195247505759213672e+13 8.560187561392938130e-05
3.262222009711659766e+13 8.373848246836884896e-05
3.330600343624581641e+13 8.191196848357063887e-05
3.400411932703702734e+13 8.012088447635376900e-05
3.471686818926559766e+13 7.836551990804154464e-05
3.544455673970435938e+13 7.664594163076356506e-05
3.618749812411284375e+13 7.496056515689719299e-05
3.694601205199309375e+13 7.330804471301002466e-05
3.772042493417008594e+13 7.168864865806006748e-05
3.851107002325568750e+13 7.010243827572800693e-05
3.931828755705770312e+13 6.854794226660590678e-05
4.014242490499309375e+13 6.702391129938379914e-05
4.098383671757252344e+13 6.553059367272231475e-05
4.184288507901575781e+13 6.406804516086426246e-05
4.271993966306776562e+13 6.263490006996153903e-05
4.361537789208005469e+13 6.122999900182991525e-05
4.452958509942659375e+13 5.985357120563528603e-05
4.546295469532408594e+13 5.850566703384783059e-05
4.641588833612791406e+13 5.718501931007369742e-05
4.738879609717650781e+13 5.589055248827237812e-05
4.838209664925957031e+13 5.462247774731368078e-05
4.939621743878305469e+13 5.338084013004849035e-05
5.043159487171348438e+13 5.216446435118464388e-05
5.148867450137487500e+13 5.097235303529052813e-05
5.256791122018419531e+13 4.980470023874680144e-05
5.366976945540475781e+13 4.866154582839704807e-05
5.479472336900292188e+13 4.754180021516490786e-05
5.594325706169388281e+13 4.644453888572210840e-05
5.711586478126446875e+13 4.536993969053952495e-05
5.831305113526218750e+13 4.431803747201785743e-05
5.953533130814369531e+13 4.328782254490081067e-05
6.078323128297210938e+13 4.227843829713234325e-05
6.205728806776487500e+13 4.129004725834801824e-05
6.335804992658241406e+13 4.032267941304600316e-05
6.468607661546320312e+13 3.937539956336024414e-05
6.604193962330304688e+13 3.844741436249483657e-05
6.742622241778349219e+13 3.753887187358632700e-05
6.883952069645510938e+13 3.664979740259812201e-05
7.028244264308367188e+13 3.577932517421929498e-05
7.175560918936920312e+13 3.492672077450043879e-05
7.325965428215229688e+13 3.409211862438622488e-05
7.479522515621796875e+13 3.327553954153138221e-05
7.636298261282225000e+13 3.247618243708000200e-05
7.796360130405220312e+13 3.169336778120103183e-05
7.959777002314978125e+13 3.092721714741023220e-05
8.126619200091945312e+13 3.017774706401385362e-05
8.296958520834914062e+13 2.944421669954293773e-05
8.470868266557418750e+13 2.872599762433477937e-05
8.648423275731743750e+13 2.802319933005844988e-05
8.829699955494082812e+13 2.733583426133289301e-05
9.014776314524917188e+13 2.666321770172340732e-05
9.203731996618229688e+13 2.600476878484740467e-05
9.396648314954671875e+13 2.536058565718385600e-05
9.593608287093126562e+13 2.473067689019962454e-05
9.794696670695385938e+13 2.411441000820845881e-05
1.000000000000000000e+14 2.351124840233676116e-05
1.020960662306047656e+14 2.292127958271452997e-05
1.042360673976403281e+14 2.234450846213653885e-05
1.064209244064726875e+14 2.178035118231326246e-05
1.086515774652537188e+14 2.122831230211996999e-05
1.109289864895222656e+14 2.068846937668045638e-05
1.132541315152812656e+14 2.016082387673345764e-05
1.156280131207372969e+14 1.964483717226837825e-05
1.180516528568803125e+14 1.914005210182968627e-05
1.205260936870841250e+14 1.864653692010391844e-05
1.230524004359261562e+14 1.816428987374059891e-05
1.256316602474121406e+14 1.769281439147585256e-05
1.282649830528062500e+14 1.723168889248016822e-05
1.309535020482670312e+14 1.678097295981245769e-05
1.336983741824945156e+14 1.634066183445704662e-05
1.365007806546013906e+14 1.591029803987082370e-05
1.393619274224143594e+14 1.548949305358478370e-05
1.422830457214349062e+14 1.507829839068958689e-05
1.452653925946778125e+14 1.467670650447216190e-05
1.483102514336102812e+14 1.428429624147624596e-05
1.514189325304351875e+14 1.390070978084318410e-05
1.545927736419478438e+14 1.352599114905659169e-05
1.578331405652119688e+14 1.316013022858948619e-05
1.611414277253023125e+14 1.280273959774508301e-05
1.645190587753660625e+14 1.245348993551881687e-05
1.679674872092653125e+14 1.211241833549717571e-05
1.714881969870540938e+14 1.177951232426550233e-05
1.750827031735719688e+14 1.145441578915009124e-05
1.787525525904231875e+14 1.113682585189707111e-05
1.824993244816150312e+14 1.082677320524578730e-05
1.863246311931559688e+14 1.052424323149024465e-05
1.902301188668945625e+14 1.022890886157012800e-05
1.942174681489028438e+14 9.940491737975001775e-06
1.982883949127075312e+14 9.659016661673836264e-06
2.024446509976801875e+14 9.384467078751532423e-06
2.066880249629082188e+14 9.116542846376443968e-06
2.110203428568596562e+14 8.854988332957438134e-06
2.154434690031877812e+14 8.599822934917735414e-06
2.199593068030070312e+14 8.351028366507666601e-06
2.245697995539771562e+14 8.108329432714681486e-06
2.292769312865648750e+14 7.871491552384228329e-06
2.340827276178294375e+14 7.640529183523006880e-06
2.389892566231052500e+14 7.415422508911396536e-06
2.439986297259555000e+14 7.195919433468001458e-06
2.491130026067785938e+14 6.981804862981208754e-06
2.543345761304648125e+14 6.773088762653286970e-06
2.596655972934872500e+14 6.569749979694822926e-06
2.651083601908530625e+14 6.371557793499244403e-06
2.706652070033235938e+14 6.178315138299292590e-06
2.763385290053167188e+14 5.990027912015070265e-06
2.821307675939470625e+14 5.806673817148224014e-06
2.880444153396298125e+14 5.628041896841093220e-06
2.940820170587066250e+14 5.453951753582474492e-06
3.002461709085555000e+14 5.284405623798680422e-06
3.065395295056535625e+14 5.119380250663260461e-06
3.129648010670750625e+14 4.958682938037403493e-06
3.195247505759213750e+14 4.802148688704764184e-06
3.262222009711659375e+14 4.649776464031839228e-06
3.330600343624581250e+14 4.501542227313013388e-06
3.400411932703702500e+14 4.357270141223558023e-06
3.471686818926559375e+14 4.216809427556081799e-06
3.544455673970435625e+14 4.080156140369953554e-06
3.618749812411283750e+14 3.947285636617968427e-06
3.694601205199310000e+14 3.818037631266063574e-06
3.772042493417008750e+14 3.692274465515676846e-06
3.851107002325568750e+14 3.569989635755563878e-06
3.931828755705770000e+14 3.451158059944272430e-06
4.014242490499310000e+14 3.335633788406928652e-06
4.098383671757253125e+14 3.223291258745184399e-06
4.184288507901576250e+14 3.114121741359287187e-06
4.271993966306776875e+14 3.008099875896367236e-06
4.361537789208005625e+14 2.905092915274851777e-06
4.452958509942660000e+14 2.804986442490113999e-06
4.546295469532408750e+14 2.707769816169793605e-06
4.641588833612791250e+14 2.613417551609298402e-06
4.738879609717650625e+14 2.521809050956144921e-06
4.838209664925956875e+14 2.432840159476325073e-06
4.939621743878305000e+14 2.346498621210331279e-06
5.043159487171348125e+14 2.262758974094509188e-06
5.148867450137486875e+14 2.181511790754027868e-06
5.256791122018418750e+14 2.102662359169628661e-06
5.366976945540476250e+14 2.026197088853868712e-06
5.479472336900293125e+14 1.952090679709921269e-06
5.594325706169389375e+14 1.880243965881184194e-06
5.711586478126446250e+14 1.810570917959801339e-06
5.831305113526218750e+14 1.743056874001338241e-06
5.953533130814370000e+14 1.677676827353018295e-06
6.078323128297211250e+14 1.614341030567809932e-06
6.205728806776487500e+14 1.552971432854870671e-06
6.335804992658241250e+14 1.493552547377286796e-06
6.468607661546320000e+14 1.436059784519024858e-06
6.604193962330305000e+14 1.380412034207561590e-06
6.742622241778348750e+14 1.326538573037225381e-06
6.883952069645510000e+14 1.274423319523219685e-06
7.028244264308366250e+14 1.224042216456791619e-06
7.175560918936921250e+14 1.175322068299099195e-06
7.325965428215230000e+14 1.128198877096426767e-06
7.479522515621797500e+14 1.082656180570896284e-06
7.636298261282225000e+14 1.038670560604003778e-06
7.796360130405220000e+14 9.961760678222176257e-07
7.959777002314977500e+14 9.551148738281977162e-07
8.126619200091946250e+14 9.154703330039655119e-07
8.296958520834916250e+14 8.772197639139708410e-07
8.470868266557420000e+14 8.403038459282044308e-07
8.648423275731745000e+14 8.046704072697470776e-07
8.829699955494082500e+14 7.703028000991817892e-07
9.014776314524917500e+14 7.371791679137825680e-07
9.203731996618230000e+14 7.052462491106213292e-07
9.396648314954671250e+14 6.744570556620694628e-07
9.593608287093126250e+14 6.447951023068416793e-07
9.794696670695385000e+14 6.162394360352173370e-07
1.000000000000000000e+15 5.887423290619077267e-07
1.020960662306047500e+15 5.622615415085311970e-07
1.042360673976403250e+15 5.367808992659930666e-07
1.064209244064722375e+15 5.122804214808185409e-07
1.086515774652537375e+15 4.887174305008305634e-07
1.109289864895222875e+15 4.660540335992881842e-07
1.132541315152812750e+15 4.442745001931268593e-07
1.156280131207377750e+15 4.233598799958228987e-07
1.180516528568803000e+15 4.032721002031753363e-07
1.205260936870841250e+15 3.839772459781867743e-07
1.230524004359261500e+15 3.654601462329300818e-07
1.256316602474121500e+15 3.477029289691645668e-07
1.282649830528062500e+15 3.306717164050776914e-07
1.309535020482665000e+15 3.143362315630484036e-07
1.336983741824945250e+15 2.986819626077913982e-07
1.365007806546013750e+15 2.836921528089234979e-07
1.393619274224143500e+15 2.693367424051946634e-07
1.422830457214354750e+15 2.555887790826456322e-07
1.452653925946778250e+15 2.424344939073084741e-07
1.483102514336102750e+15 2.298582714621230670e-07
1.514189325304352000e+15 2.178335231321336528e-07
1.545927736419478500e+15 2.063363325406001592e-07
1.578331405652119500e+15 1.953537413953972598e-07
1.611414277253016750e+15 1.848712906802984106e-07
1.645190587753660750e+15 1.748655436813529145e-07
1.679674872092653250e+15 1.653153534490927708e-07
1.714881969870541000e+15 1.562086243435991850e-07
1.750827031735726750e+15 1.475320577711437141e-07
1.787525525904231750e+15 1.392650747571261707e-07
1.824993244816150500e+15 1.313890512788255504e-07
1.863246311931559750e+15 1.238927909748560314e-07
1.902301188668945750e+15 1.167641488260262192e-07
1.942174681489028250e+15 1.099851323598401408e-07
1.982883949127067250e+15 1.035394121239166955e-07
2.024446509976801750e+15 9.741671283211495559e-08
2.066880249629082000e+15 9.160602561404705021e-08
2.110203428568596500e+15 8.609169407664808019e-08
2.154434690031886500e+15 8.085947130649831368e-08
2.199593068030070500e+15 7.590001068954787793e-08
2.245697995539771750e+15 7.120341193165655575e-08
2.292769312865648500e+15 6.675612319913466840e-08
2.340827276178294500e+15 6.254578277772174965e-08
2.389892566231052500e+15 5.856396686892087742e-08
2.439986297259545000e+15 5.480184655073222014e-08
2.491130026067786000e+15 5.124776013954792993e-08
2.543345761304648500e+15 4.789104701089836952e-08
2.596655972934872000e+15 4.472418783542380555e-08
2.651083601908541500e+15 4.173937901941511923e-08
2.706652070033235500e+15 3.892665026411315405e-08
2.763385290053167000e+15 3.627686998423817214e-08
2.821307675939470500e+15 3.378339363670127443e-08
2.880444153396297500e+15 3.143938900502691165e-08
2.940820170587066500e+15 2.923639275529150399e-08
3.002461709085543000e+15 2.716664135490800172e-08
3.065395295056523500e+15 2.522432532381075215e-08
3.129648010670750500e+15 2.340352304558638593e-08
3.195247505759214000e+15 2.169710697483762570e-08
3.262222009711673500e+15 2.009853089966456622e-08
3.330600343624582000e+15 1.860277205736531760e-08
3.400411932703702500e+15 1.720475304784445904e-08
3.471686818926559500e+15 1.589852331373500737e-08
3.544455673970435500e+15 1.467861293136814894e-08
3.618749812411284000e+15 1.354073048848402004e-08
3.694601205199294500e+15 1.248057219985728356e-08
3.772042493416993500e+15 1.149321743107068280e-08
3.851107002325568500e+15 1.057414085729483500e-08
3.931828755705770000e+15 9.719721715622345777e-09
4.014242490499326000e+15 8.926356479256807803e-09
4.098383671757253000e+15 8.190018627923203955e-09
4.184288507901576000e+15 7.507004882383558213e-09
4.271993966306776500e+15 6.874300819734426700e-09
4.361537789208006000e+15 6.288928560773413368e-09
4.452958509942660000e+15 5.747630815239965038e-09
4.546295469532390000e+15 5.247412867333558007e-09
4.641588833612773000e+15 4.785800464465994179e-09
4.738879609717651000e+15 4.360367034059752519e-09
4.838209664925957000e+15 3.968510363474203995e-09
4.939621743878326000e+15 3.607839938370411556e-09
5.043159487171349000e+15 3.276355355367755126e-09
5.148867450137487000e+15 2.972108746737194761e-09
5.256791122018419000e+15 2.693049424619257598e-09
5.366976945540476000e+15 2.437295918861087970e-09
5.479472336900292000e+15 2.203256793925741357e-09
5.594325706169389000e+15 1.989393376049448317e-09
5.711586478126423000e+15 1.794113434934145484e-09
5.831305113526218000e+15 1.615958674229375031e-09
5.953533130814370000e+15 1.453684616764890414e-09
6.078323128297236000e+15 1.306096559543093396e-09
6.205728806776513000e+15 1.171978020828306808e-09
6.335804992658241000e+15 1.050217336957707729e-09
6.468607661546321000e+15 9.398590757942292669e-10
6.604193962330306000e+15 8.399925564850695303e-10
6.742622241778349000e+15 7.497044962570326403e-10
6.883952069645510000e+15 6.681625950975556926e-10
7.028244264308338000e+15 5.946476101672398024e-10
7.175560918936921000e+15 5.284789416581000321e-10
7.325965428215230000e+15 4.689838096486420918e-10
7.479522515621829000e+15 4.155510946501898630e-10
7.636298261282257000e+15 3.676506229793547312e-10
7.796360130405221000e+15 3.247844060433262850e-10
7.959777002314978000e+15 2.864668935561881565e-10
8.126619200091945000e+15 2.522587164937807348e-10
8.296958520834915000e+15 2.217777690052128472e-10
8.470868266557420000e+15 1.946678593984783594e-10
8.648423275731709000e+15 1.705862446365803947e-10
8.829699955494083000e+15 1.492241360699745806e-10
9.014776314524918000e+15 1.303127034537063462e-10
9.203731996618230000e+15 1.136033073106945214e-10
9.396648314954710000e+15 9.885973230969310818e-11
9.593608287093126000e+15 8.587021828634303790e-11
9.794696670695384000e+15 7.445045331787079646e-11
