1.020960662306047603e+07 8.228987901991540355e+01
1.042360673976401053e+07 8.073953360227666565e+01
1.064209244064724632e+07 7.921873031004366794e+01
1.086515774652537145e+07 7.772664841539537406e+01
1.109289864895222709e+07 7.626254281081588715e+01
1.132541315152812563e+07 7.482613399040901925e+01
1.156280131207375228e+07 7.341708996717063940e+01
1.180516528568805568e+07 7.203464973860553755e+01
1.205260936870841496e+07 7.067812255676993516e+01
1.230524004359261692e+07 6.934725052585378080e+01
1.256316602474121563e+07 6.804172692957139645e+01
1.282649830528059974e+07 6.676084612327022683e+01
1.309535020482667536e+07 6.550396773419764429e+01
1.336983741824945062e+07 6.427085381479609794e+01
1.365007806546013802e+07 6.306122099849032026e+01
1.393619274224143475e+07 6.187441495222332577e+01
1.422830457214351930e+07 6.070984198772404028e+01
1.452653925946781226e+07 5.956728257046290764e+01
1.483102514336102828e+07 5.844647490876889151e+01
1.514189325304351933e+07 5.734681223174815301e+01
1.545927736419478431e+07 5.626774411752077754e+01
1.578331405652116425e+07 5.520906802646024403e+01
1.611414277253019996e+07 5.417054210096400624e+01
1.645190587753660791e+07 5.315160365932135278e+01
1.679674872092653066e+07 5.215174237805312885e+01
1.714881969870540872e+07 5.117077140351867826e+01
1.750827031735723466e+07 5.020846729698847355e+01
1.787525525904235244e+07 4.926430824656392105e+01
1.824993244816150516e+07 4.833782109334033095e+01
1.863246311931559816e+07 4.742883345953193697e+01
1.902301188668945804e+07 4.653713892611182246e+01
1.942174681489024311e+07 4.566225356800983093e+01
1.982883949127071351e+07 4.480373867110753139e+01
2.024446509976801649e+07 4.396143521830034473e+01
2.066880249629081786e+07 4.313515251648079385e+01
2.110203428568596393e+07 4.232444176256230861e+01
2.154434690031882003e+07 4.152889616803008721e+01
2.199593068030074611e+07 4.074836904692764961e+01
2.245697995539776236e+07 3.998268423576647734e+01
2.292769312865648791e+07 3.923142549173129368e+01
2.340827276178294048e+07 3.849421561857575824e+01
2.389892566231048107e+07 3.777091930966632560e+01
2.439986297259550542e+07 3.706137382637019329e+01
2.491130026067791134e+07 3.636519311274572885e+01
2.543345761304648221e+07 3.568202740068541345e+01
2.596655972934872285e+07 3.501175188600327459e+01
2.651083601908536255e+07 3.435421623405143521e+01
2.706652070033241063e+07 3.370906237479477596e+01
2.763385290053172782e+07 3.307596596533024780e+01
2.821307675939470530e+07 3.245481189258455146e+01
2.880444153396297619e+07 3.184546128270650556e+01
2.940820170587060601e+07 3.124758201286748616e+01
3.002461709085549042e+07 3.066087330783260967e+01
3.065395295056529716e+07 3.008522899771770298e+01
3.129648010670750216e+07 2.952052079781772420e+01
3.195247505759213492e+07 2.896644064256052076e+01
3.262222009711666778e+07 2.842270960358182563e+01
3.330600343624588847e+07 2.788922976368088058e+01
3.400411932703709602e+07 2.736588262192720933e+01
3.471686818926559389e+07 2.685238241816243487e+01
3.544455673970435560e+07 2.634847047628188932e+01
3.618749812411276251e+07 2.585405649454245491e+01
3.694601205199302733e+07 2.536903101119629156e+01
3.772042493417001516e+07 2.489312894819411426e+01
3.851107002325568348e+07 2.442611040412911905e+01
3.931828755705770105e+07 2.396789210408136128e+01
4.014242490499317646e+07 2.351837293760277703e+01
4.098383671757261455e+07 2.307730700415566716e+01
4.184288507901584357e+07 2.264447180772866020e+01
4.271993966306776553e+07 2.221979055684344218e+01
4.361537789208005369e+07 2.180316985708071442e+01
4.452958509942659736e+07 2.139438159054617472e+01
4.546295469532398880e+07 2.099321939742227272e+01
4.641588833612781763e+07 2.059961246845945482e+01
4.738879609717650712e+07 2.021347453789402948e+01
4.838209664925957471e+07 1.983459397787475709e+01
4.939621743878325820e+07 1.946277938849299716e+01
5.043159487171358615e+07 1.909796547982058001e+01
5.148867450137497485e+07 1.874007257250533698e+01
5.256791122018418461e+07 1.838890433002443459e+01
5.366976945540475845e+07 1.804428322239677840e+01
5.479472336900292337e+07 1.770614905211869328e+01
5.594325706169377267e+07 1.737442822456093694e+01
5.711586478126434237e+07 1.704893858374583715e+01
5.831305113526218385e+07 1.672951545960132336e+01
5.953533130814369768e+07 1.641610335261618658e+01
6.078323128297235817e+07 1.610863428950747434e+01
6.205728806776500493e+07 1.580693926522177861e+01
6.335804992658253759e+07 1.551086553324528161e+01
6.468607661546321213e+07 1.522036192808612931e+01
6.604193962330305576e+07 1.493536566992625225e+01
6.742622241778348386e+07 1.465571994992168214e+01
6.883952069645495713e+07 1.438128307721553512e+01
7.028244264308351278e+07 1.411200788456782362e+01
7.175560918936920166e+07 1.384783639006079881e+01
7.325965428215231001e+07 1.358862309607450669e+01
7.479522515621829033e+07 1.333423656303569338e+01
7.636298261282241344e+07 1.308463331202044344e+01
7.796360130405236781e+07 1.283975979358967656e+01
7.959777002314977348e+07 1.259948100079138200e+01
8.126619200091944635e+07 1.236367499981664864e+01
8.296958520834915340e+07 1.213230171404603297e+01
8.470868266557401419e+07 1.190531168870131573e+01
8.648423275731725991e+07 1.168257964697444784e+01
8.829699955494081974e+07 1.146399246973524910e+01
9.014776314524917305e+07 1.124951321862391218e+01
9.203731996618229151e+07 1.103909622151786252e+01
9.396648314954690635e+07 1.083262522652574411e+01
9.593608287093147635e+07 1.062999528862265031e+01
9.794696670695386827e+07 1.043117236403145576e+01
1.000000000000000000e+08 1.023611427508238769e+01
1.020960662306047529e+08 1.004471314089312450e+01
1.042360673976403177e+08 9.856871596722138307e+00
1.064209244064722359e+08 9.672558268590753627e+00
1.086515774652537256e+08 9.491734206834209431e+00
1.109289864895222783e+08 9.314299295464071093e+00
1.132541315152812600e+08 9.140163199447082221e+00
1.156280131207377762e+08 8.969297007121756593e+00
1.180516528568803072e+08 8.801664750842881801e+00
1.205260936870841384e+08 8.637173517288093905e+00
1.230524004359261543e+08 8.475739490872834736e+00
1.256316602474121451e+08 8.317336030861858021e+00
1.282649830528062433e+08 8.161929924145399085e+00
1.309535020482665002e+08 8.009434938910558799e+00
1.336983741824945360e+08 7.859773305950228384e+00
1.365007806546013653e+08 7.712920478801559732e+00
1.393619274224143326e+08 7.568845788760626192e+00
1.422830457214354575e+08 7.427469202256043346e+00
1.452653925946778059e+08 7.288718557912344131e+00
1.483102514336102903e+08 7.152571240467345604e+00
1.514189325304352045e+08 7.018998931570101796e+00
1.545927736419478357e+08 6.887927347747369033e+00
1.578331405652119517e+08 6.759289528799553359e+00
1.611414277253016531e+08 6.633064640295448733e+00
1.645190587753660679e+08 6.509226534886658477e+00
1.679674872092653215e+08 6.387706263621645064e+00
1.714881969870540798e+08 6.268441690490813123e+00
1.750827031735726893e+08 6.151413623133835884e+00
1.787525525904231668e+08 6.036597919537827650e+00
1.824993244816150367e+08 5.923930579865511525e+00
1.863246311931559741e+08 5.813353942782058859e+00
1.902301188668946028e+08 5.704850329988153668e+00
1.942174681489028633e+08 5.598397451675483971e+00
1.982883949127075374e+08 5.493935899760133523e+00
2.024446509976801872e+08 5.391412163528982227e+00
2.066880249629082084e+08 5.290809960613719554e+00
2.110203428568596542e+08 5.192108711974627866e+00
2.154434690031886399e+08 5.095253269841899524e+00
2.199593068030070364e+08 5.000193973654769586e+00
2.245697995539771616e+08 4.906915827979196010e+00
2.292769312865648568e+08 4.815399833901998328e+00
2.340827276178294122e+08 4.725594796588878488e+00
2.389892566231052577e+08 4.637454626989325313e+00
2.439986297259555161e+08 4.550965516096721508e+00
2.491130026067785919e+08 4.466109924402705822e+00
2.543345761304648221e+08 4.382840324911039254e+00
2.596655972934872508e+08 4.301113941761520287e+00
2.651083601908541918e+08 4.220918059605470063e+00
2.706652070033235550e+08 4.142236486826732289e+00
2.763385290053166747e+08 4.065025099864986835e+00
2.821307675939470530e+08 3.989244196470281612e+00
2.880444153396297693e+08 3.914882069432656042e+00
2.940820170587067008e+08 3.841923771977548530e+00
3.002461709085555673e+08 3.770328338732935158e+00
3.065395295056523085e+08 3.700058918927977558e+00
3.129648010670750141e+08 3.631104734571389159e+00
3.195247505759213567e+08 3.563451988536142423e+00
3.262222009711673260e+08 3.497062646179266210e+00
3.330600343624581695e+08 3.431902502207764272e+00
3.400411932703702450e+08 3.367961635044284474e+00
3.471686818926559091e+08 3.305227309290897697e+00
3.544455673970435262e+08 3.243664210049167274e+00
3.618749812411283851e+08 3.183240586436819619e+00
3.694601205199309587e+08 3.123947306159970072e+00
3.772042493416993618e+08 3.065772614338837521e+00
3.851107002325568795e+08 3.008683720069306400e+00
3.931828755705770254e+08 2.952651149734562441e+00
4.014242490499325991e+08 2.897666498397186707e+00
4.098383671757252812e+08 2.843718916638831473e+00
4.184288507901575565e+08 2.790777956021028405e+00
4.271993966306776404e+08 2.738816255867833505e+00
4.361537789208005667e+08 2.687826081494043784e+00
4.452958509942659736e+08 2.637797419618912009e+00
4.546295469532408714e+08 2.588701995857632721e+00
4.641588833612772226e+08 2.540514410071682772e+00
4.738879609717651010e+08 2.493227545170299209e+00
4.838209664925957322e+08 2.446832159978471477e+00
4.939621743878325820e+08 2.401301997915288755e+00
5.043159487171348333e+08 2.356613478058111166e+00
5.148867450137487054e+08 2.312760052321559900e+00
5.256791122018419504e+08 2.269733192492866092e+00
5.366976945540476441e+08 2.227508514864633860e+00
5.479472336900292635e+08 2.186064126615372416e+00
5.594325706169389486e+08 2.145394003885717993e+00
5.711586478126422167e+08 2.105490276791314841e+00
5.831305113526217937e+08 2.066330300017343635e+00
5.953533130814369917e+08 2.027893747260920421e+00
6.078323128297235966e+08 1.990175077580798702e+00
6.205728806776486635e+08 1.953167028949132744e+00
6.335804992658240795e+08 1.916848569694125093e+00
6.468607661546320915e+08 1.881200827239802864e+00
6.604193962330304384e+08 1.846218705488179124e+00
6.742622241778348684e+08 1.811895503643192518e+00
6.883952069645509720e+08 1.778211687928543450e+00
7.028244264308338165e+08 1.745149734874871017e+00
7.175560918936921358e+08 1.712704958114331655e+00
7.325965428215229511e+08 1.680871175028023190e+00
7.479522515621827841e+08 1.649630242334861219e+00
7.636298261282258034e+08 1.618965888625145011e+00
7.796360130405220985e+08 1.588873804887785735e+00
7.959777002314977646e+08 1.559348286912106918e+00
8.126619200091946125e+08 1.530372482265194733e+00
8.296958520834914446e+08 1.501931281564215848e+00
8.470868266557419300e+08 1.474020723316510129e+00
8.648423275731709003e+08 1.446635544984449462e+00
8.829699955494083166e+08 1.419760092515400141e+00
9.014776314524917603e+08 1.393380335044779317e+00
9.203731996618230343e+08 1.367492631080449828e+00
9.396648314954710007e+08 1.342092125828926008e+00
9.593608287093126774e+08 1.317164277823300811e+00
9.794696670695385933e+08 1.292696057236568663e+00
1.000000000000000000e+09 1.268684117218127350e+00
1.020960662306047559e+09 1.245123979383827351e+00
1.042360673976403356e+09 1.222002135232810316e+00
1.064209244064726830e+09 1.199306484089978753e+00
1.086515774652537346e+09 1.177033950377385008e+00
1.109289864895222664e+09 1.155180403178114323e+00
1.132541315152812481e+09 1.133733293070870785e+00
1.156280131207372904e+09 1.112681381853005025e+00
1.180516528568803072e+09 1.092021843663751657e+00
1.205260936870841503e+09 1.071750868326624806e+00
1.230524004359261513e+09 1.051856796938607230e+00
1.256316602474121332e+09 1.032329191889092446e+00
1.282649830528062582e+09 1.013165457184409757e+00
1.309535020482670307e+09 9.943620787033409236e-01
1.336983741824945211e+09 9.759082244241802373e-01
1.365007806546013832e+09 9.577941999270245255e-01
1.393619274224143505e+09 9.400176207775892134e-01
1.422830457214349031e+09 9.225752461203771126e-01
1.452653925946778297e+09 9.054570117576190569e-01
1.483102514336102724e+09 8.886539131896237231e-01
1.514189325304351807e+09 8.721637606843197776e-01
1.545927736419478655e+09 8.559835655956695710e-01
1.578331405652119875e+09 8.401039767405371617e-01
1.611414277253023148e+09 8.245166301121911179e-01
1.645190587753660679e+09 8.092195151435911393e-01
1.679674872092653036e+09 7.942098759585942691e-01
1.714881969870540857e+09 7.794790235136521694e-01
1.750827031735726833e+09 7.650191884373095386e-01
1.787525525904231787e+09 7.508285250039611336e-01
1.824993244816150427e+09 7.369044921586819230e-01
1.863246311931559801e+09 7.232390157792040197e-01
1.902301188668945789e+09 7.098248785675355110e-01
1.942174681489028454e+09 6.966603864522274980e-01
1.982883949127075434e+09 6.837431966220632873e-01
2.024446509976801872e+09 6.710658060451913931e-01
2.066880249629082203e+09 6.586215100065381245e-01
2.110203428568596601e+09 6.464087539324954168e-01
2.154434690031886578e+09 6.344253779528207238e-01
2.199593068030070305e+09 6.226644094409959918e-01
2.245697995539771557e+09 6.111196196116055468e-01
2.292769312865648746e+09 5.997895821982793807e-01
2.340827276178294182e+09 5.886723061370591203e-01
2.389892566231052876e+09 5.777613114404946959e-01
2.439986297259555340e+09 5.670508112380177046e-01
2.491130026067785740e+09 5.565394972599198020e-01
2.543345761304647923e+09 5.462255342011659298e-01
2.596655972934872150e+09 5.361028996513912404e-01
2.651083601908541679e+09 5.261662170909880976e-01
2.706652070033235550e+09 5.164142867474372789e-01
2.763385290053166866e+09 5.068454170268390513e-01
2.821307675939470768e+09 4.974540105502087695e-01
2.880444153396297932e+09 4.882350718485858887e-01
2.940820170587066650e+09 4.791875009022915632e-01
3.002461709085555077e+09 4.703097387054282486e-01
3.065395295056523800e+09 4.615965826925828575e-01
3.129648010670750618e+09 4.530433912550171915e-01
3.195247505759213448e+09 4.446491560692109046e-01
3.262222009711673260e+09 4.364124404499231669e-01
3.330600343624581814e+09 4.283284085916884143e-01
3.400411932703702450e+09 4.203927475051539853e-01
3.471686818926559448e+09 4.126045331484645695e-01
3.544455673970435619e+09 4.049624416764297519e-01
3.618749812411283970e+09 3.974619779972191069e-01
3.694601205199309826e+09 3.900991343120557286e-01
3.772042493416993618e+09 3.828730640337514868e-01
3.851107002325568676e+09 3.757825474056956661e-01
3.931828755705770016e+09 3.688234058648969249e-01
4.014242490499325752e+09 3.619919150592597057e-01
4.098383671757252693e+09 3.552872995680080304e-01
4.184288507901576042e+09 3.487084356442769484e-01
4.271993966306777000e+09 3.422514388006576147e-01
4.361537789208005905e+09 3.359128479426352065e-01
4.452958509942660332e+09 3.296919530308531909e-01
4.546295469532408714e+09 3.235877188718489506e-01
4.641588833612771988e+09 3.175965342005818148e-01
4.738879609717651367e+09 3.117151824430237084e-01
4.838209664925957680e+09 3.059430136136304657e-01
4.939621743878325462e+09 3.002790741893340831e-01
5.043159487171347618e+09 2.947200067665252110e-01
5.148867450137486458e+09 2.892628218934393813e-01
5.256791122018419266e+09 2.839069247379502614e-01
5.366976945540475845e+09 2.786514370935539442e-01
5.479472336900292397e+09 2.734932374381192632e-01
5.594325706169388771e+09 2.684295472915014802e-01
5.711586478126422882e+09 2.634598224640700148e-01
5.831305113526218414e+09 2.585832542026436642e-01
5.953533130814370155e+09 2.537969401682980131e-01
6.078323128297236443e+09 2.490982978590993713e-01
6.205728806776488304e+09 2.444868295770824262e-01
6.335804992658241272e+09 2.399617906100493525e-01
6.468607661546320915e+09 2.355204822961731725e-01
6.604193962330305099e+09 2.311605041899385815e-01
6.742622241778348923e+09 2.268814012663804558e-01
6.883952069645509720e+09 2.226824878601550151e-01
7.028244264308338165e+09 2.185612545845141697e-01
7.175560918936921120e+09 2.145154701247475315e-01
7.325965428215229988e+09 2.105447186159238593e-01
7.479522515621828079e+09 2.066483688309853350e-01
7.636298261282225609e+09 2.028240872818941609e-01
7.796360130405220985e+09 1.990697997830551680e-01
7.959777002314977646e+09 1.953851263989191400e-01
8.126619200091945648e+09 1.917694860871106965e-01
8.296958520834915161e+09 1.882207088349208968e-01
8.470868266557419777e+09 1.847368664413440165e-01
8.648423275731708527e+09 1.813176119289039157e-01
8.829699955494083405e+09 1.779624105153835290e-01
9.014776314524917603e+09 1.746692441234307114e-01
9.203731996618228912e+09 1.714363201889798627e-01
9.396648314954671860e+09 1.682633219595701668e-01
9.593608287093128204e+09 1.651497572919430057e-01
9.794696670695384979e+09 1.620937493253995221e-01
1.000000000000000000e+10 1.590936315229032338e-01
1.020960662306047440e+10 1.561491148448438393e-01
1.042360673976403236e+10 1.532597464459395098e-01
1.064209244064726830e+10 1.504237807246247283e-01
1.086515774652537155e+10 1.476396682474009625e-01
1.109289864895222664e+10 1.449071453774148921e-01
1.132541315152812576e+10 1.422257954851943451e-01
1.156280131207373047e+10 1.395939949786689782e-01
1.180516528568803024e+10 1.370103032399431486e-01
1.205260936870841217e+10 1.344744799123348267e-01
1.230524004359261703e+10 1.319861417381612001e-01
1.256316602474121475e+10 1.295437785420250343e-01
1.282649830528062630e+10 1.271460508245808863e-01
1.309535020482670403e+10 1.247927395583294657e-01
1.336983741824945259e+10 1.224834922343582128e-01
1.365007806546013641e+10 1.202169041103806624e-01
1.393619274224143410e+10 1.179917296574614360e-01
1.422830457214348984e+10 1.158077693842043815e-01
1.452653925946778107e+10 1.136646991105213916e-01
1.483102514336102867e+10 1.115612121105090671e-01
1.514189325304351997e+10 1.094961501860320235e-01
1.545927736419478416e+10 1.074693317346268051e-01
1.578331405652119637e+10 1.054804586731560717e-01
1.611414277253023148e+10 1.035283154008829754e-01
1.645190587753660774e+10 1.016118248834556453e-01
1.679674872092653275e+10 9.973082189413180754e-02
1.714881969870541000e+10 9.788503238835241649e-02
1.750827031735726929e+10 9.607332548756125634e-02
1.787525525904231644e+10 9.429469959278821700e-02
1.824993244816150284e+10 9.254900446347982812e-02
1.863246311931559753e+10 9.083598819494234644e-02
1.902301188668945694e+10 8.915459868144262612e-02
1.942174681489028549e+10 8.750390443818317765e-02
1.982883949127075195e+10 8.588376893468412099e-02
2.024446509976801682e+10 8.429396065550084916e-02
2.066880249629082108e+10 8.273350073905053059e-02
2.110203428568596649e+10 8.120152287187405726e-02
2.154434690031886673e+10 7.969790306196976315e-02
2.199593068030070114e+10 7.822242856852763826e-02
2.245697995539771652e+10 7.677418863685102346e-02
2.292769312865648651e+10 7.535237753284877715e-02
2.340827276178294373e+10 7.395688272748177083e-02
2.389892566231052399e+10 7.258750876606022417e-02
2.439986297259555435e+10 7.124340822652941441e-02
2.491130026067786026e+10 6.992383168811196203e-02
2.543345761304648209e+10 6.862867709773742830e-02
2.596655972934872437e+10 6.735776491443706826e-02
2.651083601908541489e+10 6.611030661184041923e-02
2.706652070033235550e+10 6.488560511913651907e-02
2.763385290053166962e+10 6.368356795364323031e-02
2.821307675939470673e+10 6.250403022272862930e-02
2.880444153396297836e+10 6.134625817222753158e-02
2.940820170587066650e+10 6.020960339876281486e-02
3.002461709085555267e+10 5.909398215939993398e-02
3.065395295056523514e+10 5.799924304350651677e-02
3.129648010670750427e+10 5.692470323634168244e-02
3.195247505759213638e+10 5.586975958079694327e-02
3.262222009711672974e+10 5.483433631167551614e-02
3.330600343624581909e+10 5.381829442505809552e-02
3.400411932703702927e+10 5.282099848351632515e-02
3.471686818926559448e+10 5.184188739706533516e-02
3.544455673970435333e+10 5.088089267964787665e-02
3.618749812411283875e+10 4.993788674310528641e-02
3.694601205199309540e+10 4.901227821614562857e-02
3.772042493416993713e+10 4.810354512196406140e-02
3.851107002325569153e+10 4.721162561305799338e-02
3.931828755705770111e+10 4.633640260385017695e-02
4.014242490499325562e+10 4.547732571130819884e-02
4.098383671757252502e+10 4.463390932673631795e-02
4.184288507901576233e+10 4.380609765432649794e-02
4.271993966306776428e+10 4.299378326936701550e-02
4.361537789208005524e+10 4.219645391596511808e-02
4.452958509942659760e+10 4.141365780264644886e-02
4.546295469532408905e+10 4.064534464744119086e-02
4.641588833612772369e+10 3.989141591108761459e-02
4.738879609717650604e+10 3.915139480494253532e-02
4.838209664925956726e+10 3.842486098417238760e-02
4.939621743878325653e+10 3.771176918804659134e-02
5.043159487171348572e+10 3.701202904816049827e-02
5.148867450137487030e+10 3.632519677041807366e-02
5.256791122018418884e+10 3.565088125345176884e-02
5.366976945540475464e+10 3.498904180662761737e-02
5.479472336900292206e+10 3.433959557416482039e-02
5.594325706169388580e+10 3.370212945756522610e-02
5.711586478126422882e+10 3.307627955130579278e-02
5.831305113526218414e+10 3.246200932178638920e-02
5.953533130814369965e+10 3.185924281956940829e-02
6.078323128297235870e+10 3.126759550426377876e-02
6.205728806776487732e+10 3.068672876301368341e-02
6.335804992658241272e+10 3.011660984132246560e-02
6.468607661546320343e+10 2.955716913754667316e-02
6.604193962330305481e+10 2.900804868202528503e-02
6.742622241778349304e+10 2.846893338559128989e-02
6.883952069645510864e+10 2.793979392703709388e-02
7.028244264308338928e+10 2.742056653820231990e-02
7.175560918936921692e+10 2.691091797213956971e-02
7.325965428215229797e+10 2.641055501910278061e-02
7.479522515621827698e+10 2.591945147490705773e-02
7.636298261282226562e+10 2.543754893117846499e-02
7.796360130405221558e+10 2.496453714530565832e-02
7.959777002314976501e+10 2.450014325851279304e-02
8.126619200091944885e+10 2.404434389443602799e-02
8.296958520834915161e+10 2.359708556840201324e-02
8.470868266557418823e+10 2.315807944415028755e-02
8.648423275731707764e+10 2.272707159297890356e-02
8.829699955494082642e+10 2.230404120205699281e-02
9.014776314524917603e+10 2.188893930892348710e-02
9.203731996618229675e+10 2.148149699759366316e-02
9.396648314954670715e+10 2.108147794853892920e-02
9.593608287093125916e+10 2.068886367100061796e-02
9.794696670695385742e+10 2.030360935511334869e-02
1.000000000000000000e+11 1.992546462313613334e-02
1.020960662306047516e+11 1.955420953664247993e-02
1.042360673976403351e+11 1.918982770645897770e-02
1.064209244064726715e+11 1.883227813516923435e-02
1.086515774652537231e+11 1.848132769783003559e-02
1.109289864895222778e+11 1.813677169542271886e-02
1.132541315152812653e+11 1.779859563906074568e-02
1.156280131207372894e+11 1.746676203067002234e-02
1.180516528568803101e+11 1.714105380260760522e-02
1.205260936870841370e+11 1.682128043370667916e-02
1.230524004359261475e+11 1.650742915168246228e-02
1.256316602474121399e+11 1.619946566975963634e-02
1.282649830528062439e+11 1.589718786556267374e-02
1.309535020482670288e+11 1.560041840872522859e-02
1.336983741824945221e+11 1.530914607605206833e-02
1.365007806546013794e+11 1.502333952704684207e-02
1.393619274224143372e+11 1.474281055020343865e-02
1.422830457214349060e+11 1.446739408818114442e-02
1.452653925946778259e+11 1.419708031414518810e-02
1.483102514336102905e+11 1.393184059006632829e-02
1.514189325304352112e+11 1.367149965312356580e-02
1.545927736419478455e+11 1.341590386551603890e-02
1.578331405652119751e+11 1.316504465764073255e-02
1.611414277253023071e+11 1.291889586971926331e-02
1.645190587753660583e+11 1.267729429246756273e-02
1.679674872092653198e+11 1.244009691398166237e-02
1.714881969870540771e+11 1.220729629518383166e-02
1.750827031735719604e+11 1.197886854831468374e-02
1.787525525904231873e+11 1.175466168489599020e-02
1.824993244816150513e+11 1.153454258084739975e-02
1.863246311931559753e+11 1.131850481227247851e-02
1.902301188668945618e+11 1.110652657384269930e-02
1.942174681489028320e+11 1.089846632313161770e-02
1.982883949127075500e+11 1.069420013744581087e-02
2.024446509976802063e+11 1.049372250316268906e-02
2.066880249629082031e+11 1.029701352309395947e-02
2.110203428568596497e+11 1.010394138002526643e-02
2.154434690031877747e+11 9.914390714236748225e-03
2.199593068030070190e+11 9.728356827008720689e-03
2.245697995539771729e+11 9.545821569081550453e-03
2.292769312865648804e+11 9.366662177761157781e-03
2.340827276178294067e+11 9.190771262496077315e-03
2.389892566231052551e+11 9.018144852841164516e-03
2.439986297259555054e+11 8.848766400243613522e-03
2.491130026067796021e+11 8.682521572438501450e-03
2.543345761304648132e+11 8.519310395734861971e-03
2.596655972934872437e+11 8.359129549305212292e-03
2.651083601908530884e+11 8.201963950028135636e-03
2.706652070033235779e+11 8.047707115341874370e-03
2.763385290053167114e+11 7.896265974655638717e-03
2.821307675939470825e+11 7.747637785407783875e-03
2.880444153396297607e+11 7.601808805646887574e-03
2.940820170587066650e+11 7.458679862092559842e-03
3.002461709085555420e+11 7.318164309344018549e-03
3.065395295056536255e+11 7.180259918420352390e-03
3.129648010670750732e+11 7.044954174420331450e-03
3.195247505759213257e+11 6.912154710410766886e-03
3.262222009711659546e+11 6.781780861593009885e-03
3.330600343624581909e+11 6.653830853987905032e-03
3.400411932703702393e+11 6.528293294942887071e-03
3.471686818926559448e+11 6.405082155813650487e-03
3.544455673970435181e+11 6.284122338790094561e-03
3.618749812411284180e+11 6.165412471889728137e-03
3.694601205199309692e+11 6.048942188504578994e-03
3.772042493417008667e+11 5.934631362633224771e-03
3.851107002325568848e+11 5.822410078658899792e-03
3.931828755705770264e+11 5.712277318671807672e-03
4.014242490499309692e+11 5.604223653797524123e-03
4.098383671757252808e+11 5.498174455210925148e-03
4.184288507901575928e+11 5.394064631465828909e-03
4.271993966306776123e+11 5.291893475438826100e-03
4.361537789208005371e+11 5.191652414965539954e-03
4.452958509942659912e+11 5.093271940975388663e-03
4.546295469532408447e+11 4.996691453072393992e-03
4.641588833612791138e+11 4.901910515869651458e-03
4.738879609717650757e+11 4.808921339579738316e-03
4.838209664925957031e+11 4.717659183560767196e-03
4.939621743878305664e+11 4.628067628508309231e-03
5.043159487171348267e+11 4.540146475581647093e-03
5.148867450137487183e+11 4.453888649187095171e-03
5.256791122018419189e+11 4.369233850070802089e-03
5.366976945540476074e+11 4.286129551586691754e-03
5.479472336900292969e+11 4.204575759770034539e-03
5.594325706169388428e+11 4.124566050710253354e-03
5.711586478126446533e+11 4.046044262071875862e-03
5.831305113526218262e+11 3.968961491468365153e-03
5.953533130814368896e+11 3.893317921343254599e-03
6.078323128297211914e+11 3.819107722157351250e-03
6.205728806776488037e+11 3.746278585047437600e-03
6.335804992658240967e+11 3.674784982104279795e-03
6.468607661546320801e+11 3.604627246626805354e-03
6.604193962330305176e+11 3.535800090934249247e-03
6.742622241778348389e+11 3.468254795731220107e-03
6.883952069645510254e+11 3.401948975123156825e-03
7.028244264308366699e+11 3.336883090366612320e-03
7.175560918936921387e+11 3.273052347530109544e-03
7.325965428215229492e+11 3.210411371166664932e-03
7.479522515621828613e+11 3.148920701047573222e-03
7.636298261282225342e+11 3.088580905901527028e-03
7.796360130405220947e+11 3.029387641479078328e-03
7.959777002314978027e+11 2.971298647391886882e-03
8.126619200091945801e+11 2.914277187707913289e-03
8.296958520834915771e+11 2.858323920334730588e-03
8.470868266557419434e+11 2.803434910361741333e-03
8.648423275731743164e+11 2.749570799412710299e-03
8.829699955494082031e+11 2.696697388420541026e-03
9.014776314524916992e+11 2.644815408170131821e-03
9.203731996618229980e+11 2.593921296163845518e-03
9.396648314954670410e+11 2.543978397644737141e-03
9.593608287093126221e+11 2.494954875943490667e-03
9.794696670695385742e+11 2.446851520226027508e-03
1.000000000000000000e+12 2.399665106622929280e-03
1.020960662306047485e+12 2.353361499241841438e-03
1.042360673976403198e+12 2.307911061402360790e-03
1.064209244064726929e+12 2.263314627792405945e-03
1.086515774652537354e+12 2.219569282272541074e-03
1.109289864895222656e+12 2.176643235748803099e-03
1.132541315152812744e+12 2.134508900342623611e-03
1.156280131207372803e+12 2.093167144888350394e-03
1.180516528568802979e+12 2.052615332725588222e-03
1.205260936870841309e+12 2.012823861306239828e-03
1.230524004359261719e+12 1.973767050802484151e-03
1.256316602474121338e+12 1.935445794163275553e-03
1.282649830528062500e+12 1.897857708389532987e-03
1.309535020482670410e+12 1.860975228217919344e-03
1.336983741824945068e+12 1.824774450832925389e-03
1.365007806546013672e+12 1.789256284480998356e-03
1.393619274224143311e+12 1.754418576238002403e-03
1.422830457214348877e+12 1.720235659098301190e-03
1.452653925946778320e+12 1.686685285254699469e-03
1.483102514336102783e+12 1.653768370530165266e-03
1.514189325304351807e+12 1.621482970539356392e-03
1.545927736419478516e+12 1.589805187031977486e-03
1.578331405652119873e+12 1.558714313611879194e-03
1.611414277253023193e+12 1.528211266947331884e-03
1.645190587753660889e+12 1.498294291536868706e-03
1.679674872092653076e+12 1.468941137248159319e-03
1.714881969870540771e+12 1.440132533322550402e-03
1.750827031735719727e+12 1.411869391435398909e-03
1.787525525904231689e+12 1.384150127037580332e-03
1.824993244816150391e+12 1.356954025732438375e-03
1.863246311931559814e+12 1.330263153904833254e-03
1.902301188668945801e+12 1.304078413202937542e-03
1.942174681489028320e+12 1.278398373679868116e-03
1.982883949127075439e+12 1.253203751976148493e-03
2.024446509976801758e+12 1.228477859901894002e-03
2.066880249629082031e+12 1.204221584766138400e-03
2.110203428568596680e+12 1.180433636323525602e-03
2.154434690031877930e+12 1.157096064708106097e-03
2.199593068030070312e+12 1.134193341740916084e-03
2.245697995539771484e+12 1.111726336728532808e-03
2.292769312865648926e+12 1.089693885556359230e-03
2.340827276178293945e+12 1.068079280969166543e-03
2.389892566231052246e+12 1.046868075252321362e-03
2.439986297259555176e+12 1.026061116628109067e-03
2.491130026067796387e+12 1.005657354760013979e-03
2.543345761304647949e+12 9.856412403225480942e-04
2.596655972934872070e+12 9.659993319804564089e-04
2.651083601908530762e+12 9.467324543108013692e-04
2.706652070033235840e+12 9.278396595171079907e-04
2.763385290053166992e+12 9.093064772983228518e-04
2.821307675939470703e+12 8.911204036970575733e-04
2.880444153396297852e+12 8.732822375490496229e-04
2.940820170587066406e+12 8.557911233810748400e-04
3.002461709085555176e+12 8.386335963887437068e-04
3.065395295056536133e+12 8.217980257221932502e-04
3.129648010670750488e+12 8.052851827945699389e-04
3.195247505759213867e+12 7.890942951733967425e-04
3.262222009711660156e+12 7.732128350304327217e-04
3.330600343624582031e+12 7.576299847583200337e-04
3.400411932703702637e+12 7.423464870338953745e-04
3.471686818926559082e+12 7.273616440378242011e-04
3.544455673970435547e+12 7.126638010630195101e-04
3.618749812411284180e+12 6.982428979782506371e-04
3.694601205199310059e+12 6.840996477381479195e-04
3.772042493417008789e+12 6.702334194926071057e-04
3.851107002325568848e+12 6.566333721432177171e-04
3.931828755705770020e+12 6.432901510866901717e-04
4.014242490499309570e+12 6.302044388596242993e-04
4.098383671757252930e+12 6.173756646520499542e-04
4.184288507901576172e+12 6.047937455085777847e-04
4.271993966306776855e+12 5.924499839595709317e-04
4.361537789208005859e+12 5.803450316833411865e-04
4.452958509942660156e+12 5.684783716349599758e-04
4.546295469532409180e+12 5.568406273045946233e-04
4.641588833612791016e+12 5.454237132704185982e-04
4.738879609717650391e+12 5.342282501370015880e-04
4.838209664925957031e+12 5.232537689465387122e-04
4.939621743878305664e+12 5.124915514472377096e-04
5.043159487171347656e+12 5.019340822600466432e-04
5.148867450137486328e+12 4.915819508965839617e-04
5.256791122018418945e+12 4.814347313534542367e-04
5.366976945540475586e+12 4.714843187194412344e-04
5.479472336900291992e+12 4.617237285212139877e-04
5.594325706169388672e+12 4.521535193304147783e-04
5.711586478126446289e+12 4.427733034635410094e-04
5.831305113526218750e+12 4.335755474788101252e-04
5.953533130814370117e+12 4.245537613431428665e-04
6.078323128297210938e+12 4.157084729903750956e-04
6.205728806776487305e+12 4.070393288769225929e-04
6.335804992658241211e+12 3.985393279972823839e-04
6.468607661546321289e+12 3.902024407806224259e-04
6.604193962330305664e+12 3.820291649539352607e-04
6.742622241778348633e+12 3.740191773476344195e-04
6.883952069645509766e+12 3.661659730031472390e-04
7.028244264308366211e+12 3.584639511504540796e-04
7.175560918936920898e+12 3.509135798509488381e-04
7.325965428215229492e+12 3.435145629203889637e-04
7.479522515621797852e+12 3.362608575216058707e-04
7.636298261282225586e+12 3.291472621812925842e-04
7.796360130405220703e+12 3.221742159300368673e-04
7.959777002314977539e+12 3.153414465243054477e-04
8.126619200091945312e+12 3.086433416181480417e-04
8.296958520834915039e+12 3.020750715399368540e-04
8.470868266557419922e+12 2.956370470031698724e-04
8.648423275731745117e+12 2.893290169733030875e-04
8.829699955494082031e+12 2.831457701042398183e-04
9.014776314524917969e+12 2.770828229025786536e-04
9.203731996618228516e+12 2.711405585443385025e-04
9.396648314954669922e+12 2.653187447569292060e-04
9.593608287093126953e+12 2.596125436961310793e-04
9.794696670695386719e+12 2.540177941666560391e-04
1.000000000000000000e+13 2.485348526403651209e-04
1.020960662306047461e+13 2.431635034185379378e-04
1.042360673976403125e+13 2.378992565184559927e-04
1.064209244064726758e+13 2.327382507867807398e-04
1.086515774652537305e+13 2.276808168680167122e-04
1.109289864895222656e+13 2.227267536843350432e-04
1.132541315152812695e+13 2.178718952055472930e-04
1.156280131207373047e+13 2.131126595768983631e-04
1.180516528568803125e+13 2.084493525260096953e-04
1.205260936870841211e+13 2.038817858564044409e-04
1.230524004359261523e+13 1.994060951949478257e-04
1.256316602474121484e+13 1.950189586513602618e-04
1.282649830528062695e+13 1.907206579724109749e-04
1.309535020482670312e+13 1.865110162973013621e-04
1.336983741824945312e+13 1.823864501188125959e-04
1.365007806546013672e+13 1.783438794903870357e-04
1.393619274224143359e+13 1.743835631324808732e-04
1.422830457214349023e+13 1.705053341500573636e-04
1.452653925946778320e+13 1.667058705128543028e-04
1.483102514336102734e+13 1.629823174209833162e-04
1.514189325304351953e+13 1.593349115347120670e-04
1.545927736419478516e+13 1.557634947138504305e-04
1.578331405652119727e+13 1.522649883234083199e-04
1.611414277253023242e+13 1.488367470532227319e-04
1.645190587753660742e+13 1.454789864754763029e-04
1.679674872092653125e+13 1.421915561378249546e-04
1.714881969870541016e+13 1.389716039374838663e-04
1.750827031735719922e+13 1.358166794596312745e-04
1.787525525904231641e+13 1.327269781611907474e-04
1.824993244816150391e+13 1.297023563406794430e-04
1.863246311931559766e+13 1.267401727006924202e-04
1.902301188668945703e+13 1.238381581174654124e-04
1.942174681489028516e+13 1.209964889019515073e-04
1.982883949127075391e+13 1.182150272839559840e-04
2.024446509976801562e+13 1.154913281040725257e-04
2.066880249629082031e+13 1.128232908481874129e-04
2.110203428568596484e+13 1.102110736430735516e-04
2.154434690031877734e+13 1.076545439361028069e-04
2.199593068030070312e+13 1.051514390263836034e-04
2.245697995539771484e+13 1.026998151881393904e-04
2.292769312865648828e+13 1.002998133148418351e-04
2.340827276178294141e+13 9.795130545284671619e-05
2.389892566231052344e+13 9.565219860150981550e-05
2.439986297259555078e+13 9.340069480369197759e-05
2.491130026067785938e+13 9.119691865650088531e-05
2.543345761304648438e+13 8.904074627201079587e-05
2.596655972934872656e+13 8.693024245034530523e-05
2.651083601908530859e+13 8.486374473030032712e-05
2.706652070033235938e+13 8.284136233286462788e-05
2.763385290053166797e+13 8.086297497906269377e-05
2.821307675939470703e+13 7.892679417154028056e-05
2.880444153396297656e+13 7.703128336899347345e-05
2.940820170587066797e+13 7.517653731810656624e-05
3.002461709085555078e+13 7.336243896098609699e-05
3.065395295056535938e+13 7.158733615208215341e-05
3.129648010670750391e+13 6.984980934371489206e-05
3.195247505759213672e+13 6.814993969008769259e-05
3.262222009711659766e+13 6.648761302812866898e-05
3.330600343624581641e+13 6.486130391093207948e-05
3.400411932703702734e+13 6.326970146405647112e-05
3.471686818926559766e+13 6.171287410934093412e-05
3.544455673970435938e+13 6.019071030713140253e-05
3.618749812411284375e+13 5.870180230656637686e-05
3.694601205199309375e+13 5.724494015079720867e-05
3.772042493417008594e+13 5.582018036639464851e-05
3.851107002325568750e+13 5.442741381429080287e-05
3.931828755705770312e+13 5.306534204381289086e-05
4.014242490499309375e+13 5.173284878675150813e-05
4.098383671757252344e+13 5.042997948738126625e-05
4.184288507901575781e+13 4.915662722763203756e-05
4.271993966306776562e+13 4.791159502790250210e-05
4.361537789208005469e+13 4.669385357135237471e-05
4.452958509942659375e+13 4.550343800858588445e-05
4.546295469532408594e+13 4.434024350159735008e-05
4.641588833612791406e+13 4.320316724170725138e-05
4.738879609717650781e+13 4.209126058486074455e-05
4.838209664925957031e+13 4.100454915144732685e-05
4.939621743878305469e+13 3.994293007639305662e-05
5.043159487171348438e+13 3.890538791551093929e-05
5.148867450137487500e+13 3.789104884688985787e-05
5.256791122018419531e+13 3.689992969865559891e-05
5.366976945540475781e+13 3.593192950148458247e-05
5.479472336900292188e+13 3.498611383035307541e-05
5.594325706169388281e+13 3.406167823431380194e-05
5.711586478126446875e+13 3.315863146134623502e-05
5.831305113526218750e+13 3.227687438655705643e-05
5.953533130814369531e+13 3.141554768892590563e-05
6.078323128297210938e+13 3.057391120969942384e-05
6.205728806776487500e+13 2.975196630241316051e-05
6.335804992658241406e+13 2.894961565760429377e-05
6.468607661546320312e+13 2.816606954484601147e-05
6.604193962330304688e+13 2.740064736662333912e-05
6.742622241778349219e+13 2.665334374155414209e-05
6.883952069645510938e+13 2.592406316609476870e-05
7.028244264308367188e+13 2.521208036252478276e-05
7.175560918936920312e+13 2.451676988855453688e-05
7.325965428215229688e+13 2.383812026143773159e-05
7.479522515621796875e+13 2.317603779089884148e-05
7.636298261282225000e+13 2.252985686499748831e-05
7.796360130405220312e+13 2.189900309417675152e-05
7.959777002314978125e+13 2.128345950196586825e-05
8.126619200091945312e+13 2.068313423290993181e-05
8.296958520834914062e+13 2.009741688171666843e-05
8.470868266557418750e+13 1.952578029238910616e-05
8.648423275731743750e+13 1.896820257646817539e-05
8.829699955494082812e+13 1.842459374658629559e-05
9.014776314524917188e+13 1.789439445113389095e-05
9.203731996618229688e+13 1.737712121295630476e-05
9.396648314954671875e+13 1.687274778742262800e-05
9.593608287093126562e+13 1.638118609799236075e-05
9.794696670695385938e+13 1.590192398000030865e-05
1.000000000000000000e+14 1.543451832768919882e-05
1.020960662306047656e+14 1.497893907073720699e-05
1.042360673976403281e+14 1.453510009407105134e-05
1.064209244064726875e+14 1.410253282101708595e-05
1.086515774652537188e+14 1.368083144083460027e-05
1.109289864895222656e+14 1.326996256270528742e-05
1.132541315152812656e+14 1.286984208946742974e-05
1.156280131207372969e+14 1.248004168359912721e-05
1.180516528568803125e+14 1.210018996879825298e-05
1.205260936870841250e+14 1.173025071401234370e-05
1.230524004359261562e+14 1.137014190089424799e-05
1.256316602474121406e+14 1.101947231646223611e-05
1.282649830528062500e+14 1.067790236028615903e-05
1.309535020482670312e+14 1.034539341693109242e-05
1.336983741824945156e+14 1.002186561083274192e-05
1.365007806546013906e+14 9.706961958032937562e-06
1.393619274224143594e+14 9.400372164213920774e-06
1.422830457214349062e+14 9.102055661252921975e-06
1.452653925946778125e+14 8.811934782040970596e-06
1.483102514336102812e+14 8.529684081089367910e-06
1.514189325304351875e+14 8.255020277000362872e-06
1.545927736419478438e+14 7.987901256900991172e-06
1.578331405652119688e+14 7.728251628363868046e-06
1.611414277253023125e+14 7.475774985638178190e-06
1.645190587753660625e+14 7.230212932142641768e-06
1.679674872092653125e+14 6.991522194694957219e-06
1.714881969870540938e+14 6.759629721064360283e-06
1.750827031735719688e+14 6.534265825764466156e-06
1.787525525904231875e+14 6.315195022966698431e-06
1.824993244816150312e+14 6.102373240024345133e-06
1.863246311931559688e+14 5.895729828233006414e-06
1.902301188668945625e+14 5.695019670246373183e-06
1.942174681489028438e+14 5.500028360721025180e-06
1.982883949127075312e+14 5.310711365150567169e-06
2.024446509976801875e+14 5.127000498785717189e-06
2.066880249629082188e+14 4.948673217185121894e-06
2.110203428568596562e+14 4.775534499966917917e-06
2.154434690031877812e+14 4.607539665689556532e-06
2.199593068030070312e+14 4.444623050346402750e-06
2.245697995539771562e+14 4.286582833972465451e-06
2.292769312865648750e+14 4.133241811555597527e-06
2.340827276178294375e+14 3.984555447278427983e-06
2.389892566231052500e+14 3.840460650224970358e-06
2.439986297259555000e+14 3.700774613777975538e-06
2.491130026067785938e+14 3.565336496305417869e-06
2.543345761304648125e+14 3.434102178008864132e-06
2.596655972934872500e+14 3.307011188109737975e-06
2.651083601908530625e+14 3.183898150443844399e-06
2.706652070033235938e+14 3.064617244449401520e-06
2.763385290053167188e+14 2.949125014702543272e-06
2.821307675939470625e+14 2.837363651423888427e-06
2.880444153396298125e+14 2.729183745632210003e-06
2.940820170587066250e+14 2.624453257666773094e-06
3.002461709085555000e+14 2.523129622906383825e-06
3.065395295056535625e+14 2.425157726485484824e-06
3.129648010670750625e+14 2.330402774932573812e-06
3.195247505759213750e+14 2.238745364435114549e-06
3.262222009711659375e+14 2.150144025820743054e-06
3.330600343624581250e+14 2.064546365385126655e-06
3.400411932703702500e+14 1.981830957512960383e-06
3.471686818926559375e+14 1.901889977727641021e-06
3.544455673970435625e+14 1.824683235469081910e-06
3.618749812411283750e+14 1.750161076310409870e-06
3.694601205199310000e+14 1.678214291859717205e-06
3.772042493417008750e+14 1.608745662845216898e-06
3.851107002325568750e+14 1.541716439236774525e-06
3.931828755705770000e+14 1.477079715282166806e-06
4.014242490499310000e+14 1.414737439356080318e-06
4.098383671757253125e+14 1.354602099598474316e-06
4.184288507901576250e+14 1.296636527266933166e-06
4.271993966306776875e+14 1.240796565351124777e-06
4.361537789208005625e+14 1.186994342237620526e-06
4.452958509942660000e+14 1.135151226389522551e-06
4.546295469532408750e+14 1.085231750226450214e-06
4.641588833612791250e+14 1.037194495847145853e-06
4.738879609717650625e+14 9.909608725884359731e-07
4.838209664925956875e+14 9.464603675722360574e-07
4.939621743878305000e+14 9.036593136512694745e-07
5.043159487171348125e+14 8.625190123007693686e-07
5.148867450137486875e+14 8.229693265957209257e-07
5.256791122018418750e+14 7.849471608869066716e-07
5.366976945540476250e+14 7.484207272654139799e-07
5.479472336900293125e+14 7.133540162743613582e-07
5.594325706169389375e+14 6.796845837391601355e-07
5.711586478126446250e+14 6.473561051562682088e-07
5.831305113526218750e+14 6.163387305393049486e-07
5.953533130814370000e+14 5.865990984640888576e-07
6.078323128297211250e+14 5.580817576727636469e-07
6.205728806776487500e+14 5.307365596644744886e-07
6.335804992658241250e+14 5.045356314862112819e-07
6.468607661546320000e+14 4.794482079678151630e-07
6.604193962330305000e+14 4.554251872554390974e-07
6.742622241778348750e+14 4.324220484085710748e-07
6.883952069645510000e+14 4.104129155657844647e-07
7.028244264308366250e+14 3.893695572688305025e-07
7.175560918936921250e+14 3.692486292217469828e-07
7.325965428215230000e+14 3.500107322377845456e-07
7.479522515621797500e+14 3.316319891162204653e-07
7.636298261282225000e+14 3.140866288934277203e-07
7.796360130405220000e+14 2.973365203050168456e-07
7.959777002314977500e+14 2.813469189981438418e-07
8.126619200091946250e+14 2.660959302501757736e-07
8.296958520834916250e+14 2.515601599746542947e-07
8.470868266557420000e+14 2.377061887123934785e-07
8.648423275731745000e+14 2.245034954743331872e-07
8.829699955494082500e+14 2.119321349987187119e-07
9.014776314524917500e+14 1.999709965439566143e-07
9.203731996618230000e+14 1.885909108611433669e-07
9.396648314954671250e+14 1.777651811785802197e-07
9.593608287093126250e+14 1.674757628992551164e-07
9.794696670695385000e+14 1.577037258016237778e-07
1.000000000000000000e+15 1.484237255007940567e-07
1.020960662306047500e+15 1.396125197900173296e-07
1.042360673976403250e+15 1.312539014001129567e-07
1.064209244064722375e+15 1.233310093423542669e-07
1.086515774652537375e+15 1.158219319553696831e-07
1.109289864895222875e+15 1.087065389143640200e-07
1.132541315152812750e+15 1.019703837756843236e-07
1.156280131207377750e+15 9.559855599232557579e-08
1.180516528568803000e+15 8.957221490704504465e-08
1.205260936870841250e+15 8.387402408222984755e-08
1.230524004359261500e+15 7.849120972337659416e-08
1.256316602474121500e+15 7.341068655374684351e-08
1.282649830528062500e+15 6.861635119803111484e-08
1.309535020482665000e+15 6.409336590597350077e-08
1.336983741824945250e+15 5.983053142159316051e-08
1.365007806546013750e+15 5.581645755155814797e-08
1.393619274224143500e+15 5.203747040696772852e-08
1.422830457214354750e+15 4.848095691669777586e-08
1.452653925946778250e+15 4.513718615078204441e-08
1.483102514336102750e+15 4.199632925160016192e-08
1.514189325304352000e+15 3.904685813784124484e-08
1.545927736419478500e+15 3.627813026503161708e-08
1.578331405652119500e+15 3.368177066391049515e-08
1.611414277253016750e+15 3.124937609344020616e-08
1.645190587753660750e+15 2.897130320610085657e-08
1.679674872092653250e+15 2.683864461249084632e-08
1.714881969870541000e+15 2.484426479065227247e-08
1.750827031735726750e+15 2.298105006495590460e-08
1.787525525904231750e+15 2.124100206985934877e-08
1.824993244816150500e+15 1.961673113046350509e-08
1.863246311931559750e+15 1.810222256939050938e-08
1.902301188668945750e+15 1.669151761090065883e-08
1.942174681489028250e+15 1.537804342315382865e-08
1.982883949127067250e+15 1.415572791115578005e-08
2.024446509976801750e+15 1.301955860232949450e-08
2.066880249629082000e+15 1.196460003462985826e-08
2.110203428568596500e+15 1.098550490018208486e-08
2.154434690031886500e+15 1.007733535564431327e-08
2.199593068030070500e+15 9.235964427197277690e-09
2.245697995539771750e+15 8.457353087166488957e-09
2.292769312865648500e+15 7.737198249652183353e-09
2.340827276178294500e+15 7.071529402234171921e-09
2.389892566231052500e+15 6.456992139685656966e-09
2.439986297259545000e+15 5.890323196733321248e-09
2.491130026067786000e+15 5.368100458056886653e-09
2.543345761304648500e+15 4.887169877283044289e-09
2.596655972934872000e+15 4.444842135003802369e-09
2.651083601908541500e+15 4.038516607109884110e-09
2.706652070033235500e+15 3.665506334966585213e-09
2.763385290053167000e+15 3.323338580537346147e-09
2.821307675939470500e+15 3.009888513752908115e-09
2.880444153396297500e+15 2.723113696017423610e-09
2.940820170587066500e+15 2.460933308287726785e-09
3.002461709085543000e+15 2.221436061862818141e-09
3.065395295056523500e+15 2.002969065193825409e-09
3.129648010670750500e+15 1.803953125898977329e-09
3.195247505759214000e+15 1.622800640384415002e-09
3.262222009711673500e+15 1.458056704132476272e-09
3.330600343624582000e+15 1.308456707969027447e-09
3.400411932703702500e+15 1.172799842663742465e-09
3.471686818926559500e+15 1.049894093321305316e-09
3.544455673970435500e+15 9.386500431608835948e-10
3.618749812411284000e+15 8.381171301457751065e-10
3.694601205199294500e+15 7.473983983103864368e-10
3.772042493416993500e+15 6.656141812105116684e-10
3.851107002325568500e+15 5.919630526071048885e-10
3.931828755705770000e+15 5.257438770661896168e-10
4.014242490499326000e+15 4.662993050324222110e-10
4.098383671757253000e+15 4.129921278847149858e-10
4.184288507901576000e+15 3.652438942046213315e-10
4.271993966306776500e+15 3.225477666212558116e-10
4.361537789208006000e+15 2.844317011856531792e-10
4.452958509942660000e+15 2.504432522604450084e-10
4.546295469532390000e+15 2.201733564995248586e-10
4.641588833612773000e+15 1.932634321820598199e-10
4.738879609717651000e+15 1.693817979737854104e-10
4.838209664925957000e+15 1.482140224665325342e-10
4.939621743878326000e+15 1.294771097698120247e-10
5.043159487171349000e+15 1.129231326159444895e-10
5.148867450137487000e+15 9.832439261308907208e-11
5.256791122018419000e+15 8.546735389138820079e-11
5.366976945540476000e+15 7.416079460925366196e-11
5.479472336900292000e+15 6.423745383399007887e-11
5.594325706169389000e+15 5.554485599857478859e-11
5.711586478126423000e+15 4.794153062482020974e-11
5.831305113526218000e+15 4.130149306657743910e-11
5.953533130814370000e+15 3.551482599043549410e-11
6.078323128297236000e+15 3.048210520451731866e-11
6.205728806776513000e+15 2.611206130711855000e-11
6.335804992658241000e+15 2.232391054254011108e-11
6.468607661546321000e+15 1.904741810937635129e-11
6.604193962330306000e+15 1.621957092988560683e-11
6.742622241778349000e+15 1.378314091652969426e-11
6.883952069645510000e+15 1.168781217001755846e-11
7.028244264308338000e+15 9.890032678221866411e-12
7.175560918936921000e+15 8.351063044999628881e-12
7.325965428215230000e+15 7.036099997041424434e-12
7.479522515621829000e+15 5.914766152397576188e-12
7.636298261282257000e+15 4.960908210849002721e-12
7.796360130405221000e+15 4.151472946257710879e-12
7.959777002314978000e+15 3.465977213123136144e-12
8.126619200091945000e+15 2.886683863513123971e-12
8.296958520834915000e+15 2.398417770920317876e-12
8.470868266557420000e+15 1.987930273420068217e-12
8.648423275731709000e+15 1.643582530885170332e-12
8.829699955494083000e+15 1.355382353888741425e-12
9.014776314524918000e+15 1.114842265096767347e-12
9.203731996618230000e+15 9.146271781345705343e-13
9.396648314954710000e+15 7.483683053462689337e-13
9.593608287093126000e+15 6.106486183321872946e-13
9.794696670695384000e+15 4.969041727018426703e-13
