1.020960662306047603e+07 2.109240488786205958e+02
1.042360673976401053e+07 2.069606269622445609e+02
1.064209244064724632e+07 2.030715295000917138e+02
1.086515774652537145e+07 1.992562462278314968e+02
1.109289864895222709e+07 1.955131662949670499e+02
1.132541315152812563e+07 1.918400626057805596e+02
1.156280131207375228e+07 1.882358224139388767e+02
1.180516528568805568e+07 1.846999767024262553e+02
1.205260936870841496e+07 1.812310323897792443e+02
1.230524004359261692e+07 1.778269228907701347e+02
1.256316602474121563e+07 1.744866182936098937e+02
1.282649830528059974e+07 1.712096875476798914e+02
1.309535020482667536e+07 1.679947466976908288e+02
1.336983741824945062e+07 1.648398780411383768e+02
1.365007806546013802e+07 1.617441283250819026e+02
1.393619274224143475e+07 1.587071014411084775e+02
1.422830457214351930e+07 1.557275145557571818e+02
1.452653925946781226e+07 1.528035880645521729e+02
1.483102514336102828e+07 1.499344396609879766e+02
1.514189325304351933e+07 1.471197053932877736e+02
1.545927736419478431e+07 1.443581961331521484e+02
1.578331405652116425e+07 1.416482603772913933e+02
1.611414277253019996e+07 1.389890814779559491e+02
1.645190587753660791e+07 1.363803250734463290e+02
1.679674872092653066e+07 1.338208888699641932e+02
1.714881969870540872e+07 1.313092401953965123e+02
1.750827031735723466e+07 1.288446231689086119e+02
1.787525525904235244e+07 1.264267306541204192e+02
1.824993244816150516e+07 1.240545408263884326e+02
1.863246311931559816e+07 1.217266312494374887e+02
1.902301188668945804e+07 1.194423022815499706e+02
1.942174681489024311e+07 1.172012718343851105e+02
1.982883949127071351e+07 1.150025926562407790e+02
2.024446509976801649e+07 1.128449445753799836e+02
2.066880249629081786e+07 1.107276799986665168e+02
2.110203428568596393e+07 1.086505398815057930e+02
2.154434690031882003e+07 1.066126460815846286e+02
2.199593068030074611e+07 1.046127732995694970e+02
2.245697995539776236e+07 1.026503221145120648e+02
2.292769312865648791e+07 1.007250546777212890e+02
2.340827276178294048e+07 9.883615689568998164e+01
2.389892566231048107e+07 9.698249148635474626e+01
2.439986297259550542e+07 9.516350361296863980e+01
2.491130026067791134e+07 9.337897492232050922e+01
2.543345761304648221e+07 9.162815068015756026e+01
2.596655972934872285e+07 8.990997526444336074e+01
2.651083601908536255e+07 8.822393510269530736e+01
2.706652070033241063e+07 8.656982977126078538e+01
2.763385290053172782e+07 8.494695954929230197e+01
2.821307675939470530e+07 8.335434457998503888e+01
2.880444153396297619e+07 8.179150948250853048e+01
2.940820170587060601e+07 8.025827032011974893e+01
3.002461709085549042e+07 7.875397836070304436e+01
3.065395295056529716e+07 7.727772404435518183e+01
3.129648010670750216e+07 7.582906733815708833e+01
3.195247505759213492e+07 7.440783946535519533e+01
3.262222009711666778e+07 7.301343895199434542e+01
3.330600343624588847e+07 7.164502146412668537e+01
3.400411932703709602e+07 7.030217968538153173e+01
3.471686818926559389e+07 6.898475877589855543e+01
3.544455673970435560e+07 6.769220106454926622e+01
3.618749812411276251e+07 6.642372273988141274e+01
3.694601205199302733e+07 6.517894676619367544e+01
3.772042493417001516e+07 6.395773111636215447e+01
3.851107002325568348e+07 6.275955871898472083e+01
3.931828755705770105e+07 6.158370192227595652e+01
4.014242490499317646e+07 6.042981171830577836e+01
4.098383671757261455e+07 5.929775785603301586e+01
4.184288507901584357e+07 5.818706089655510283e+01
4.271993966306776553e+07 5.709704530181070936e+01
4.361537789208005369e+07 5.602738800549239073e+01
4.452958509942659736e+07 5.497796957934102124e+01
4.546295469532398880e+07 5.394834546744747428e+01
4.641588833612781763e+07 5.293788849191168566e+01
4.738879609717650712e+07 5.194629959761247306e+01
4.838209664925957471e+07 5.097346930207613980e+01
4.939621743878325820e+07 5.001898538393487570e+01
5.043159487171358615e+07 4.908226554405067787e+01
5.148867450137497485e+07 4.816303295199365664e+01
5.256791122018418461e+07 4.726118726338574305e+01
5.366976945540475845e+07 4.637634623050912097e+01
5.479472336900292337e+07 4.550796920331129769e+01
5.594325706169377267e+07 4.465579992255580066e+01
5.711586478126434237e+07 4.381974643887205900e+01
5.831305113526218385e+07 4.299945429021546062e+01
5.953533130814369768e+07 4.219442147962535472e+01
6.078323128297235817e+07 4.140441078878331638e+01
6.205728806776500493e+07 4.062933797983135520e+01
6.335804992658253759e+07 3.986887434833646182e+01
6.468607661546321213e+07 3.912255377129793033e+01
6.604193962330305576e+07 3.839015665520646081e+01
6.742622241778348386e+07 3.767160584450090255e+01
6.883952069645495713e+07 3.696659651320001672e+01
7.028244264308351278e+07 3.627469583393624930e+01
7.175560918936920166e+07 3.559570052713124255e+01
7.325965428215231001e+07 3.492953994107208615e+01
7.479522515621829033e+07 3.427593138647114301e+01
7.636298261282241344e+07 3.363447293972291874e+01
7.796360130405236781e+07 3.300497642190284608e+01
7.959777002314977348e+07 3.238737715272283424e+01
8.126619200091944635e+07 3.178141296586331421e+01
8.296958520834915340e+07 3.118671062196499832e+01
8.470868266557401419e+07 3.060309591995723366e+01
8.648423275731725991e+07 3.003050966162034996e+01
8.829699955494081974e+07 2.946870870744027471e+01
9.014776314524917305e+07 2.891734644341322991e+01
9.203731996618229151e+07 2.837626160710234302e+01
9.396648314954690635e+07 2.784540003206496550e+01
9.593608287093147635e+07 2.732453621908430463e+01
9.794696670695386827e+07 2.681334826923794878e+01
1.000000000000000000e+08 2.631168689687160267e+01
1.020960662306047529e+08 2.581950255313183362e+01
1.042360673976403177e+08 2.533658609419439500e+01
1.064209244064722359e+08 2.486263856364416469e+01
1.086515774652537256e+08 2.439752176222785707e+01
1.109289864895222783e+08 2.394119037818384399e+01
1.132541315152812600e+08 2.349345043190880844e+01
1.156280131207377762e+08 2.305402426478616107e+01
1.180516528568803072e+08 2.262278393997618053e+01
1.205260936870841384e+08 2.219968803276396940e+01
1.230524004359261543e+08 2.178455662383872493e+01
1.256316602474121451e+08 2.137713182622405839e+01
1.282649830528062433e+08 2.097729520279014181e+01
1.309535020482665002e+08 2.058500889410951729e+01
1.336983741824945360e+08 2.020010601790221472e+01
1.365007806546013653e+08 1.982234704270800663e+01
1.393619274224143326e+08 1.945162232508711853e+01
1.422830457214354575e+08 1.908789727521108759e+01
1.452653925946778059e+08 1.873101709926286773e+01
1.483102514336102903e+08 1.838075930720584950e+01
1.514189325304352045e+08 1.803702239587191158e+01
1.545927736419478357e+08 1.769977477319999082e+01
1.578331405652119517e+08 1.736887285464406716e+01
1.611414277253016531e+08 1.704410997198506195e+01
1.645190587753660679e+08 1.672539215753290165e+01
1.679674872092653215e+08 1.641269056730898157e+01
1.714881969870540798e+08 1.610587201093646925e+01
1.750827031735726893e+08 1.580474451031266980e+01
1.787525525904231668e+08 1.550922107338202949e+01
1.824993244816150367e+08 1.521927537470571856e+01
1.863246311931559741e+08 1.493478386264410851e+01
1.902301188668946028e+08 1.465556819885918749e+01
1.942174681489028633e+08 1.438154784866209468e+01
1.982883949127075374e+08 1.411269879440528463e+01
2.024446509976801872e+08 1.384890642276662476e+01
2.066880249629082084e+08 1.359000506037600964e+01
2.110203428568596542e+08 1.333592015027749156e+01
2.154434690031886399e+08 1.308662978897290863e+01
2.199593068030070364e+08 1.284202765211687414e+01
2.245697995539771616e+08 1.260195982661383773e+01
2.292769312865648568e+08 1.236635728926259503e+01
2.340827276178294122e+08 1.213520007281361579e+01
2.389892566231052577e+08 1.190838954001225503e+01
2.439986297259555161e+08 1.168578269827397342e+01
2.491130026067785919e+08 1.146731564720235497e+01
2.543345761304648221e+08 1.125297019248373154e+01
2.596655972934872508e+08 1.104265482587310210e+01
2.651083601908541918e+08 1.083623669594522632e+01
2.706652070033235550e+08 1.063365664462201643e+01
2.763385290053166747e+08 1.043489810057733713e+01
2.821307675939470530e+08 1.023987616725631433e+01
2.880444153396297693e+08 1.004846741091008688e+01
2.940820170587067008e+08 9.860617063608639654e+00
3.002461709085555673e+08 9.676310039372276961e+00
3.065395295056523085e+08 9.495467573674297057e+00
3.129648010670750141e+08 9.317974978880148029e+00
3.195247505759213567e+08 9.143781551269688279e+00
3.262222009711673260e+08 8.972873563855108259e+00
3.330600343624581695e+08 8.805177939373622920e+00
3.400411932703702450e+08 8.640588112975763124e+00
3.471686818926559091e+08 8.479057143377509931e+00
3.544455673970435262e+08 8.320572546634910083e+00
3.618749812411283851e+08 8.165066520414775653e+00
3.694601205199309587e+08 8.012440043958136471e+00
3.772042493416993618e+08 7.862649659134880231e+00
3.851107002325568795e+08 7.715684018602718908e+00
3.931828755705770254e+08 7.571480212662359044e+00
4.014242490499325991e+08 7.429946227465425324e+00
4.098383671757252812e+08 7.291041829417224562e+00
4.184288507901575565e+08 7.154756710204337011e+00
4.271993966306776404e+08 7.021032498265793897e+00
4.361537789208005667e+08 6.889783687934348144e+00
4.452958509942659736e+08 6.760973030790038862e+00
4.546295469532408714e+08 6.634591168021331420e+00
4.641588833612772226e+08 6.510583937515608710e+00
4.738879609717651010e+08 6.388871878767954371e+00
4.838209664925957322e+08 6.269420506957865236e+00
4.939621743878325820e+08 6.152221330695029522e+00
5.043159487171348333e+08 6.037224092493748806e+00
5.148867450137487054e+08 5.924354947147616457e+00
5.256791122018419504e+08 5.813581968336682060e+00
5.366976945540476441e+08 5.704897456791726107e+00
5.479472336900292635e+08 5.598254777035768903e+00
5.594325706169389486e+08 5.493585300039943498e+00
5.711586478126422167e+08 5.390859468107835006e+00
5.831305113526217937e+08 5.290070305083186319e+00
5.953533130814369917e+08 5.191174535409610158e+00
6.078323128297235966e+08 5.094108375677362410e+00
6.205728806776486635e+08 4.998844461003361772e+00
6.335804992658240795e+08 4.905376475125325264e+00
6.468607661546320915e+08 4.813664259368712450e+00
6.604193962330304384e+08 4.723648531840063391e+00
6.742622241778348684e+08 4.635303957753914794e+00
6.883952069645509720e+08 4.548624822785459543e+00
7.028244264308338165e+08 4.463573859759398132e+00
7.175560918936921358e+08 4.380095968790011618e+00
7.325965428215229511e+08 4.298167694550123485e+00
7.479522515621827841e+08 4.217783871586696876e+00
7.636298261282258034e+08 4.138909915183014654e+00
7.796360130405220985e+08 4.061494610776716030e+00
7.959777002314977646e+08 3.985516243044354034e+00
8.126619200091946125e+08 3.910970146786453494e+00
8.296958520834914446e+08 3.837824225897257691e+00
8.470868266557419300e+08 3.766030875626575458e+00
8.648423275731709003e+08 3.695569991560042844e+00
8.829699955494083166e+08 3.626437364222900861e+00
9.014776314524917603e+08 3.558603206355257953e+00
9.203731996618230343e+08 3.492023267163017586e+00
9.396648314954710007e+08 3.426678933608796829e+00
9.593608287093126774e+08 3.362566411215321072e+00
9.794696670695385933e+08 3.299658054820560071e+00
1.000000000000000000e+09 3.237912729975274573e+00
1.020960662306047559e+09 3.177313204380348033e+00
1.042360673976403356e+09 3.117856061259864031e+00
1.064209244064726830e+09 3.059515642903613664e+00
1.086515774652537346e+09 3.002253710541610943e+00
1.109289864895222664e+09 2.946054310178193081e+00
1.132541315152812481e+09 2.890914368622054198e+00
1.156280131207372904e+09 2.836810072186914056e+00
1.180516528568803072e+09 2.783705872825953165e+00
1.205260936870841503e+09 2.731587000013985911e+00
1.230524004359261513e+09 2.680450692948694424e+00
1.256316602474121332e+09 2.630274848923181530e+00
1.282649830528062582e+09 2.581026420262205079e+00
1.309535020482670307e+09 2.532691732124563000e+00
1.336983741824945211e+09 2.485268307554852729e+00
1.365007806546013832e+09 2.438735631433374351e+00
1.393619274224143505e+09 2.393062979651277455e+00
1.422830457214349031e+09 2.348237691772733449e+00
1.452653925946778297e+09 2.304257548614694340e+00
1.483102514336102724e+09 2.261103508177204180e+00
1.514189325304351807e+09 2.218747005694611918e+00
1.545927736419478655e+09 2.177176319888024292e+00
1.578331405652119875e+09 2.136389465518339748e+00
1.611414277253023148e+09 2.096368767531559207e+00
1.645190587753660679e+09 2.057087667956186028e+00
1.679674872092653036e+09 2.018535315011389386e+00
1.714881969870540857e+09 1.980709935632329666e+00
1.750827031735726833e+09 1.943595123221454113e+00
1.787525525904231787e+09 1.907166184897844063e+00
1.824993244816150427e+09 1.871413073884077960e+00
1.863246311931559801e+09 1.836334209410692475e+00
1.902301188668945789e+09 1.801914361972448919e+00
1.942174681489028454e+09 1.768130572147129875e+00
1.982883949127075434e+09 1.734973538451356712e+00
2.024446509976801872e+09 1.702441854262489063e+00
2.066880249629082203e+09 1.670521382417111234e+00
2.110203428568596601e+09 1.639190774660365557e+00
2.154434690031886578e+09 1.608441419526046801e+00
2.199593068030070305e+09 1.578272067981833837e+00
2.245697995539771557e+09 1.548669596576806251e+00
2.292769312865648746e+09 1.519614154619150614e+00
2.340827276178294182e+09 1.491097769478500368e+00
2.389892566231052876e+09 1.463119334612909661e+00
2.439986297259555340e+09 1.435666667340462999e+00
2.491130026067785740e+09 1.408721308983274856e+00
2.543345761304647923e+09 1.382275878366895583e+00
2.596655972934872150e+09 1.356329397670731574e+00
2.651083601908541679e+09 1.330870557311685909e+00
2.706652070033235550e+09 1.305882192559121524e+00
2.763385290053166866e+09 1.281357469828970252e+00
2.821307675939470768e+09 1.257295527474108443e+00
2.880444153396297932e+09 1.233685866223136918e+00
2.940820170587066650e+09 1.210512524185787475e+00
3.002461709085555077e+09 1.187769174752333345e+00
3.065395295056523800e+09 1.165455061016594795e+00
3.129648010670750618e+09 1.143560435773165462e+00
3.195247505759213448e+09 1.122070455311108939e+00
3.262222009711673260e+09 1.100979262394411018e+00
3.330600343624581814e+09 1.080286194453188298e+00
3.400411932703702450e+09 1.059982202300176368e+00
3.471686818926559448e+09 1.040053481740977670e+00
3.544455673970435619e+09 1.020494610101799760e+00
3.618749812411283970e+09 1.001305009677964764e+00
3.694601205199309826e+09 9.824762791545397222e-01
3.772042493416993618e+09 9.639955807591155112e-01
3.851107002325568676e+09 9.458578941480854096e-01
3.931828755705770016e+09 9.280627178692010260e-01
4.014242490499325752e+09 9.106022519539774818e-01
4.098383671757252693e+09 8.934645571231759620e-01
4.184288507901576042e+09 8.766449855245318501e-01
4.271993966306777000e+09 8.601431041296464519e-01
4.361537789208005905e+09 8.439516711406679361e-01
4.452958509942660332e+09 8.280595826524195235e-01
4.546295469532408714e+09 8.124625356755822425e-01
4.641588833612771988e+09 7.971601584900128712e-01
4.738879609717651367e+09 7.821457274109118174e-01
4.838209664925957680e+09 7.674089152442812312e-01
4.939621743878325462e+09 7.529457382852858816e-01
5.043159487171347618e+09 7.387558796643746151e-01
5.148867450137486458e+09 7.248330966351232973e-01
5.256791122018419266e+09 7.111677841973987890e-01
5.366976945540475845e+09 6.977562542485576946e-01
5.479472336900292397e+09 6.845982389101277210e-01
5.594325706169388771e+09 6.716879418781994682e-01
5.711586478126422882e+09 6.590164296779726927e-01
5.831305113526218414e+09 6.465802878824736810e-01
5.953533130814370155e+09 6.343792922915004739e-01
6.078323128297236443e+09 6.224080610331944596e-01
6.205728806776488304e+09 6.106582850631510073e-01
6.335804992658241272e+09 5.991268033309770091e-01
6.468607661546320915e+09 5.878134305011445404e-01
6.604193962330305099e+09 5.767131694254050700e-01
6.742622241778348923e+09 5.658182917195646588e-01
6.883952069645509720e+09 5.551258709146654757e-01
7.028244264308338165e+09 5.446357561803903957e-01
7.175560918936921120e+09 5.343433075242421948e-01
7.325965428215229988e+09 5.242413365362271760e-01
7.479522515621828079e+09 5.143271339275450327e-01
7.636298261282225609e+09 5.046005794305535863e-01
7.796360130405220985e+09 4.950573646223886404e-01
7.959777002314977646e+09 4.856908032489685167e-01
8.126619200091945648e+09 4.764983870899944240e-01
8.296958520834915161e+09 4.674800228773491328e-01
8.470868266557419777e+09 4.586317100125005819e-01
8.648423275731708527e+09 4.499472292413126961e-01
8.829699955494083405e+09 4.414242584956828419e-01
9.014776314524917603e+09 4.330627282896164498e-01
9.203731996618228912e+09 4.248589238105628385e-01
9.396648314954671860e+09 4.168070601230292604e-01
9.593608287093128204e+09 4.089049875010187240e-01
9.794696670695384979e+09 4.011526573382674932e-01
1.000000000000000000e+10 3.935466201528352026e-01
1.020960662306047440e+10 3.860814949475380731e-01
1.042360673976403236e+10 3.787552915516057550e-01
1.064209244064726830e+10 3.715679796223196885e-01
1.086515774652537155e+10 3.645163560239124134e-01
1.109289864895222664e+10 3.575954154524769724e-01
1.132541315152812576e+10 3.508033154544345500e-01
1.156280131207373047e+10 3.441400415959470216e-01
1.180516528568803024e+10 3.376026194656295276e-01
1.205260936870841217e+10 3.311863931938379690e-01
1.230524004359261703e+10 3.248896570832672803e-01
1.256316602474121475e+10 3.187124104924343726e-01
1.282649830528062630e+10 3.126518913778419950e-01
1.309535020482670403e+10 3.067037688896225855e-01
1.336983741824945259e+10 3.008664639386458561e-01
1.365007806546013641e+10 2.951399877755687684e-01
1.393619274224143410e+10 2.895217755423806771e-01
1.422830457214348984e+10 2.840077987082576527e-01
1.452653925946778107e+10 2.785965953973067455e-01
1.483102514336102867e+10 2.732881870484039633e-01
1.514189325304351997e+10 2.680801918952876450e-01
1.545927736419478416e+10 2.629688626200373802e-01
1.578331405652119637e+10 2.579528458607633357e-01
1.611414277253023148e+10 2.530321717188845909e-01
1.645190587753660774e+10 2.482046284379668122e-01
1.679674872092653275e+10 2.434667302864659266e-01
1.714881969870541000e+10 2.388172243631559166e-01
1.750827031735726929e+10 2.342561480684872410e-01
1.787525525904231644e+10 2.297814475110269705e-01
1.824993244816150284e+10 2.253898802960273562e-01
1.863246311931559753e+10 2.210802865262319894e-01
1.902301188668945694e+10 2.168527096847658320e-01
1.942174681489028549e+10 2.127052424712793377e-01
1.982883949127075195e+10 2.086348688568895327e-01
2.024446509976801682e+10 2.046405150445863297e-01
2.066880249629082108e+10 2.007222295172598758e-01
2.110203428568596649e+10 1.968782410994520671e-01
2.154434690031886673e+10 1.931057443457620815e-01
2.199593068030070114e+10 1.894037451681107320e-01
2.245697995539771652e+10 1.857722960868589956e-01
2.292769312865648651e+10 1.822097523346447867e-01
2.340827276178294373e+10 1.787135043726131856e-01
2.389892566231052399e+10 1.752826319040177161e-01
2.439986297259555435e+10 1.719171906336011135e-01
2.491130026067786026e+10 1.686156531813601811e-01
2.543345761304648209e+10 1.653755922650325394e-01
2.596655972934872437e+10 1.621961559005673514e-01
2.651083601908541489e+10 1.590774022228716444e-01
2.706652070033235550e+10 1.560179128641212554e-01
2.763385290053166962e+10 1.530154301035742681e-01
2.821307675939470673e+10 1.500691651975811780e-01
2.880444153396297836e+10 1.471791780464064836e-01
2.940820170587066650e+10 1.443441515184865909e-01
3.002461709085555267e+10 1.415619856471738713e-01
3.065395295056523514e+10 1.388319502329771749e-01
3.129648010670750427e+10 1.361541063575283095e-01
3.195247505759213638e+10 1.335272309059179208e-01
3.262222009711672974e+10 1.309493706829997772e-01
3.330600343624581909e+10 1.284198496859076111e-01
3.400411932703702927e+10 1.259387296661972355e-01
3.471686818926559448e+10 1.235048748222086490e-01
3.544455673970435333e+10 1.211164685150528664e-01
3.618749812411283875e+10 1.187728849132838466e-01
3.694601205199309540e+10 1.164741859925702977e-01
3.772042493416993713e+10 1.142193170402440727e-01
3.851107002325569153e+10 1.120065884716921201e-01
3.931828755705770111e+10 1.098354209003685328e-01
4.014242490499325562e+10 1.077058761390254776e-01
4.098383671757252502e+10 1.056169747847242185e-01
4.184288507901576233e+10 1.035671454681130199e-01
4.271993966306776428e+10 1.015558517974691488e-01
4.361537789208005524e+10 9.958315508883572309e-02
4.452958509942659760e+10 9.764814588239667525e-02
4.546295469532408905e+10 9.574936280173887426e-02
4.641588833612772369e+10 9.388630925584173781e-02
4.738879609717650604e+10 9.205904577775408937e-02
4.838209664925956726e+10 9.026672786755492173e-02
4.939621743878325653e+10 8.850799649255784718e-02
5.043159487171348572e+10 8.678239190549191795e-02
5.148867450137487030e+10 8.508997361270551063e-02
5.256791122018418884e+10 8.342995744673140091e-02
5.366976945540475464e+10 8.180107960251262189e-02
5.479472336900292206e+10 8.020291443894829453e-02
5.594325706169388580e+10 7.863552023018682835e-02
5.711586478126422882e+10 7.709816884398473791e-02
5.831305113526218414e+10 7.558968508257342400e-02
5.953533130814369965e+10 7.410967487665720554e-02
6.078323128297235870e+10 7.265819509670158605e-02
6.205728806776487732e+10 7.123456965514499140e-02
6.335804992658241272e+10 6.983770580202884604e-02
6.468607661546320343e+10 6.846723869364106096e-02
6.604193962330305481e+10 6.712322365573357430e-02
6.742622241778349304e+10 6.580503293942807641e-02
6.883952069645510864e+10 6.451165051193892552e-02
7.028244264308338928e+10 6.324273858297273232e-02
7.175560918936921692e+10 6.199835081956985711e-02
7.325965428215229797e+10 6.077790436993778939e-02
7.479522515621827698e+10 5.958045458627503344e-02
7.636298261282226562e+10 5.840568872098051562e-02
7.796360130405221558e+10 5.725365869238333710e-02
7.959777002314976501e+10 5.612382334942356277e-02
8.126619200091944885e+10 5.501530446798905127e-02
8.296958520834915161e+10 5.392781248170045588e-02
8.470868266557418823e+10 5.286139749142634153e-02
8.648423275731707764e+10 5.181555707828412044e-02
8.829699955494082642e+10 5.078947482545766168e-02
9.014776314524917603e+10 4.978288262452067875e-02
9.203731996618229675e+10 4.879582870890165902e-02
9.396648314954670715e+10 4.782784663488644228e-02
9.593608287093125916e+10 4.687817749723117294e-02
9.794696670695385742e+10 4.594657305021274118e-02
1.000000000000000000e+11 4.503307962642332657e-02
1.020960662306047516e+11 4.413726419663954043e-02
1.042360673976403351e+11 4.325842136985258435e-02
1.064209244064726715e+11 4.239632128625703267e-02
1.086515774652537231e+11 4.155100835871861770e-02
1.109289864895222778e+11 4.072208059420216741e-02
1.132541315152812653e+11 3.990888239602543436e-02
1.156280131207372894e+11 3.911120092332439485e-02
1.180516528568803101e+11 3.832907866301234201e-02
1.205260936870841370e+11 3.756214244919187095e-02
1.230524004359261475e+11 3.680978301782809187e-02
1.256316602474121399e+11 3.607180328153236637e-02
1.282649830528062439e+11 3.534824380609154215e-02
1.309535020482670288e+11 3.463875820093620383e-02
1.336983741824945221e+11 3.394278031312614879e-02
1.365007806546013794e+11 3.326012763733179195e-02
1.393619274224143372e+11 3.259083883258975106e-02
1.422830457214349060e+11 3.193459237783919519e-02
1.452653925946778259e+11 3.129086223306527109e-02
1.483102514336102905e+11 3.065947939066121161e-02
1.514189325304352112e+11 3.004048062553674528e-02
1.545927736419478455e+11 2.943356751587136375e-02
1.578331405652119751e+11 2.883825134424586323e-02
1.611414277253023071e+11 2.825437559704159843e-02
1.645190587753660583e+11 2.768197519470110696e-02
1.679674872092653198e+11 2.712077317027337259e-02
1.714881969870540771e+11 2.657031553195118509e-02
1.750827031735719604e+11 2.603045733101115589e-02
1.787525525904231873e+11 2.550123166905594527e-02
1.824993244816150513e+11 2.498238150654347525e-02
1.863246311931559753e+11 2.447348516018989922e-02
1.902301188668945618e+11 2.397440838616739928e-02
1.942174681489028320e+11 2.348518250787996059e-02
1.982883949127075500e+11 2.300556899429414756e-02
2.024446509976802063e+11 2.253517622096566642e-02
2.066880249629082031e+11 2.207387985291932656e-02
2.110203428568596497e+11 2.162170948015426988e-02
2.154434690031877747e+11 2.117844376208025126e-02
2.199593068030070190e+11 2.074371903913752729e-02
2.245697995539771729e+11 2.031742014839902147e-02
2.292769312865648804e+11 1.989957499463551258e-02
2.340827276178294067e+11 1.948997820329086139e-02
2.389892566231052551e+11 1.908829213066238345e-02
2.439986297259555054e+11 1.869441010385761506e-02
2.491130026067796021e+11 1.830835839334201548e-02
2.543345761304648132e+11 1.792994645315643121e-02
2.596655972934872437e+11 1.755886084125328137e-02
2.651083601908530884e+11 1.719500274354708244e-02
2.706652070033235779e+11 1.683839684922120924e-02
2.763385290053167114e+11 1.648886638425023365e-02
2.821307675939470825e+11 1.614612041954226543e-02
2.880444153396297607e+11 1.581006741557077974e-02
2.940820170587066650e+11 1.548073053484395889e-02
3.002461709085555420e+11 1.515794579363496757e-02
3.065395295056536255e+11 1.484144320388954864e-02
3.129648010670750732e+11 1.453113795988857614e-02
3.195247505759213257e+11 1.422705175318084853e-02
3.262222009711659546e+11 1.392903247839772513e-02
3.330600343624581909e+11 1.363682962527434581e-02
3.400411932703702393e+11 1.335036462141644606e-02
3.471686818926559448e+11 1.306965774383391822e-02
3.544455673970435181e+11 1.279456791830531869e-02
3.618749812411284180e+11 1.252486275025260255e-02
3.694601205199309692e+11 1.226046943739600090e-02
3.772042493417008667e+11 1.200140689896345841e-02
3.851107002325568848e+11 1.174754430479623205e-02
3.931828755705770264e+11 1.149866610802700688e-02
4.014242490499309692e+11 1.125470484780057880e-02
4.098383671757252808e+11 1.101567814233335267e-02
4.184288507901575928e+11 1.078146467429370522e-02
4.271993966306776123e+11 1.055186456417090204e-02
4.361537789208005371e+11 1.032681529577576807e-02
4.452958509942659912e+11 1.010633324283028052e-02
4.546295469532408447e+11 9.890305921484713464e-03
4.641588833612791138e+11 9.678548020766555501e-03
4.738879609717650757e+11 9.471001601977859646e-03
4.838209664925957031e+11 9.267681850360642848e-03
4.939621743878305664e+11 9.068484484389275138e-03
5.043159487171348267e+11 8.873237738726969318e-03
5.148867450137487183e+11 8.681887912356642603e-03
5.256791122018419189e+11 8.494449057358622462e-03
5.366976945540476074e+11 8.310824508147855033e-03
5.479472336900292969e+11 8.130855092772639597e-03
5.594325706169388428e+11 7.954491033426972293e-03
5.711586478126446533e+11 7.781745303464402547e-03
5.831305113526218262e+11 7.612528308453145320e-03
5.953533130814368896e+11 7.446692583342945544e-03
6.078323128297211914e+11 7.284191982526169555e-03
6.205728806776488037e+11 7.125038454039517126e-03
6.335804992658240967e+11 6.969148968455711989e-03
6.468607661546320801e+11 6.816386942368701102e-03
6.604193962330305176e+11 6.666709593064294552e-03
6.742622241778348389e+11 6.520127895523652323e-03
6.883952069645510254e+11 6.376564915070141552e-03
7.028244264308366699e+11 6.235894181686329682e-03
7.175560918936921387e+11 6.098076026344724163e-03
7.325965428215229492e+11 5.963120501969404984e-03
7.479522515621828613e+11 5.830956331736338039e-03
7.636298261282225342e+11 5.701466443822419440e-03
7.796360130405220947e+11 5.574614052279765024e-03
7.959777002314978027e+11 5.450408337638780118e-03
8.126619200091945801e+11 5.328783275015343962e-03
8.296958520834915771e+11 5.209630524990393856e-03
8.470868266557419434e+11 5.092915971302102059e-03
8.648423275731743164e+11 4.978647970345188856e-03
8.829699955494082031e+11 4.866765372050297148e-03
9.014776314524916992e+11 4.757167949609023005e-03
9.203731996618229980e+11 4.649824058990819492e-03
9.396648314954670410e+11 4.544741279249304815e-03
9.593608287093126221e+11 4.441862984758906778e-03
9.794696670695385742e+11 4.341096484352886808e-03
1.000000000000000000e+12 4.242412423525816940e-03
1.020960662306047485e+12 4.145817649287907719e-03
1.042360673976403198e+12 4.051259734937398028e-03
1.064209244064726929e+12 3.958652987860999603e-03
1.086515774652537354e+12 3.867970174021934972e-03
1.109289864895222656e+12 3.779217452157283483e-03
1.132541315152812744e+12 3.692346292066237511e-03
1.156280131207372803e+12 3.607277499730670352e-03
1.180516528568802979e+12 3.523985805160066102e-03
1.205260936870841309e+12 3.442476721047473334e-03
1.230524004359261719e+12 3.362705332727205718e-03
1.256316602474121338e+12 3.284598479397268962e-03
1.282649830528062500e+12 3.208132710384383086e-03
1.309535020482670410e+12 3.133312933013694592e-03
1.336983741824945068e+12 3.060097587132422879e-03
1.365007806546013672e+12 2.988419111973369350e-03
1.393619274224143311e+12 2.918255742272890096e-03
1.422830457214348877e+12 2.849611819114287407e-03
1.452653925946778320e+12 2.782448894365132167e-03
1.483102514336102783e+12 2.716704604099869861e-03
1.514189325304351807e+12 2.652358744571210736e-03
1.545927736419478516e+12 2.589415128202543492e-03
1.578331405652119873e+12 2.527838193609495323e-03
1.611414277253023193e+12 2.467570398442016019e-03
1.645190587753660889e+12 2.408592985846264196e-03
1.679674872092653076e+12 2.350909275634328281e-03
1.714881969870540771e+12 2.294486383899923664e-03
1.750827031735719727e+12 2.239271240614859777e-03
1.787525525904231689e+12 2.185246429771509676e-03
1.824993244816150391e+12 2.132414813105940228e-03
1.863246311931559814e+12 2.080745989793142143e-03
1.902301188668945801e+12 2.030191037099699815e-03
1.942174681489028320e+12 1.980733781754637299e-03
1.982883949127075439e+12 1.932376660460532157e-03
2.024446509976801758e+12 1.885091574899003600e-03
2.066880249629082031e+12 1.838833447170779359e-03
2.110203428568596680e+12 1.793587255977865556e-03
2.154434690031877930e+12 1.749355044565303668e-03
2.199593068030070312e+12 1.706110849392839315e-03
2.245697995539771484e+12 1.663813155956284442e-03
2.292769312865648926e+12 1.622448010964209868e-03
2.340827276178293945e+12 1.582017094341161851e-03
2.389892566231052246e+12 1.542496421537294408e-03
2.439986297259555176e+12 1.503847779587071326e-03
2.491130026067796387e+12 1.466058205528266399e-03
2.543345761304647949e+12 1.429129044695556404e-03
2.596655972934872070e+12 1.393038146838902237e-03
2.651083601908530762e+12 1.357750356919261957e-03
2.706652070033235840e+12 1.323253630446265001e-03
2.763385290053166992e+12 1.289549005520666683e-03
2.821307675939470703e+12 1.256616031819032982e-03
2.880444153396297852e+12 1.224422385613120178e-03
2.940820170587066406e+12 1.192956874412452826e-03
3.002461709085555176e+12 1.162220255101732757e-03
3.065395295056536133e+12 1.132193652498838469e-03
3.129648010670750488e+12 1.102847363408375556e-03
3.195247505759213867e+12 1.074170985851463341e-03
3.262222009711660156e+12 1.046165020210109136e-03
3.330600343624582031e+12 1.018812050572911543e-03
3.400411932703702637e+12 9.920847982566843425e-04
3.471686818926559082e+12 9.659735949152628478e-04
3.544455673970435547e+12 9.404787078746472623e-04
3.618749812411284180e+12 9.155840729106834528e-04
3.694601205199310059e+12 8.912646535825820542e-04
3.772042493417008789e+12 8.675114625636988876e-04
3.851107002325568848e+12 8.443245563412440447e-04
3.931828755705770020e+12 8.216891224979365038e-04
4.014242490499309570e+12 7.995821973812928044e-04
4.098383671757252930e+12 7.779954260173668583e-04
4.184288507901576172e+12 7.569286750793572435e-04
4.271993966306776855e+12 7.363682912388484075e-04
4.361537789208005859e+12 7.162932261217683444e-04
4.452958509942660156e+12 6.966957120902949295e-04
4.546295469532409180e+12 6.775754458735836361e-04
4.641588833612791016e+12 6.589198471734491200e-04
4.738879609717650391e+12 6.407096365162693197e-04
4.838209664925957031e+12 6.229375919610559680e-04
4.939621743878305664e+12 6.056032590459925783e-04
5.043159487171347656e+12 5.886950506355458600e-04
5.148867450137486328e+12 5.721953201559253771e-04
5.256791122018418945e+12 5.560973528471359209e-04
5.366976945540475586e+12 5.404005607292974292e-04
5.479472336900291992e+12 5.250942757190348812e-04
5.594325706169388672e+12 5.101623578146876952e-04
5.711586478126446289e+12 4.955985638109419245e-04
5.831305113526218750e+12 4.814021888392458048e-04
5.953533130814370117e+12 4.675634151103037653e-04
6.078323128297210938e+12 4.540674918856442508e-04
6.205728806776487305e+12 4.409086145597727012e-04
6.335804992658241211e+12 4.280859769976974572e-04
6.468607661546321289e+12 4.155905479237113095e-04
6.604193962330305664e+12 4.034088569611109167e-04
6.742622241778348633e+12 3.915355076201985723e-04
6.883952069645509766e+12 3.799696071499521341e-04
7.028244264308366211e+12 3.687028516355251163e-04
7.175560918936920898e+12 3.577229499999707673e-04
7.325965428215229492e+12 3.470248856692607258e-04
7.479522515621797852e+12 3.366076929890673866e-04
7.636298261282225586e+12 3.264637405560459919e-04
7.796360130405220703e+12 3.165818228399409559e-04
7.959777002314977539e+12 3.069572770932897827e-04
8.126619200091945312e+12 2.975890775671664076e-04
8.296958520834915039e+12 2.884702145213055937e-04
8.470868266557419922e+12 2.795904810345224071e-04
8.648423275731745117e+12 2.709455440472360020e-04
8.829699955494082031e+12 2.625343296532922708e-04
9.014776314524917969e+12 2.543504026464856816e-04
9.203731996618228516e+12 2.463844741317378767e-04
9.396648314954669922e+12 2.386325184002038283e-04
9.593608287093126953e+12 2.310934244859063366e-04
9.794696670695386719e+12 2.237612880457138826e-04
1.000000000000000000e+13 2.166276635528136864e-04
1.020960662306047461e+13 2.096888119755585154e-04
1.042360673976403125e+13 2.029435955764121607e-04
1.064209244064726758e+13 1.963866004184620733e-04
1.086515774652537305e+13 1.900101552099619671e-04
1.109289864895222656e+13 1.838107884582704785e-04
1.132541315152812695e+13 1.777873451628947366e-04
1.156280131207373047e+13 1.719348643233187246e-04
1.180516528568803125e+13 1.662463849001774249e-04
1.205260936870841211e+13 1.607186852174891285e-04
1.230524004359261523e+13 1.553506017690592606e-04
1.256316602474121484e+13 1.501375917960584496e-04
1.282649830528062695e+13 1.450733453297157354e-04
1.309535020482670312e+13 1.401548740933694897e-04
1.336983741824945312e+13 1.353810141083133507e-04
1.365007806546013672e+13 1.307476087403544162e-04
1.393619274224143359e+13 1.262489443841352933e-04
1.422830457214349023e+13 1.218822509467104023e-04
1.452653925946778320e+13 1.176463713124967458e-04
1.483102514336102734e+13 1.135375052482721285e-04
1.514189325304351953e+13 1.095504849742032726e-04
1.545927736419478516e+13 1.056827444711026126e-04
1.578331405652119727e+13 1.019331401497474402e-04
1.611414277253023242e+13 9.829820067540520720e-05
1.645190587753660742e+13 9.477325743933609308e-05
1.679674872092653125e+13 9.135593540214023483e-05
1.714881969870541016e+13 8.804511051607220667e-05
1.750827031735719922e+13 8.483761490256574252e-05
1.787525525904231641e+13 8.172923608557204752e-05
1.824993244816150391e+13 7.871777784369390018e-05
1.863246311931559766e+13 7.580214106098823840e-05
1.902301188668945703e+13 7.297943778243833242e-05
1.942174681489028516e+13 7.024587199131711388e-05
1.982883949127075391e+13 6.759941497663107552e-05
2.024446509976801562e+13 6.503899734228567211e-05
2.066880249629082031e+13 6.256198929298143732e-05
2.110203428568596484e+13 6.016497472791355834e-05
2.154434690031877734e+13 5.784608192014033690e-05
2.199593068030070312e+13 5.560427540089033692e-05
2.245697995539771484e+13 5.343716340769894246e-05
2.292769312865648828e+13 5.134167612133964936e-05
2.340827276178294141e+13 4.931608898573585362e-05
2.389892566231052344e+13 4.735940410743845545e-05
2.439986297259555078e+13 4.546944914328158218e-05
2.491130026067785938e+13 4.364346962290825135e-05
2.543345761304648438e+13 4.187987899743238684e-05
2.596655972934872656e+13 4.017772005775862231e-05
2.651083601908530859e+13 3.853502266399955233e-05
2.706652070033235938e+13 3.694931926858668089e-05
2.763385290053166797e+13 3.541915275636769593e-05
2.821307675939470703e+13 3.394360919280658886e-05
2.880444153396297656e+13 3.252090471439100284e-05
2.940820170587066797e+13 3.114883259346216553e-05
3.002461709085555078e+13 2.982605711006765700e-05
3.065395295056535938e+13 2.855170969550372103e-05
3.129648010670750391e+13 2.732417802308143592e-05
3.195247505759213672e+13 2.614149223280333125e-05
3.262222009711659766e+13 2.500243044484667593e-05
3.330600343624581641e+13 2.390617106845346459e-05
3.400411932703702734e+13 2.285125966646732256e-05
3.471686818926559766e+13 2.183594128253709348e-05
3.544455673970435938e+13 2.085910075777590674e-05
3.618749812411284375e+13 1.991996463227888422e-05
3.694601205199309375e+13 1.901722371445108915e-05
3.772042493417008594e+13 1.814931782315566685e-05
3.851107002325568750e+13 1.731523179322211095e-05
3.931828755705770312e+13 1.651424100961426173e-05
4.014242490499309375e+13 1.574516980276079650e-05
4.098383671757252344e+13 1.500663433040347763e-05
4.184288507901575781e+13 1.429771304567228340e-05
4.271993966306776562e+13 1.361773047440559525e-05
4.361537789208005469e+13 1.296563358886499796e-05
4.452958509942659375e+13 1.234019800676718378e-05
4.546295469532408594e+13 1.174058973948818154e-05
4.641588833612791406e+13 1.116618235340724048e-05
4.738879609717650781e+13 1.061603535438690496e-05
4.838209664925957031e+13 1.008906837252656622e-05
4.939621743878305469e+13 9.584529200057385139e-06
5.043159487171348438e+13 9.101839969940683743e-06
5.148867450137487500e+13 8.640163319633372606e-06
5.256791122018419531e+13 8.198548757541672581e-06
5.366976945540475781e+13 7.776320333232831090e-06
5.479472336900292188e+13 7.372947922686083288e-06
5.594325706169388281e+13 6.987688539055163933e-06
5.711586478126446875e+13 6.619708638812634632e-06
5.831305113526218750e+13 6.268403234296971094e-06
5.953533130814369531e+13 5.933288796752139873e-06
6.078323128297210938e+13 5.613708550590081295e-06
6.205728806776487500e+13 5.308934072190122515e-06
6.335804992658241406e+13 5.018426250047486601e-06
6.468607661546320312e+13 4.741746705704863732e-06
6.604193962330304688e+13 4.478317252690955559e-06
6.742622241778349219e+13 4.227503767290359059e-06
6.883952069645510938e+13 3.988828118495122488e-06
7.028244264308367188e+13 3.761895364662248528e-06
7.175560918936920312e+13 3.546198784917374229e-06
7.325965428215229688e+13 3.341188657462072694e-06
7.479522515621796875e+13 3.146443114142539945e-06
7.636298261282225000e+13 2.961608698635397686e-06
7.796360130405220312e+13 2.786243492503916320e-06
7.959777002314978125e+13 2.619873121376419231e-06
8.126619200091945312e+13 2.462127431342073180e-06
8.296958520834914062e+13 2.312692294088817018e-06
8.470868266557418750e+13 2.171184357786040189e-06
8.648423275731743750e+13 2.037196313407741991e-06
8.829699955494082812e+13 1.910405336567181561e-06
9.014776314524917188e+13 1.790534297671247620e-06
9.203731996618229688e+13 1.677252575069326719e-06
9.396648314954671875e+13 1.570212351600105513e-06
9.593608287093126562e+13 1.469133910112823329e-06
9.794696670695385938e+13 1.373774653700513125e-06
1.000000000000000000e+14 1.283851230774736157e-06
1.020960662306047656e+14 1.199068394325205807e-06
1.042360673976403281e+14 1.119185476498200697e-06
1.064209244064726875e+14 1.043991846647963416e-06
1.086515774652537188e+14 9.732463208515528752e-07
1.109289864895222656e+14 9.066999021214700316e-07
1.132541315152812656e+14 8.441470832431100017e-07
1.156280131207372969e+14 7.854065700417475425e-07
1.180516528568803125e+14 7.302745870396090112e-07
1.205260936870841250e+14 6.785426246995994273e-07
1.230524004359261562e+14 6.300366244698178139e-07
1.256316602474121406e+14 5.846019726265559227e-07
1.282649830528062500e+14 5.420678750206862422e-07
1.309535020482670312e+14 5.022610661077195634e-07
1.336983741824945156e+14 4.650354099742799635e-07
1.365007806546013906e+14 4.302603277048071267e-07
1.393619274224143594e+14 3.977939032295160581e-07
1.422830457214349062e+14 3.674933571393235975e-07
1.452653925946778125e+14 3.392371465313186041e-07
1.483102514336102812e+14 3.129161273929753293e-07
1.514189325304351875e+14 2.884134762176126996e-07
1.545927736419478438e+14 2.656125981372793263e-07
1.578331405652119688e+14 2.444134208721542185e-07
1.611414277253023125e+14 2.247257144830094919e-07
1.645190587753660625e+14 2.064542754205876937e-07
1.679674872092653125e+14 1.895048220360844156e-07
1.714881969870540938e+14 1.737958479415377937e-07
1.750827031735719688e+14 1.592536260107800537e-07
1.787525525904231875e+14 1.458014085983610617e-07
1.824993244816150312e+14 1.333637627044502361e-07
1.863246311931559688e+14 1.218750699137032910e-07
1.902301188668945625e+14 1.112758311008252755e-07
1.942174681489028438e+14 1.015048943218432649e-07
1.982883949127075312e+14 9.250259550136608512e-08
2.024446509976801875e+14 8.421676020034929387e-08
2.066880249629082188e+14 7.660000147601089187e-08
2.110203428568596562e+14 6.960420091374955359e-08
2.154434690031877812e+14 6.318274735869803119e-08
2.199593068030070312e+14 5.729470463190550733e-08
2.245697995539771562e+14 5.190285877164716651e-08
2.292769312865648750e+14 4.696985314905924920e-08
2.340827276178294375e+14 4.245975617971819584e-08
2.389892566231052500e+14 3.834090355248172435e-08
2.439986297259555000e+14 3.458450398193972467e-08
2.491130026067785938e+14 3.116197140663482118e-08
2.543345761304648125e+14 2.804600151033113574e-08
2.596655972934872500e+14 2.521247212102130070e-08
2.651083601908530625e+14 2.263945994051550273e-08
2.706652070033235938e+14 2.030542624063334413e-08
2.763385290053167188e+14 1.818994015355217101e-08
2.821307675939470625e+14 1.627492204419067511e-08
2.880444153396298125e+14 1.454395871028163611e-08
2.940820170587066250e+14 1.298108820930190132e-08
3.002461709085555000e+14 1.157127404699994035e-08
3.065395295056535625e+14 1.030119929835278369e-08
3.129648010670750625e+14 9.158795681414876763e-09
3.195247505759213750e+14 8.132442226764181422e-09
3.262222009711659375e+14 7.211267569851371141e-09
3.330600343624581250e+14 6.385643572751449492e-09
3.400411932703702500e+14 5.646865581039646626e-09
3.471686818926559375e+14 4.986632241234641330e-09
3.544455673970435625e+14 4.397232027257442426e-09
3.618749812411283750e+14 3.871840698407231012e-09
3.694601205199310000e+14 3.404306970717253840e-09
3.772042493417008750e+14 2.988820121677158469e-09
3.851107002325568750e+14 2.620020679553763714e-09
3.931828755705770000e+14 2.293173274629479398e-09
4.014242490499310000e+14 2.004024813841366790e-09
4.098383671757253125e+14 1.748595379890283214e-09
4.184288507901576250e+14 1.523240803248733091e-09
4.271993966306776875e+14 1.324748781842184313e-09
4.361537789208005625e+14 1.150246250671142996e-09
4.452958509942660000e+14 9.970698540247069357e-10
4.546295469532408750e+14 8.627991207650501122e-10
4.641588833612791250e+14 7.453070095239509421e-10
4.738879609717650625e+14 6.427002129854462754e-10
4.838209664925956875e+14 5.532401232146264796e-10
4.939621743878305000e+14 4.753588591119630780e-10
5.043159487171348125e+14 4.076838889696027642e-10
5.148867450137486875e+14 3.490000919010446013e-10
5.256791122018418750e+14 2.982022394290522975e-10
5.366976945540476250e+14 2.543015976057201169e-10
5.479472336900293125e+14 2.164365818569865295e-10
5.594325706169389375e+14 1.838490007806073276e-10
5.711586478126446250e+14 1.558558995626795140e-10
5.831305113526218750e+14 1.318513924927359211e-10
5.953533130814370000e+14 1.113103173061369437e-10
6.078323128297211250e+14 9.377359800592992761e-11
6.205728806776487500e+14 7.883180406768547058e-11
6.335804992658241250e+14 6.612486662319980377e-11
6.468607661546320000e+14 5.534258330295187937e-11
6.604193962330305000e+14 4.621576018820730432e-11
6.742622241778348750e+14 3.850675762003436656e-11
6.883952069645510000e+14 3.200849213840632528e-11
7.028244264308366250e+14 2.654377773699747134e-11
7.175560918936921250e+14 2.196007277748612540e-11
7.325965428215230000e+14 1.812413281356869175e-11
7.479522515621797500e+14 1.492095995214535940e-11
7.636298261282225000e+14 1.225290707711411862e-11
7.796360130405220000e+14 1.003663368768202409e-11
7.959777002314977500e+14 8.200137536197061719e-12
8.126619200091946250e+14 6.681904889064427575e-12
8.296958520834916250e+14 5.430141743782269455e-12
8.470868266557420000e+14 4.401055584630836508e-12
8.648423275731745000e+14 3.557242751646525495e-12
8.829699955494082500e+14 2.867089687044660373e-12
9.014776314524917500e+14 2.304223358918123339e-12
9.203731996618230000e+14 1.846570046385968644e-12
9.396648314954671250e+14 1.475501103951622078e-12
9.593608287093126250e+14 1.175449789253105187e-12
9.794696670695385000e+14 9.335605092710368707e-13
1.000000000000000000e+15 7.391904296418385592e-13
1.020960662306047500e+15 5.834701690894386265e-13
1.042360673976403250e+15 4.590771206162140258e-13
1.064209244064722375e+15 3.600301871564332174e-13
1.086515774652537375e+15 2.814357331493941146e-13
1.109289864895222875e+15 2.192693018579458618e-13
1.132541315152812750e+15 1.702506363224182745e-13
1.156280131207377750e+15 1.317322174304726956e-13
1.180516528568803000e+15 1.015751453799144696e-13
1.205260936870841250e+15 7.804487959782425208e-14
1.230524004359261500e+15 5.974679475663227138e-14
1.256316602474121500e+15 4.556972182596198800e-14
1.282649830528062500e+15 3.462808887231591734e-14
1.309535020482665000e+15 2.621430355286194255e-14
1.336983741824945250e+15 1.976764935504846621e-14
1.365007806546013750e+15 1.484756146798220735e-14
1.393619274224143500e+15 1.110801114508704470e-14
1.422830457214354750e+15 8.276822171142302011e-15
1.452653925946778250e+15 6.141630635041813822e-15
1.483102514336102750e+15 4.538068174376187268e-15
1.514189325304352000e+15 3.339043001084734007e-15
1.545927736419478500e+15 2.446241772816020601e-15
1.578331405652119500e+15 1.784213836494123810e-15
1.611414277253016750e+15 1.295498538213663050e-15
1.645190587753660750e+15 9.364066647570349569e-16
1.679674872092653250e+15 6.737359849516165096e-16
1.714881969870541000e+15 4.824512615420702774e-16
1.750827031735726750e+15 3.438156190899518503e-16
1.787525525904231750e+15 2.438370773735820006e-16
1.824993244816150500e+15 1.720811281605698829e-16
1.863246311931559750e+15 1.208269061820989435e-16
1.902301188668945750e+15 8.440310779606046747e-17
1.942174681489028250e+15 5.865559766113135240e-17
1.982883949127067250e+15 4.054815753932280523e-17
2.024446509976801750e+15 2.787902136002848262e-17
2.066880249629082000e+15 1.906309325953661239e-17
2.110203428568596500e+15 1.296309543156836708e-17
2.154434690031886500e+15 8.765460441736342183e-18
2.199593068030070500e+15 5.892801796323323159e-18
2.245697995539771750e+15 3.938326729785498342e-18
2.292769312865648500e+15 2.616570933320885555e-18
2.340827276178294500e+15 1.727952654813101439e-18
2.389892566231052500e+15 1.134060394458262727e-18
2.439986297259545000e+15 7.396121463751543440e-19
2.491130026067786000e+15 4.793152573978237393e-19
2.543345761304648500e+15 3.086254809616146019e-19
2.596655972934872000e+15 1.974048606117694892e-19
2.651083601908541500e+15 1.254164243532996984e-19
2.706652070033235500e+15 7.914162446810290265e-20
2.763385290053167000e+15 4.959630916685544356e-20
2.821307675939470500e+15 3.086066644291490796e-20
2.880444153396297500e+15 1.906443539647983569e-20
2.940820170587066500e+15 1.169192811423201634e-20
3.002461709085543000e+15 7.117498033041761822e-21
3.065395295056523500e+15 4.299920559305555478e-21
3.129648010670750500e+15 2.577700095677127068e-21
3.195247505759214000e+15 1.533278988521948023e-21
3.262222009711673500e+15 9.048103551475426082e-22
3.330600343624582000e+15 5.296014061505460168e-22
3.400411932703702500e+15 3.074244560147859847e-22
3.471686818926559500e+15 1.769702366883476476e-22
3.544455673970435500e+15 1.010090265048511339e-22
3.618749812411284000e+15 5.715053274598386972e-23
3.694601205199294500e+15 3.204927201813907886e-23
3.772042493416993500e+15 1.781251427767172182e-23
3.851107002325568500e+15 9.809830158586587137e-24
3.931828755705770000e+15 5.352084429336778619e-24
4.014242490499326000e+15 2.892290880675644769e-24
4.098383671757253000e+15 1.548054164585089391e-24
4.184288507901576000e+15 8.204828696082723929e-25
4.271993966306776500e+15 4.305083807592857995e-25
4.361537789208006000e+15 2.235882646240533744e-25
4.452958509942660000e+15 1.149304816568057199e-25
4.546295469532390000e+15 5.845851219510821302e-26
4.641588833612773000e+15 2.941502422978750665e-26
4.738879609717651000e+15 1.463928599717528955e-26
4.838209664925957000e+15 7.205412646840927029e-27
4.939621743878326000e+15 3.506602237435618976e-27
5.043159487171349000e+15 1.686855968478164538e-27
5.148867450137487000e+15 8.019491805490352658e-28
5.256791122018419000e+15 3.767447410822090378e-28
5.366976945540476000e+15 1.748524792913254839e-28
5.479472336900292000e+15 8.014709629990136108e-29
5.594325706169389000e+15 3.627448772111946702e-29
5.711586478126423000e+15 1.620918212794889124e-29
5.831305113526218000e+15 7.149104724609850607e-30
5.953533130814370000e+15 3.111225639330489117e-30
6.078323128297236000e+15 1.335668529400924303e-30
6.205728806776513000e+15 5.655828284462303504e-31
6.335804992658241000e+15 2.361562685310319537e-31
6.468607661546321000e+15 9.719810039169465599e-32
6.604193962330306000e+15 3.942397331852709254e-32
6.742622241778349000e+15 1.575592787720882826e-32
6.883952069645510000e+15 6.202605601091373739e-33
7.028244264308338000e+15 2.404309011915952190e-33
7.175560918936921000e+15 9.174281914890055537e-34
7.325965428215230000e+15 3.445476622381360515e-34
7.479522515621829000e+15 1.273142310365284717e-34
7.636298261282257000e+15 4.626831132841465653e-35
7.796360130405221000e+15 1.653250911113998077e-35
7.959777002314978000e+15 5.807169929963182851e-36
8.126619200091945000e+15 2.004492297211467526e-36
8.296958520834915000e+15 6.796345657400761439e-37
8.470868266557420000e+15 2.262746022536278565e-37
8.648423275731709000e+15 7.396043617624409031e-38
8.829699955494083000e+15 2.372451477373326319e-38
9.014776314524918000e+15 7.465074651964801824e-39
9.203731996618230000e+15 2.303327478759372049e-39
9.396648314954710000e+15 6.967340382533085604e-40
9.593608287093126000e+15 2.065311083023019447e-40
9.794696670695384000e+15 5.996563088599280700e-41
