1.020960662306047603e+07 1.478166389857702825e+02
1.042360673976401053e+07 1.450548078107813410e+02
1.064209244064724632e+07 1.423445709960470253e+02
1.086515774652537145e+07 1.396855827654592019e+02
1.109289864895222709e+07 1.370767257465105899e+02
1.132541315152812563e+07 1.345164501194629167e+02
1.156280131207375228e+07 1.320039870168332925e+02
1.180516528568805568e+07 1.295390188513270289e+02
1.205260936870841496e+07 1.271205097656062435e+02
1.230524004359261692e+07 1.247470212590404657e+02
1.256316602474121563e+07 1.224178416665404825e+02
1.282649830528059974e+07 1.201326793372725632e+02
1.309535020482667536e+07 1.178905739542502431e+02
1.336983741824945062e+07 1.156901902885333442e+02
1.365007806546013802e+07 1.135308696140216966e+02
1.393619274224143475e+07 1.114123441404968702e+02
1.422830457214351930e+07 1.093337235579733573e+02
1.452653925946781226e+07 1.072937684443920148e+02
1.483102514336102828e+07 1.052918690690174799e+02
1.514189325304351933e+07 1.033277795908068271e+02
1.545927736419478431e+07 1.014006745791984656e+02
1.578331405652116425e+07 9.950940349895891757e+01
1.611414277253019996e+07 9.765340196430813080e+01
1.645190587753660791e+07 9.583244432262139867e+01
1.679674872092653066e+07 9.404576527241557926e+01
1.714881969870540872e+07 9.229229674763807623e+01
1.750827031735723466e+07 9.057151633041949879e+01
1.787525525904235244e+07 8.888321693458678396e+01
1.824993244816150516e+07 8.722668898649099845e+01
1.863246311931559816e+07 8.560094093813461313e+01
1.902301188668945804e+07 8.400548921364635646e+01
1.942174681489024311e+07 8.244014380041305401e+01
1.982883949127071351e+07 8.090424677553063759e+01
2.024446509976801649e+07 7.939687758931657413e+01
2.066880249629081786e+07 7.791758861491780408e+01
2.110203428568596393e+07 7.646620553931543895e+01
2.154434690031882003e+07 7.504211831209642014e+01
2.199593068030074611e+07 7.364447226273546221e+01
2.245697995539776236e+07 7.227285303717549425e+01
2.292769312865648791e+07 7.092710075562904137e+01
2.340827276178294048e+07 6.960664974046220266e+01
2.389892566231048107e+07 6.831070645234252936e+01
2.439986297259550542e+07 6.703888733290875734e+01
2.491130026067791134e+07 6.579104577064663317e+01
2.543345761304648221e+07 6.456665721726388085e+01
2.596655972934872285e+07 6.336498486105083572e+01
2.651083601908536255e+07 6.218567364724618329e+01
2.706652070033241063e+07 6.102858916010131196e+01
2.763385290053172782e+07 5.989324497471162090e+01
2.821307675939470530e+07 5.877895692322697840e+01
2.880444153396297619e+07 5.768539633315945991e+01
2.940820170587060601e+07 5.661243999670907812e+01
3.002461709085549042e+07 5.555963682837288786e+01
3.065395295056529716e+07 5.452635151533954883e+01
3.129648010670750216e+07 5.351227980396319595e+01
3.195247505759213492e+07 5.251730878620810472e+01
3.262222009711666778e+07 5.154102013519760561e+01
3.330600343624588847e+07 5.058282387917510192e+01
3.400411932703709602e+07 4.964243836657102094e+01
3.471686818926559389e+07 4.871976015218493927e+01
3.544455673970435560e+07 4.781440127717660715e+01
3.618749812411276251e+07 4.692581385112312375e+01
3.694601205199302733e+07 4.605373714266460894e+01
3.772042493417001516e+07 4.519807640049672415e+01
3.851107002325568348e+07 4.435847181757147695e+01
3.931828755705770105e+07 4.353441456066190085e+01
4.014242490499317646e+07 4.272566326307456563e+01
4.098383671757261455e+07 4.193213115855711948e+01
4.184288507901584357e+07 4.115348453859015621e+01
4.271993966306776553e+07 4.038925082227888907e+01
4.361537789208005369e+07 3.963920656716235413e+01
4.452958509942659736e+07 3.890327234041134119e+01
4.546295469532398880e+07 3.818113862926905000e+01
4.641588833612781763e+07 3.747236650258817292e+01
4.738879609717650712e+07 3.677674910916324791e+01
4.838209664925957471e+07 3.609421375038211011e+01
4.939621743878325820e+07 3.542447334542985260e+01
5.043159487171358615e+07 3.476712019865421865e+01
5.148867450137497485e+07 3.412196281649432450e+01
5.256791122018418461e+07 3.348893468291444009e+01
5.366976945540475845e+07 3.286776951485290965e+01
5.479472336900292337e+07 3.225808861210861522e+01
5.594325706169377267e+07 3.165971469695513463e+01
5.711586478126434237e+07 3.107258692860045457e+01
5.831305113526218385e+07 3.049645830710734984e+01
5.953533130814369768e+07 2.993097704939389558e+01
6.078323128297235817e+07 2.937597903682587486e+01
6.205728806776500493e+07 2.883140863740586468e+01
6.335804992658253759e+07 2.829703673022367383e+01
6.468607661546321213e+07 2.777253652109926918e+01
6.604193962330305576e+07 2.725775607255097199e+01
6.742622241778348386e+07 2.675264453216788141e+01
6.883952069645495713e+07 2.625698935690178359e+01
7.028244264308351278e+07 2.577048695225193597e+01
7.175560918936920166e+07 2.529299665658216156e+01
7.325965428215231001e+07 2.482447200268520149e+01
7.479522515621829033e+07 2.436471581920642038e+01
7.636298261282241344e+07 2.391344605119140709e+01
7.796360130405236781e+07 2.347053247492045713e+01
7.959777002314977348e+07 2.303593264553516207e+01
8.126619200091944635e+07 2.260946364573300116e+01
8.296958520834915340e+07 2.219086341931706485e+01
8.470868266557401419e+07 2.178001140501077515e+01
8.648423275731725991e+07 2.137686884696189082e+01
8.829699955494081974e+07 2.098126604559029929e+01
9.014776314524917305e+07 2.059295951386575751e+01
9.203731996618229151e+07 2.021183763518841658e+01
9.396648314954690635e+07 1.983786503615666774e+01
9.593608287093147635e+07 1.947088427436079883e+01
9.794696670695386827e+07 1.911066910531645391e+01
1.000000000000000000e+08 1.875711619272555097e+01
1.020960662306047529e+08 1.841019326378605925e+01
1.042360673976403177e+08 1.806975424302518363e+01
1.064209244064722359e+08 1.773558889721354959e+01
1.086515774652537256e+08 1.740760155533537912e+01
1.109289864895222783e+08 1.708576278642372870e+01
1.132541315152812600e+08 1.676993705649902466e+01
1.156280131207377762e+08 1.645992900090504918e+01
1.180516528568803072e+08 1.615565004471189781e+01
1.205260936870841384e+08 1.585707336085430441e+01
1.230524004359261543e+08 1.556407319177370674e+01
1.256316602474121451e+08 1.527646798082258428e+01
1.282649830528062433e+08 1.499417572226319884e+01
1.309535020482665002e+08 1.471717197436869462e+01
1.336983741824945360e+08 1.444534004672203942e+01
1.365007806546013653e+08 1.417851120635256201e+01
1.393619274224143326e+08 1.391660952897136383e+01
1.422830457214354575e+08 1.365961275746077241e+01
1.452653925946778059e+08 1.340741261092493275e+01
1.483102514336102903e+08 1.315985226646397166e+01
1.514189325304352045e+08 1.291686142980317165e+01
1.545927736419478357e+08 1.267841984400883071e+01
1.578331405652119517e+08 1.244442702809775980e+01
1.611414277253016531e+08 1.221473722111750604e+01
1.645190587753660679e+08 1.198928534094549114e+01
1.679674872092653215e+08 1.176805296155063729e+01
1.714881969870540798e+08 1.155094683659549837e+01
1.750827031735726893e+08 1.133783147989157492e+01
1.787525525904231668e+08 1.112864663463453319e+01
1.824993244816150367e+08 1.092337555018222162e+01
1.863246311931559741e+08 1.072193169087624298e+01
1.902301188668946028e+08 1.052418911449178651e+01
1.942174681489028633e+08 1.033009203142479571e+01
1.982883949127075374e+08 1.013962522375354069e+01
2.024446509976801872e+08 9.952708380586161141e+00
2.066880249629082084e+08 9.769224425274041224e+00
2.110203428568596542e+08 9.589121703968432442e+00
2.154434690031886399e+08 9.412386400460214020e+00
2.199593068030070364e+08 9.238943978088009601e+00
2.245697995539771616e+08 9.068685595997843407e+00
2.292769312865648568e+08 8.901563429267451255e+00
2.340827276178294122e+08 8.737564943157172692e+00
2.389892566231052577e+08 8.576620957531623901e+00
2.439986297259555161e+08 8.418630282593444036e+00
2.491130026067785919e+08 8.263548638331329244e+00
2.543345761304648221e+08 8.111364661173947610e+00
2.596655972934872508e+08 7.962014140140423635e+00
2.651083601908541918e+08 7.815402993663227882e+00
2.706652070033235550e+08 7.671490223661305841e+00
2.763385290053166747e+08 7.530265536546469463e+00
2.821307675939470530e+08 7.391669331341888416e+00
2.880444153396297693e+08 7.255614130654693739e+00
2.940820170587067008e+08 7.122061974902373471e+00
3.002461709085555673e+08 6.991003547685786579e+00
3.065395295056523085e+08 6.862383524962426762e+00
3.129648010670750141e+08 6.736120565486539924e+00
3.195247505759213567e+08 6.612179522863098846e+00
3.262222009711673260e+08 6.490551972780815859e+00
3.330600343624581695e+08 6.371186559224543799e+00
3.400411932703702450e+08 6.254007642549905377e+00
3.471686818926559091e+08 6.138982680932276281e+00
3.544455673970435262e+08 6.026104064126787563e+00
3.618749812411283851e+08 5.915324117702463802e+00
3.694601205199309587e+08 5.806572500067622045e+00
3.772042493416993618e+08 5.699819080875315969e+00
3.851107002325568795e+08 5.595056992400357032e+00
3.931828755705770254e+08 5.492241976166781114e+00
4.014242490499325991e+08 5.391308613907224156e+00
4.098383671757252812e+08 5.292229007936672502e+00
4.184288507901575565e+08 5.194996967538605404e+00
4.271993966306776404e+08 5.099571403817512838e+00
4.361537789208005667e+08 5.005891473814455317e+00
4.452958509942659736e+08 4.913931346993702043e+00
4.546295469532408714e+08 4.823685449602071351e+00
4.641588833612772226e+08 4.735115633836334048e+00
4.738879609717651010e+08 4.648165308835886300e+00
4.838209664925957322e+08 4.562810557985717885e+00
4.939621743878325820e+08 4.479046369517757142e+00
5.043159487171348333e+08 4.396837324769614419e+00
5.148867450137487054e+08 4.316130784807285181e+00
5.256791122018419504e+08 4.236904605094840015e+00
5.366976945540476441e+08 4.159154285468294354e+00
5.479472336900292635e+08 4.082846939847313728e+00
5.594325706169389486e+08 4.007933602425659991e+00
5.711586478126422167e+08 3.934393769413163433e+00
5.831305113526217937e+08 3.862223406143179272e+00
5.953533130814369917e+08 3.791391976792765739e+00
6.078323128297235966e+08 3.721853929736689270e+00
6.205728806776486635e+08 3.653590280319405359e+00
6.335804992658240795e+08 3.586597417191955905e+00
6.468607661546320915e+08 3.520846985671884255e+00
6.604193962330304384e+08 3.456296607762650464e+00
6.742622241778348684e+08 3.392928705380673815e+00
6.883952069645509720e+08 3.330740051883208874e+00
7.028244264308338165e+08 3.269704316852012127e+00
7.175560918936921358e+08 3.209782072477084469e+00
7.325965428215229511e+08 3.150957043027483362e+00
7.479522515621827841e+08 3.093226351266715746e+00
7.636298261282258034e+08 3.036565545501158425e+00
7.796360130405220985e+08 2.980937940543238351e+00
7.959777002314977646e+08 2.926328466524482419e+00
8.126619200091946125e+08 2.872734563324043755e+00
8.296958520834914446e+08 2.820133522974136664e+00
8.470868266557419300e+08 2.768491210078900977e+00
8.648423275731709003e+08 2.717793671302184855e+00
8.829699955494083166e+08 2.668038634113603091e+00
9.014776314524917603e+08 2.619205009043234167e+00
9.203731996618230343e+08 2.571261031338916592e+00
9.396648314954710007e+08 2.524193781473216713e+00
9.593608287093126774e+08 2.478001247552868769e+00
9.794696670695385933e+08 2.432663842411067812e+00
1.000000000000000000e+09 2.388152005493048957e+00
1.020960662306047559e+09 2.344453774505296906e+00
1.042360673976403356e+09 2.301567373553330409e+00
1.064209244064726830e+09 2.259474609978906923e+00
1.086515774652537346e+09 2.218147972781554511e+00
1.109289864895222664e+09 2.177576385996660147e+00
1.132541315152812481e+09 2.137758287235597798e+00
1.156280131207372904e+09 2.098676778342269511e+00
1.180516528568803072e+09 2.060306254171014206e+00
1.205260936870841503e+09 2.022636459436694789e+00
1.230524004359261513e+09 1.985666024732574586e+00
1.256316602474121332e+09 1.949379253607948392e+00
1.282649830528062582e+09 1.913752313251076531e+00
1.309535020482670307e+09 1.878775708277204304e+00
1.336983741824945211e+09 1.844448243524130060e+00
1.365007806546013832e+09 1.810755338154893757e+00
1.393619274224143505e+09 1.777674807612240837e+00
1.422830457214349031e+09 1.745197860132953194e+00
1.452653925946778297e+09 1.713323457722160104e+00
1.483102514336102724e+09 1.682038055264619913e+00
1.514189325304351807e+09 1.651321001152226353e+00
1.545927736419478655e+09 1.621164155133088425e+00
1.578331405652119875e+09 1.591566620812817856e+00
1.611414277253023148e+09 1.562515814667419400e+00
1.645190587753660679e+09 1.533992510876341919e+00
1.679674872092653036e+09 1.505989172454354819e+00
1.714881969870540857e+09 1.478505030421594313e+00
1.750827031735726833e+09 1.451528394057340021e+00
1.787525525904231787e+09 1.425041363732707511e+00
1.824993244816150427e+09 1.399036961056120409e+00
1.863246311931559801e+09 1.373514531545128925e+00
1.902301188668945789e+09 1.348463213445734610e+00
1.942174681489028454e+09 1.323866340756273186e+00
1.982883949127075434e+09 1.299717452315198196e+00
2.024446509976801872e+09 1.276015996378173867e+00
2.066880249629082203e+09 1.252751880921357364e+00
2.110203428568596601e+09 1.229909587527362458e+00
2.154434690031886578e+09 1.207483133966354982e+00
2.199593068030070305e+09 1.185472060538542038e+00
2.245697995539771557e+09 1.163866989970848698e+00
2.292769312865648746e+09 1.142653471454297298e+00
2.340827276178294182e+09 1.121825966226513982e+00
2.389892566231052876e+09 1.101384096910964949e+00
2.439986297259555340e+09 1.081319149960936254e+00
2.491130026067785740e+09 1.061617667829870326e+00
2.543345761304647923e+09 1.042274522387264479e+00
2.596655972934872150e+09 1.023289409747044854e+00
2.651083601908541679e+09 1.004654232734589758e+00
2.706652070033235550e+09 9.863564579483656836e-01
2.763385290053166866e+09 9.683913374865525947e-01
2.821307675939470768e+09 9.507586329341992659e-01
2.880444153396297932e+09 9.334508195327746449e-01
2.940820170587066650e+09 9.164562237761917363e-01
3.002461709085555077e+09 8.997704498361367431e-01
3.065395295056523800e+09 8.833933174907881991e-01
3.129648010670750618e+09 8.673178336038779301e-01
3.195247505759213448e+09 8.515331248241586604e-01
3.262222009711673260e+09 8.360351213287997574e-01
3.330600343624581814e+09 8.208236944934212964e-01
3.400411932703702450e+09 8.058923449343103895e-01
3.471686818926559448e+09 7.912309439116100851e-01
3.544455673970435619e+09 7.768357234700434821e-01
3.618749812411283970e+09 7.627066006067615422e-01
3.694601205199309826e+09 7.488375345381401704e-01
3.772042493416993618e+09 7.352190894912585817e-01
3.851107002325568676e+09 7.218477770259850157e-01
3.931828755705770016e+09 7.087235543524758041e-01
4.014242490499325752e+09 6.958408066581015516e-01
4.098383671757252693e+09 6.831907431101899020e-01
4.184288507901576042e+09 6.707701340880308782e-01
4.271993966306777000e+09 6.585789721240948857e-01
4.361537789208005905e+09 6.466120380827119485e-01
4.452958509942660332e+09 6.348611414154708976e-01
4.546295469532408714e+09 6.233232921553627515e-01
4.641588833612771988e+09 6.119985137366772410e-01
4.738879609717651367e+09 6.008819545808279372e-01
4.838209664925957680e+09 5.899659828912354742e-01
4.939621743878325462e+09 5.792478306088286732e-01
5.043159487171347618e+09 5.687275480817232109e-01
5.148867450137486458e+09 5.584006251795735620e-01
5.256791122018419266e+09 5.482599502326636065e-01
5.366976945540475845e+09 5.383029606571185788e-01
5.479472336900292397e+09 5.285297301195931441e-01
5.594325706169388771e+09 5.189360656980157582e-01
5.711586478126422882e+09 5.095153399255095694e-01
5.831305113526218414e+09 5.002651804763018628e-01
5.953533130814370155e+09 4.911856810984208677e-01
6.078323128297236443e+09 4.822729435730245262e-01
6.205728806776488304e+09 4.735207912204583702e-01
6.335804992658241272e+09 4.649270278834879422e-01
6.468607661546320915e+09 4.564917644803884733e-01
6.604193962330305099e+09 4.482113765977007169e-01
6.742622241778348923e+09 4.400801072626522314e-01
6.883952069645509720e+09 4.320959234388558889e-01
7.028244264308338165e+09 4.242589505992767074e-01
7.175560918936921120e+09 4.165658187332307305e-01
7.325965428215229988e+09 4.090111616617783663e-01
7.479522515621828079e+09 4.015930973875575516e-01
7.636298261282225609e+09 3.943117635934915155e-01
7.796360130405220985e+09 3.871640266537870190e-01
7.959777002314977646e+09 3.801448842865673972e-01
8.126619200091945648e+09 3.732525943449811479e-01
8.296958520834915161e+09 3.664873046232622888e-01
8.470868266557419777e+09 3.598461011491388972e-01
8.648423275731708527e+09 3.533243205138865695e-01
8.829699955494083405e+09 3.469203500613223801e-01
9.014776314524917603e+09 3.406343458212197084e-01
9.203731996618228912e+09 3.344635979372979073e-01
9.396648314954671860e+09 3.284037585917559676e-01
9.593608287093128204e+09 3.224533350258806941e-01
9.794696670695384979e+09 3.166124898321798220e-01
1.000000000000000000e+10 3.108787028398825592e-01
1.020960662306047440e+10 3.052479201604022530e-01
1.042360673976403236e+10 2.997187600487414283e-01
1.064209244064726830e+10 2.942913901705632718e-01
1.086515774652537155e+10 2.889634666397564167e-01
1.109289864895222664e+10 2.837312093397723611e-01
1.132541315152812576e+10 2.785933393133107061e-01
1.156280131207373047e+10 2.735500279768725007e-01
1.180516528568803024e+10 2.685990952820699884e-01
1.205260936870841217e+10 2.637370161273603908e-01
1.230524004359261703e+10 2.589626067254626740e-01
1.256316602474121475e+10 2.542760410728728826e-01
1.282649830528062630e+10 2.496752913980765654e-01
1.309535020482670403e+10 2.451570701590211621e-01
1.336983741824945259e+10 2.407202816843812820e-01
1.365007806546013641e+10 2.363651015167087255e-01
1.393619274224143410e+10 2.320896434235020511e-01
1.422830457214348984e+10 2.278908411760847963e-01
1.452653925946778107e+10 2.237676806875921465e-01
1.483102514336102867e+10 2.197203381366188979e-01
1.514189325304351997e+10 2.157470588546642198e-01
1.545927736419478416e+10 2.118449828068852958e-01
1.578331405652119637e+10 2.080131714419873046e-01
1.611414277253023148e+10 2.042518007762561816e-01
1.645190587753660774e+10 2.005592384399829120e-01
1.679674872092653275e+10 1.969328165183645563e-01
1.714881969870541000e+10 1.933716663948623626e-01
1.750827031735726929e+10 1.898759632264143404e-01
1.787525525904231644e+10 1.864441883344045148e-01
1.824993244816150284e+10 1.830738528240620222e-01
1.863246311931559753e+10 1.797641528270170208e-01
1.902301188668945694e+10 1.765152620350394497e-01
1.942174681489028549e+10 1.733257674642015023e-01
1.982883949127075195e+10 1.701933470449194796e-01
2.024446509976801682e+10 1.671172568540022496e-01
2.066880249629082108e+10 1.640976685945730873e-01
2.110203428568596649e+10 1.611332675485313559e-01
2.154434690031886673e+10 1.582218871180977315e-01
2.199593068030070114e+10 1.553628388781507774e-01
2.245697995539771652e+10 1.525562920936774369e-01
2.292769312865648651e+10 1.498010234098720306e-01
2.340827276178294373e+10 1.470950111310798392e-01
2.389892566231052399e+10 1.444376182120241936e-01
2.439986297259555435e+10 1.418290110963017214e-01
2.491130026067786026e+10 1.392680513793862207e-01
2.543345761304648209e+10 1.367528524264365608e-01
2.596655972934872437e+10 1.342828247586180246e-01
2.651083601908541489e+10 1.318581316746294252e-01
2.706652070033235550e+10 1.294777137612869444e-01
2.763385290053166962e+10 1.271398102809385422e-01
2.821307675939470673e+10 1.248438757900770663e-01
2.880444153396297836e+10 1.225900701724826486e-01
2.940820170587066650e+10 1.203774074691342094e-01
3.002461709085555267e+10 1.182042443065831477e-01
3.065395295056523514e+10 1.160700760066483705e-01
3.129648010670750427e+10 1.139750588161517336e-01
3.195247505759213638e+10 1.119182750848678742e-01
3.262222009711672974e+10 1.098981908567924215e-01
3.330600343624581909e+10 1.079143391914811206e-01
3.400411932703702927e+10 1.059668725193011057e-01
3.471686818926559448e+10 1.040549367171071798e-01
3.544455673970435333e+10 1.021770998456307533e-01
3.618749812411283875e+10 1.003329298985132512e-01
3.694601205199309540e+10 9.852257534822182750e-02
3.772042493416993713e+10 9.674524115494094467e-02
3.851107002325569153e+10 9.499959050316988951e-02
3.931828755705770111e+10 9.328522372458852852e-02
4.014242490499325562e+10 9.160228522619075220e-02
4.098383671757252502e+10 8.995003492143593959e-02
4.184288507901576233e+10 8.832722469818624078e-02
4.271993966306776428e+10 8.673348482235487822e-02
4.361537789208005524e+10 8.516895555789961991e-02
4.452958509942659760e+10 8.363294793291975449e-02
4.546295469532408905e+10 8.212429655808370366e-02
4.641588833612772369e+10 8.064265940762530005e-02
4.738879609717650604e+10 7.918817255146848311e-02
4.838209664925956726e+10 7.776019456452637479e-02
4.939621743878325653e+10 7.635763720874645666e-02
5.043159487171348572e+10 7.498018410580108151e-02
5.148867450137487030e+10 7.362796710394689526e-02
5.256791122018418884e+10 7.230038900847686467e-02
5.366976945540475464e+10 7.099643354212198387e-02
5.479472336900292206e+10 6.971580806562227561e-02
5.594325706169388580e+10 6.845864019855366078e-02
5.711586478126422882e+10 6.722437389372568073e-02
5.831305113526218414e+10 6.601205999866487095e-02
5.953533130814369965e+10 6.482142784624735088e-02
6.078323128297235870e+10 6.365260083828552795e-02
6.205728806776487732e+10 6.250506120928028819e-02
6.335804992658241272e+10 6.137792242550905997e-02
6.468607661546320343e+10 6.027093415594152181e-02
6.604193962330305481e+10 5.918421561130846054e-02
6.742622241778349304e+10 5.811728464351081924e-02
6.883952069645510864e+10 5.706931313877500883e-02
7.028244264308338928e+10 5.604006958729450261e-02
7.175560918936921692e+10 5.502966904899417311e-02
7.325965428215229797e+10 5.403766251624730899e-02
7.479522515621827698e+10 5.306327638226077115e-02
7.636298261282226562e+10 5.210629655594435639e-02
7.796360130405221558e+10 5.116683399842567037e-02
7.959777002314976501e+10 5.024447053956267173e-02
8.126619200091944885e+10 4.933848343285239524e-02
8.296958520834915161e+10 4.844867470734651183e-02
8.470868266557418823e+10 4.757515128741580251e-02
8.648423275731707764e+10 4.671752369909668023e-02
8.829699955494082642e+10 4.587511665738427252e-02
9.014776314524917603e+10 4.504774710915725872e-02
9.203731996618229675e+10 4.423551801257172983e-02
9.396648314954670715e+10 4.343806659878517162e-02
9.593608287093125916e+10 4.265476187624593629e-02
9.794696670695385742e+10 4.188543459649303469e-02
1.000000000000000000e+11 4.113018382922147692e-02
1.020960662306047516e+11 4.038867165923068492e-02
1.042360673976403351e+11 3.966030843527415528e-02
1.064209244064726715e+11 3.894493768293816327e-02
1.086515774652537231e+11 3.824265466715637968e-02
1.109289864895222778e+11 3.755314460461382092e-02
1.132541315152812653e+11 3.687585643129490803e-02
1.156280131207372894e+11 3.621064549273760730e-02
1.180516528568803101e+11 3.555760333764309417e-02
1.205260936870841370e+11 3.491643671334616894e-02
1.230524004359261475e+11 3.428663057640327777e-02
1.256316602474121399e+11 3.366805120896242814e-02
1.282649830528062439e+11 3.306078653592351563e-02
1.309535020482670288e+11 3.246456334606979272e-02
1.336983741824945221e+11 3.187890022343839447e-02
1.365007806546013794e+11 3.130367356900254361e-02
1.393619274224143372e+11 3.073896777931659982e-02
1.422830457214349060e+11 3.018452829952681174e-02
1.452653925946778259e+11 2.963990510970011122e-02
1.483102514336102905e+11 2.910498397258792780e-02
1.514189325304352112e+11 2.857984585410055373e-02
1.545927736419478455e+11 2.806425356743074209e-02
1.578331405652119751e+11 2.755778640781911953e-02
1.611414277253023071e+11 2.706033879895269542e-02
1.645190587753660583e+11 2.657198837537992284e-02
1.679674872092653198e+11 2.609251411996877865e-02
1.714881969870540771e+11 2.562152270253512457e-02
1.750827031735719604e+11 2.515891655892895165e-02
1.787525525904231873e+11 2.470477009259392648e-02
1.824993244816150513e+11 2.425887734130847614e-02
1.863246311931559753e+11 2.382087053953933775e-02
1.902301188668945618e+11 2.339065953472855772e-02
1.942174681489028320e+11 2.296831559992698960e-02
1.982883949127075500e+11 2.255364679075875373e-02
2.024446509976802063e+11 2.214630921817569223e-02
2.066880249629082031e+11 2.174621958528550128e-02
2.110203428568596497e+11 2.135344613542180733e-02
2.154434690031877747e+11 2.096780997724257550e-02
2.199593068030070190e+11 2.058898952344169475e-02
2.245697995539771729e+11 2.021690781820952368e-02
2.292769312865648804e+11 1.985163017541421993e-02
2.340827276178294067e+11 1.949298985909581061e-02
2.389892566231052551e+11 1.914068611465184408e-02
2.439986297259555054e+11 1.879464785102476568e-02
2.491130026067796021e+11 1.845493755211064651e-02
2.543345761304648132e+11 1.812139980212166407e-02
2.596655972934872437e+11 1.779375330858794582e-02
2.651083601908530884e+11 1.747193240433943945e-02
2.706652070033235779e+11 1.715599684170118419e-02
2.763385290053167114e+11 1.684580174789819529e-02
2.821307675939470825e+11 1.654108401381186588e-02
2.880444153396297607e+11 1.624178298811451010e-02
2.940820170587066650e+11 1.594795578861445823e-02
3.002461709085555420e+11 1.565946736235866374e-02
3.065395295056536255e+11 1.537607159035835926e-02
3.129648010670750732e+11 1.509771245945653803e-02
3.195247505759213257e+11 1.482444454843043040e-02
3.262222009711659546e+11 1.455614195115954336e-02
3.330600343624581909e+11 1.429257442526948516e-02
3.400411932703702393e+11 1.403369024625390586e-02
3.471686818926559448e+11 1.377954154758777305e-02
3.544455673970435181e+11 1.353001094366006532e-02
3.618749812411284180e+11 1.328488302952396914e-02
3.694601205199309692e+11 1.304411004583778434e-02
3.772042493417008667e+11 1.280774177259953912e-02
3.851107002325568848e+11 1.257566876177848743e-02
3.931828755705770264e+11 1.234768947593606857e-02
4.014242490499309692e+11 1.212375982154860303e-02
4.098383671757252808e+11 1.190392731490535864e-02
4.184288507901575928e+11 1.168808990299426837e-02
4.271993966306776123e+11 1.147605901054659858e-02
4.361537789208005371e+11 1.126779393283652148e-02
4.452958509942659912e+11 1.106334001006870765e-02
4.546295469532408447e+11 1.086260207922345317e-02
4.641588833612791138e+11 1.066540368207349009e-02
4.738879609717650757e+11 1.047170724635343268e-02
4.838209664925957031e+11 1.028155602156942579e-02
4.939621743878305664e+11 1.009486126457745207e-02
5.043159487171348267e+11 9.911457845207517076e-03
5.148867450137487183e+11 9.731311086456646831e-03
5.256791122018419189e+11 9.554462230226511144e-03
5.366976945540476074e+11 9.380828515603603993e-03
5.479472336900292969e+11 9.210255403839073818e-03
5.594325706169388428e+11 9.042710893719767273e-03
5.711586478126446533e+11 8.878234300287113356e-03
5.831305113526218262e+11 8.716748437423474036e-03
5.953533130814368896e+11 8.558108669971675395e-03
6.078323128297211914e+11 8.402285469453003169e-03
6.205728806776488037e+11 8.249316302419214264e-03
6.335804992658240967e+11 8.099129178206283114e-03
6.468607661546320801e+11 7.951588722946774379e-03
6.604193962330305176e+11 7.806667693028158939e-03
6.742622241778348389e+11 7.664401782493670059e-03
6.883952069645510254e+11 7.524723842927701252e-03
7.028244264308366699e+11 7.387507161911946278e-03
7.175560918936921387e+11 7.252726606898095285e-03
7.325965428215229492e+11 7.120416172998020495e-03
7.479522515621828613e+11 6.990513225157406890e-03
7.636298261282225342e+11 6.862899152168953215e-03
7.796360130405220947e+11 6.737550771766123367e-03
7.959777002314978027e+11 6.614500451316463955e-03
8.126619200091945801e+11 6.493689762863647658e-03
8.296958520834915771e+11 6.375007673114226926e-03
8.470868266557419434e+11 6.258432801351177660e-03
8.648423275731743164e+11 6.143995956009356066e-03
8.829699955494082031e+11 6.031642631014050293e-03
9.014776314524916992e+11 5.921268882147648696e-03
9.203731996618229980e+11 5.812854992676356157e-03
9.396648314954670410e+11 5.706430278551478073e-03
9.593608287093126221e+11 5.601943889949260839e-03
9.794696670695385742e+11 5.499298515046399313e-03
1.000000000000000000e+12 5.398475973849741101e-03
1.020960662306047485e+12 5.299504153947851882e-03
1.042360673976403198e+12 5.202335614365487942e-03
1.064209244064726929e+12 5.106879248989025510e-03
1.086515774652537354e+12 5.013118296882308235e-03
1.109289864895222656e+12 4.921079279101090408e-03
1.132541315152812744e+12 4.830717933074307052e-03
1.156280131207372803e+12 4.741948959703761075e-03
1.180516528568802979e+12 4.654756908278427641e-03
1.205260936870841309e+12 4.569166992897159829e-03
1.230524004359261719e+12 4.485137914729507569e-03
1.256316602474121338e+12 4.402589809121236313e-03
1.282649830528062500e+12 4.321508434946097314e-03
1.309535020482670410e+12 4.241917756709612068e-03
1.336983741824945068e+12 4.163779239350495417e-03
1.365007806546013672e+12 4.087018104462248301e-03
1.393619274224143311e+12 4.011621227443623768e-03
1.422830457214348877e+12 3.937611378409263709e-03
1.452653925946778320e+12 3.864952599765385851e-03
1.483102514336102783e+12 3.793574873910660495e-03
1.514189325304351807e+12 3.723466106725386270e-03
1.545927736419478516e+12 3.654647927021729362e-03
1.578331405652119873e+12 3.587086781098661192e-03
1.611414277253023193e+12 3.520717107953245332e-03
1.645190587753660889e+12 3.455527764397809277e-03
1.679674872092653076e+12 3.391539288970674051e-03
1.714881969870540771e+12 3.328720370133939847e-03
1.750827031735719727e+12 3.267009619097976415e-03
1.787525525904231689e+12 3.206396770069464171e-03
1.824993244816150391e+12 3.146901320335082370e-03
1.863246311931559814e+12 3.088494049815353453e-03
1.902301188668945801e+12 3.031117476059263464e-03
1.942174681489028320e+12 2.974762142688012166e-03
1.982883949127075439e+12 2.919446552808248850e-03
2.024446509976801758e+12 2.865143437361833065e-03
2.066880249629082031e+12 2.811798971635811641e-03
2.110203428568596680e+12 2.759404445835600232e-03
2.154434690031877930e+12 2.707977414066013548e-03
2.199593068030070312e+12 2.657492427408297136e-03
2.245697995539771484e+12 2.607899086420764970e-03
2.292769312865648926e+12 2.559189369824113949e-03
2.340827276178293945e+12 2.511379926061776090e-03
2.389892566231052246e+12 2.464447004371628312e-03
2.439986297259555176e+12 2.418343413179781069e-03
2.491130026067796387e+12 2.373061766060164182e-03
2.543345761304647949e+12 2.328617847355172413e-03
2.596655972934872070e+12 2.284989490761123003e-03
2.651083601908530762e+12 2.242132509235998401e-03
2.706652070033235840e+12 2.200040101621453335e-03
2.763385290053166992e+12 2.158727227997928738e-03
2.821307675939470703e+12 2.118173200536441723e-03
2.880444153396297852e+12 2.078336646529454178e-03
2.940820170587066406e+12 2.039211304273637077e-03
3.002461709085555176e+12 2.000811347760617521e-03
3.065395295056536133e+12 1.963117468838150061e-03
3.129648010670750488e+12 1.926090931205929734e-03
3.195247505759213867e+12 1.889725970293336214e-03
3.262222009711660156e+12 1.854036010569292282e-03
3.330600343624582031e+12 1.819003031449367225e-03
3.400411932703702637e+12 1.784590766575988412e-03
3.471686818926559082e+12 1.750793909417505114e-03
3.544455673970435547e+12 1.717625169933668450e-03
3.618749812411284180e+12 1.685067729230755804e-03
3.694601205199310059e+12 1.653087635135706964e-03
3.772042493417008789e+12 1.621680003048839086e-03
3.851107002325568848e+12 1.590856861937365967e-03
3.931828755705770020e+12 1.560602514524224134e-03
4.014242490499309570e+12 1.530885177066109229e-03
4.098383671757252930e+12 1.501700353550514729e-03
4.184288507901576172e+12 1.473059424026582380e-03
4.271993966306776855e+12 1.444947738165370870e-03
4.361537789208005859e+12 1.417335544244108150e-03
4.452958509942660156e+12 1.390218704047837097e-03
4.546295469532409180e+12 1.363607979393423536e-03
4.641588833612791016e+12 1.337489697266443234e-03
4.738879609717650391e+12 1.311836010287238544e-03
4.838209664925957031e+12 1.286643109612459158e-03
4.939621743878305664e+12 1.261921168176189821e-03
5.043159487171347656e+12 1.237657425335503226e-03
5.148867450137486328e+12 1.213825818536728388e-03
5.256791122018418945e+12 1.190422842066970414e-03
5.366976945540475586e+12 1.167458108042718342e-03
5.479472336900291992e+12 1.144919707619152394e-03
5.594325706169388672e+12 1.122783251176630520e-03
5.711586478126446289e+12 1.101045511913490262e-03
5.831305113526218750e+12 1.079715567958827076e-03
5.953533130814370117e+12 1.058782305763257027e-03
6.078323128297210938e+12 1.038222903876609296e-03
6.205728806776487305e+12 1.018034392058189425e-03
6.335804992658241211e+12 9.982253400946086621e-04
6.468607661546321289e+12 9.787853770226195328e-04
6.604193962330305664e+12 9.596931514589089607e-04
6.742622241778348633e+12 9.409459291018036284e-04
6.883952069645509766e+12 9.225517959027874394e-04
7.028244264308366211e+12 9.045010743102932082e-04
7.175560918936920898e+12 8.867737911317134054e-04
7.325965428215229492e+12 8.693674289811272179e-04
7.479522515621797852e+12 8.522896133904688410e-04
7.636298261282225586e+12 8.355313143386725299e-04
7.796360130405220703e+12 8.190738507688388650e-04
7.959777002314977539e+12 8.029149046646559627e-04
8.126619200091945312e+12 7.870616635076613894e-04
8.296958520834915039e+12 7.715057019952514458e-04
8.470868266557419922e+12 7.562295505935733107e-04
8.648423275731745117e+12 7.412310744752117694e-04
8.829699955494082031e+12 7.265170444373260893e-04
9.014776314524917969e+12 7.120795999436859954e-04
9.203731996618228516e+12 6.979024074577626531e-04
9.396648314954669922e+12 6.839835004227962870e-04
9.593608287093126953e+12 6.703292533563006729e-04
9.794696670695386719e+12 6.569323332014309017e-04
1.000000000000000000e+13 6.437774716507824483e-04
1.020960662306047461e+13 6.308628566664095140e-04
1.042360673976403125e+13 6.181944859711333137e-04
1.064209244064726758e+13 6.057655191850587397e-04
1.086515774652537305e+13 5.935616869100931959e-04
1.109289864895222656e+13 5.815813189542133697e-04
1.132541315152812695e+13 5.698300548498859289e-04
1.156280131207373047e+13 5.583015144075923484e-04
1.180516528568803125e+13 5.469823649789689246e-04
1.205260936870841211e+13 5.358710665409965011e-04
1.230524004359261523e+13 5.249729181977871861e-04
1.256316602474121484e+13 5.142819696216805857e-04
1.282649830528062695e+13 5.037857666441795381e-04
1.309535020482670312e+13 4.934828886550251658e-04
1.336983741824945312e+13 4.833783112859949384e-04
1.365007806546013672e+13 4.734664857544308432e-04
1.393619274224143359e+13 4.637357817404124793e-04
1.422830457214349023e+13 4.541848881406810624e-04
1.452653925946778320e+13 4.448184733008106895e-04
1.483102514336102734e+13 4.356313635420444130e-04
1.514189325304351953e+13 4.266127011650669128e-04
1.545927736419478516e+13 4.177612754536270305e-04
1.578331405652119727e+13 4.090814629175385528e-04
1.611414277253023242e+13 4.005684402892386252e-04
1.645190587753660742e+13 3.922120744450719788e-04
1.679674872092653125e+13 3.840112466620600466e-04
1.714881969870541016e+13 3.759700563615013969e-04
1.750827031735719922e+13 3.680840076244904706e-04
1.787525525904231641e+13 3.603436468360243609e-04
1.824993244816150391e+13 3.527479395424549472e-04
1.863246311931559766e+13 3.453007221528580652e-04
1.902301188668945703e+13 3.379978045539768633e-04
1.942174681489028516e+13 3.308303703576354038e-04
1.982883949127075391e+13 3.237974622747914343e-04
2.024446509976801562e+13 3.169026671375386626e-04
2.066880249629082031e+13 3.101420805122188126e-04
2.110203428568596484e+13 3.035074835618340274e-04
2.154434690031877734e+13 2.969979896286764945e-04
2.199593068030070312e+13 2.906169487917702990e-04
2.245697995539771484e+13 2.843607234923031172e-04
2.292769312865648828e+13 2.782216552068903621e-04
2.340827276178294141e+13 2.721989219036726219e-04
2.389892566231052344e+13 2.662956491495036796e-04
2.439986297259555078e+13 2.605084486876013488e-04
2.491130026067785938e+13 2.548301873521024172e-04
2.543345761304648438e+13 2.492601022187588568e-04
2.596655972934872656e+13 2.438011060269058481e-04
2.651083601908530859e+13 2.384500433979221329e-04
2.706652070033235938e+13 2.332002737022375542e-04
2.763385290053166797e+13 2.280510880548930236e-04
2.821307675939470703e+13 2.230051975226479200e-04
2.880444153396297656e+13 2.180596642532432782e-04
2.940820170587066797e+13 2.132083093302368222e-04
3.002461709085555078e+13 2.084504732553467204e-04
3.065395295056535938e+13 2.037886760729288357e-04
3.129648010670750391e+13 1.992201831048418968e-04
3.195247505759213672e+13 1.947392481946631521e-04
3.262222009711659766e+13 1.903452569617318621e-04
3.330600343624581641e+13 1.860405485972085687e-04
3.400411932703702734e+13 1.818225781774416823e-04
3.471686818926559766e+13 1.776860051032323772e-04
3.544455673970435938e+13 1.736302561965776816e-04
3.618749812411284375e+13 1.696574995066716534e-04
3.694601205199309375e+13 1.657653673147271736e-04
3.772042493417008594e+13 1.619488990144595040e-04
3.851107002325568750e+13 1.582075590425444057e-04
3.931828755705770312e+13 1.545433535814483956e-04
4.014242490499309375e+13 1.509540803794330545e-04
4.098383671757252344e+13 1.474351347928938474e-04
4.184288507901575781e+13 1.439860155870080840e-04
4.271993966306776562e+13 1.406085759378133569e-04
4.361537789208005469e+13 1.373007680802497421e-04
4.452958509942659375e+13 1.340583207394320530e-04
4.546295469532408594e+13 1.308807640014962299e-04
4.641588833612791406e+13 1.277698065011815827e-04
4.738879609717650781e+13 1.247235446864519801e-04
4.838209664925957031e+13 1.217380194020541471e-04
4.939621743878305469e+13 1.188127893043134915e-04
5.043159487171348438e+13 1.159494265755363254e-04
5.148867450137487500e+13 1.131461622625632124e-04
5.256791122018419531e+13 1.103993293403785072e-04
5.366976945540475781e+13 1.077085125221781869e-04
5.479472336900292188e+13 1.050751552691823375e-04
5.594325706169388281e+13 1.024976142291747429e-04
5.711586478126446875e+13 9.997249569874139675e-05
5.831305113526218750e+13 9.749940815432908334e-05
5.953533130814369531e+13 9.507967372756680701e-05
6.078323128297210938e+13 9.271176624503245833e-05
6.205728806776487500e+13 9.039254762291391886e-05
6.335804992658241406e+13 8.812164801025029607e-05
6.468607661546320312e+13 8.590027527729062785e-05
6.604193962330304688e+13 8.372701254487353959e-05
6.742622241778349219e+13 8.159896068408118233e-05
6.883952069645510938e+13 7.951576961325981297e-05
7.028244264308367188e+13 7.747853970165862760e-05
7.175560918936920312e+13 7.548595598226355184e-05
7.325965428215229688e+13 7.353534258936398856e-05
7.479522515621796875e+13 7.162636748096409692e-05
7.636298261282225000e+13 6.976002999358950384e-05
7.796360130405220312e+13 6.793511016077390086e-05
7.959777002314978125e+13 6.614914060201715037e-05
8.126619200091945312e+13 6.440180574652983611e-05
8.296958520834914062e+13 6.269401008870110776e-05
8.470868266557418750e+13 6.102462219127526439e-05
8.648423275731743750e+13 5.939136923895747827e-05
8.829699955494082812e+13 5.779395071315535044e-05
9.014776314524917188e+13 5.623318219274227905e-05
9.203731996618229688e+13 5.470801471083602970e-05
9.396648314954671875e+13 5.321635690381485177e-05
9.593608287093126562e+13 5.175792202508467212e-05
9.794696670695385938e+13 5.033344241344192116e-05
1.000000000000000000e+14 4.894194589992674249e-05
1.020960662306047656e+14 4.758151021725976230e-05
1.042360673976403281e+14 4.625186123930581173e-05
1.064209244064726875e+14 4.495365350103865793e-05
1.086515774652537188e+14 4.368598632149236805e-05
1.109289864895222656e+14 4.244709488844602025e-05
1.132541315152812656e+14 4.123671666491473940e-05
1.156280131207372969e+14 4.005543359101796367e-05
1.180516528568803125e+14 3.890241150476904305e-05
1.205260936870841250e+14 3.777603208109082765e-05
1.230524004359261562e+14 3.667604345323941895e-05
1.256316602474121406e+14 3.560295995922702728e-05
1.282649830528062500e+14 3.455600930777807852e-05
1.309535020482670312e+14 3.353370932866371005e-05
1.336983741824945156e+14 3.253581801157410586e-05
1.365007806546013906e+14 3.156278687901499752e-05
1.393619274224143594e+14 3.061390116417719555e-05
1.422830457214349062e+14 2.968780511993806379e-05
1.452653925946778125e+14 2.878426587688080176e-05
1.483102514336102812e+14 2.790367673160123134e-05
1.514189325304351875e+14 2.704537638001299491e-05
1.545927736419478438e+14 2.620812633461431306e-05
1.578331405652119688e+14 2.539170224350649024e-05
1.611414277253023125e+14 2.459644357889237716e-05
1.645190587753660625e+14 2.382173870668576775e-05
1.679674872092653125e+14 2.306645777456038733e-05
1.714881969870540938e+14 2.233038441154733405e-05
1.750827031735719688e+14 2.161380848686018412e-05
1.787525525904231875e+14 2.091616449795714725e-05
1.824993244816150312e+14 2.023642311496458811e-05
1.863246311931559688e+14 1.957437549286919194e-05
1.902301188668945625e+14 1.893026594663340845e-05
1.942174681489028438e+14 1.830357180801967974e-05
1.982883949127075312e+14 1.769335664422413057e-05
2.024446509976801875e+14 1.709941875852823324e-05
2.066880249629082188e+14 1.652196079453704285e-05
2.110203428568596562e+14 1.596049984999697440e-05
2.154434690031877812e+14 1.541418522824575808e-05
2.199593068030070312e+14 1.488282207592930332e-05
2.245697995539771562e+14 1.436657508805938724e-05
2.292769312865648750e+14 1.386499827744153352e-05
2.340827276178294375e+14 1.337731996613555282e-05
2.389892566231052500e+14 1.290335190773653424e-05
2.439986297259555000e+14 1.244322441634976382e-05
2.491130026067785938e+14 1.199652577561086433e-05
2.543345761304648125e+14 1.156255703303724355e-05
2.596655972934872500e+14 1.114113637693156151e-05
2.651083601908530625e+14 1.073236315698305343e-05
2.706652070033235938e+14 1.033585747951132756e-05
2.763385290053167188e+14 9.950987229769644885e-06
2.821307675939470625e+14 9.577576917737452736e-06
2.880444153396298125e+14 9.215698196683772789e-06
2.940820170587066250e+14 8.865000733487966202e-06
3.002461709085555000e+14 8.524913752139836901e-06
3.065395295056535625e+14 8.195268026290503471e-06
3.129648010670750625e+14 7.876110635046439855e-06
3.195247505759213750e+14 7.567118720707564819e-06
3.262222009711659375e+14 7.267777720058890570e-06
3.330600343624581250e+14 6.977924662799271752e-06
3.400411932703702500e+14 6.697585031794243798e-06
3.471686818926559375e+14 6.426461527212319074e-06
3.544455673970435625e+14 6.164091030439127138e-06
3.618749812411283750e+14 5.910316864786356754e-06
3.694601205199310000e+14 5.665145750820818466e-06
3.772042493417008750e+14 5.428304187097951972e-06
3.851107002325568750e+14 5.199376074049046557e-06
3.931828755705770000e+14 4.978211105366839790e-06
4.014242490499310000e+14 4.764799928361119210e-06
4.098383671757253125e+14 4.558891228594589636e-06
4.184288507901576250e+14 4.360111827548293533e-06
4.271993966306776875e+14 4.168317898738182322e-06
4.361537789208005625e+14 3.983486558698214134e-06
4.452958509942660000e+14 3.805387206734405081e-06
4.546295469532408750e+14 3.633685800052077054e-06
4.641588833612791250e+14 3.468245127022110527e-06
4.738879609717650625e+14 3.309031166647323092e-06
4.838209664925956875e+14 3.155832686154486646e-06
4.939621743878305000e+14 3.008351290365938545e-06
5.043159487171348125e+14 2.866456535199486407e-06
5.148867450137486875e+14 2.730105502692714313e-06
5.256791122018418750e+14 2.599105098651889993e-06
5.366976945540476250e+14 2.473189368964108852e-06
5.479472336900293125e+14 2.352234798970201200e-06
5.594325706169389375e+14 2.236191657432520848e-06
5.711586478126446250e+14 2.124883864162273401e-06
5.831305113526218750e+14 2.018074964581118414e-06
5.953533130814370000e+14 1.915648535199946267e-06
6.078323128297211250e+14 1.817549953551374622e-06
6.205728806776487500e+14 1.723619121501007825e-06
6.335804992658241250e+14 1.633646390448997820e-06
6.468607661546320000e+14 1.547522579977716858e-06
6.604193962330305000e+14 1.465189931768860032e-06
6.742622241778348750e+14 1.386503377802423800e-06
6.883952069645510000e+14 1.311277612087975323e-06
7.028244264308366250e+14 1.239410829192452181e-06
7.175560918936921250e+14 1.170843718531776451e-06
7.325965428215230000e+14 1.105445357225852370e-06
7.479522515621797500e+14 1.043052530123699612e-06
7.636298261282225000e+14 9.835709082203862439e-07
7.796360130405220000e+14 9.269410354747665823e-07
7.959777002314977500e+14 8.730453029595173912e-07
8.126619200091946250e+14 8.217405273133038859e-07
8.296958520834916250e+14 7.729399169853722718e-07
8.470868266557420000e+14 7.265850966785734416e-07
8.648423275731745000e+14 6.825709814407528681e-07
8.829699955494082500e+14 6.407725345538197542e-07
9.014776314524917500e+14 6.011105132552783351e-07
9.203731996618230000e+14 5.635286658870806573e-07
9.396648314954671250e+14 5.279336705871644187e-07
9.593608287093126250e+14 4.942169072543229041e-07
9.794696670695385000e+14 4.623066352027986246e-07
1.000000000000000000e+15 4.321495848927991845e-07
1.020960662306047500e+15 4.036634546368030080e-07
1.042360673976403250e+15 3.767544479159478325e-07
1.064209244064722375e+15 3.513582146668963801e-07
1.086515774652537375e+15 3.274251427612479594e-07
1.109289864895222875e+15 3.048832162683328185e-07
1.132541315152812750e+15 2.836519892876868965e-07
1.156280131207377750e+15 2.636743215485358720e-07
1.180516528568803000e+15 2.449047542869829311e-07
1.205260936870841250e+15 2.272808238706157493e-07
1.230524004359261500e+15 2.107340668201919695e-07
1.256316602474121500e+15 1.952143003673887551e-07
1.282649830528062500e+15 1.806805426970780538e-07
1.309535020482665000e+15 1.670791449510765218e-07
1.336983741824945250e+15 1.543523495611563895e-07
1.365007806546013750e+15 1.424566083990295159e-07
1.393619274224143500e+15 1.313555781426043292e-07
1.422830457214354750e+15 1.210036808497857448e-07
1.452653925946778250e+15 1.113526694667333601e-07
1.483102514336102750e+15 1.023652410421470007e-07
1.514189325304352000e+15 9.400970391747092405e-08
1.545927736419478500e+15 8.624780148837938331e-08
1.578331405652119500e+15 7.903967513352042133e-08
1.611414277253016750e+15 7.235381816883346790e-08
1.645190587753660750e+15 6.616307234647271724e-08
1.679674872092653250e+15 6.043575068569224795e-08
1.714881969870541000e+15 5.513932937630529627e-08
1.750827031735726750e+15 5.024759986304287142e-08
1.787525525904231750e+15 4.573770751630273733e-08
1.824993244816150500e+15 4.158378747151300524e-08
1.863246311931559750e+15 3.775966353741679924e-08
1.902301188668945750e+15 3.424389077991993624e-08
1.942174681489028250e+15 3.101759902813341329e-08
1.982883949127067250e+15 2.806001086926864507e-08
2.024446509976801750e+15 2.535037740196946729e-08
2.066880249629082000e+15 2.287146128211161700e-08
2.110203428568596500e+15 2.060799186954941109e-08
2.154434690031886500e+15 1.854356764195918486e-08
2.199593068030070500e+15 1.666201585343802716e-08
2.245697995539771750e+15 1.494974516235932460e-08
2.292769312865648500e+15 1.339465773817928904e-08
2.340827276178294500e+15 1.198405053807692142e-08
2.389892566231052500e+15 1.070554853875660797e-08
2.439986297259545000e+15 9.548655370637828879e-09
2.491130026067786000e+15 8.504000725281577473e-09
2.543345761304648500e+15 7.561947683515251597e-09
2.596655972934872000e+15 6.713217050773196320e-09
2.651083601908541500e+15 5.949882145783283041e-09
2.706652070033235500e+15 5.264857627873273092e-09
2.763385290053167000e+15 4.650995172610928145e-09
2.821307675939470500e+15 4.101489328396190866e-09
2.880444153396297500e+15 3.610496795789021720e-09
2.940820170587066500e+15 3.172795686025211532e-09
3.002461709085543000e+15 2.783211319032247936e-09
3.065395295056523500e+15 2.436871604867146622e-09
3.129648010670750500e+15 2.129579702650537638e-09
3.195247505759214000e+15 1.857591172115977259e-09
3.262222009711673500e+15 1.617257649701136266e-09
3.330600343624582000e+15 1.405181635675978867e-09
3.400411932703702500e+15 1.218432189551927362e-09
3.471686818926559500e+15 1.054401955586207102e-09
3.544455673970435500e+15 9.105911088162915547e-10
3.618749812411284000e+15 7.846971289370581523e-10
3.694601205199294500e+15 6.747340662544608808e-10
3.772042493416993500e+15 5.789425609413845777e-10
3.851107002325568500e+15 4.956618276393764653e-10
3.931828755705770000e+15 4.233790144794690403e-10
4.014242490499326000e+15 3.607915799026483994e-10
4.098383671757253000e+15 3.067517461734094331e-10
4.184288507901576000e+15 2.601923431588959904e-10
4.271993966306776500e+15 2.201521650706003432e-10
4.361537789208006000e+15 1.858063424912647606e-10
4.452958509942660000e+15 1.564327161110052217e-10
4.546295469532390000e+15 1.313698073745663866e-10
4.641588833612773000e+15 1.100286857413003987e-10
4.738879609717651000e+15 9.190634498973762170e-11
4.838209664925957000e+15 7.656575318454301025e-11
4.939621743878326000e+15 6.361252539875441254e-11
5.043159487171349000e+15 5.269972066169183759e-11
5.148867450137487000e+15 4.353283616814709008e-11
5.256791122018419000e+15 3.585822229834010455e-11
5.366976945540476000e+15 2.945039532963896492e-11
5.479472336900292000e+15 2.411346411832846856e-11
5.594325706169389000e+15 1.968239657662350822e-11
5.711586478126423000e+15 1.601644931668528841e-11
5.831305113526218000e+15 1.299240617522864333e-11
5.953533130814370000e+15 1.050461826082773235e-11
6.078323128297236000e+15 8.464871405426375963e-12
6.205728806776513000e+15 6.798758548230994261e-12
6.335804992658241000e+15 5.442153509492003542e-12
6.468607661546321000e+15 4.340828819478046689e-12
6.604193962330306000e+15 3.449970704405397225e-12
6.742622241778349000e+15 2.732237700056851262e-12
6.883952069645510000e+15 2.155966459788922942e-12
7.028244264308338000e+15 1.694771097840158200e-12
7.175560918936921000e+15 1.327100255560745107e-12
7.325965428215230000e+15 1.035235397321321706e-12
7.479522515621829000e+15 8.044044560993065474e-13
7.636298261282257000e+15 6.224879152244518384e-13
7.796360130405221000e+15 4.797161400535294635e-13
7.959777002314978000e+15 3.681741328698770702e-13
8.126619200091945000e+15 2.813791721537749471e-13
8.296958520834915000e+15 2.141002959582025533e-13
8.470868266557420000e+15 1.621819838573078535e-13
8.648423275731709000e+15 1.223111322588395852e-13
8.829699955494083000e+15 9.182443453265722610e-14
9.014776314524918000e+15 6.861069991487541837e-14
9.203731996618230000e+15 5.101964374596680918e-14
9.396648314954710000e+15 3.775829003964050667e-14
9.593608287093126000e+15 2.780761782130683331e-14
9.794696670695384000e+15 2.037508524167418569e-14
