1.020960662306047603e+07 2.233003362610398028e+02
1.042360673976401053e+07 2.186713814945011904e+02
1.064209244064724632e+07 2.141363623107744161e+02
1.086515774652537145e+07 2.096943328051338540e+02
1.109289864895222709e+07 2.053431927645896451e+02
1.132541315152812563e+07 2.010802079573396952e+02
1.156280131207375228e+07 1.969038260596731504e+02
1.180516528568805568e+07 1.928131745927751979e+02
1.205260936870841496e+07 1.888063156946641072e+02
1.230524004359261692e+07 1.848807264076557999e+02
1.256316602474121563e+07 1.810349745830800430e+02
1.282649830528059974e+07 1.772682554608296925e+02
1.309535020482667536e+07 1.735787810709614973e+02
1.336983741824945062e+07 1.699642235566274167e+02
1.365007806546013802e+07 1.664232616897321009e+02
1.393619274224143475e+07 1.629551531640016719e+02
1.422830457214351930e+07 1.595582483958770865e+02
1.452653925946781226e+07 1.562303996827750154e+02
1.483102514336102828e+07 1.529703881748751542e+02
1.514189325304351933e+07 1.497775291648626421e+02
1.545927736419478431e+07 1.466503008268900032e+02
1.578331405652116425e+07 1.435867218064961719e+02
1.611414277253019996e+07 1.405856677434840094e+02
1.645190587753660791e+07 1.376465070517423044e+02
1.679674872092653066e+07 1.347678358465225870e+02
1.714881969870540872e+07 1.319478263658243407e+02
1.750827031735723466e+07 1.291854414569976370e+02
1.787525525904235244e+07 1.264800985251096250e+02
1.824993244816150516e+07 1.238305025597684619e+02
1.863246311931559816e+07 1.212349676076124609e+02
1.902301188668945804e+07 1.186925369993914501e+02
1.942174681489024311e+07 1.162026733234904441e+02
1.982883949127071351e+07 1.137641820710401390e+02
2.024446509976801649e+07 1.113755082103183440e+02
2.066880249629081786e+07 1.090357693470129448e+02
2.110203428568596393e+07 1.067444697422216819e+02
2.154434690031882003e+07 1.045005076549957437e+02
2.199593068030074611e+07 1.023024489178017262e+02
2.245697995539776236e+07 1.001494796810763432e+02
2.292769312865648791e+07 9.804114263920381234e+01
2.340827276178294048e+07 9.597642167831001814e+01
2.389892566231048107e+07 9.395399420436201865e+01
2.439986297259550542e+07 9.197310962176604221e+01
2.491130026067791134e+07 9.003334607204320150e+01
2.543345761304648221e+07 8.813376647297319266e+01
2.596655972934872285e+07 8.627315122201211750e+01
2.651083601908536255e+07 8.445080809369198960e+01
2.706652070033241063e+07 8.266634792273926280e+01
2.763385290053172782e+07 8.091890656710826590e+01
2.821307675939470530e+07 7.920735948947661598e+01
2.880444153396297619e+07 7.753106832575160468e+01
2.940820170587060601e+07 7.588967406344480082e+01
3.002461709085549042e+07 7.428237987743480630e+01
3.065395295056529716e+07 7.270814897316954273e+01
3.129648010670750216e+07 7.116639268556576781e+01
3.195247505759213492e+07 6.965677981342881253e+01
3.262222009711666778e+07 6.817857565459949853e+01
3.330600343624588847e+07 6.673082439474586636e+01
3.400411932703709602e+07 6.531298322584531491e+01
3.471686818926559389e+07 6.392474659728333819e+01
3.544455673970435560e+07 6.256543713511840821e+01
3.618749812411276251e+07 6.123417375918689487e+01
3.694601205199302733e+07 5.993045597147139603e+01
3.772042493417001516e+07 5.865400188099877710e+01
3.851107002325568348e+07 5.740418701352194830e+01
3.931828755705770105e+07 5.618019925418863636e+01
4.014242490499317646e+07 5.498157714216030456e+01
4.098383671757261455e+07 5.380806060832986759e+01
4.184288507901584357e+07 5.265907398997447331e+01
4.271993966306776553e+07 5.153386881061113911e+01
4.361537789208005369e+07 5.043201962458215348e+01
4.452958509942659736e+07 4.935328649064889106e+01
4.546295469532398880e+07 4.829713878308950115e+01
4.641588833612781763e+07 4.726288674385934030e+01
4.738879609717650712e+07 4.625013815338419221e+01
4.838209664925957471e+07 4.525867163641228075e+01
4.939621743878325820e+07 4.428799811884196913e+01
5.043159487171358615e+07 4.333748201816754175e+01
5.148867450137497485e+07 4.240676176669820308e+01
5.256791122018418461e+07 4.149563311423371204e+01
5.366976945540475845e+07 4.060364532114849112e+01
5.479472336900292337e+07 3.973021278535832579e+01
5.594325706169377267e+07 3.887500221508383902e+01
5.711586478126434237e+07 3.803782515645859519e+01
5.831305113526218385e+07 3.721826623417925362e+01
5.953533130814369768e+07 3.641578595302938481e+01
6.078323128297235817e+07 3.563007710432064812e+01
6.205728806776500493e+07 3.486096580535065925e+01
6.335804992658253759e+07 3.410806930287375138e+01
6.468607661546321213e+07 3.337089063221893781e+01
6.604193962330305576e+07 3.264914664417911183e+01
6.742622241778348386e+07 3.194267689700352975e+01
6.883952069645495713e+07 3.125112872836481870e+01
7.028244264308351278e+07 3.057404440215861996e+01
7.175560918936920166e+07 2.991116296090883253e+01
7.325965428215231001e+07 2.926233636183629372e+01
7.479522515621829033e+07 2.862723969690482662e+01
7.636298261282241344e+07 2.800545141024697315e+01
7.796360130405236781e+07 2.739673101245089626e+01
7.959777002314977348e+07 2.680094189846901997e+01
8.126619200091944635e+07 2.621778475818216236e+01
8.296958520834915340e+07 2.564687140148708266e+01
8.470868266557401419e+07 2.508798021651297461e+01
8.648423275731725991e+07 2.454098514973195932e+01
8.829699955494081974e+07 2.400561049814488968e+01
9.014776314524917305e+07 2.348149883962343409e+01
9.203731996618229151e+07 2.296844597210185768e+01
9.396648314954690635e+07 2.246633557605006359e+01
9.593608287093147635e+07 2.197491371831182505e+01
9.794696670695386827e+07 2.149385134680544240e+01
1.000000000000000000e+08 2.102296031490223882e+01
1.020960662306047529e+08 2.056213328300772858e+01
1.042360673976403177e+08 2.011113639229434114e+01
1.064209244064722359e+08 1.966966674730440090e+01
1.086515774652537256e+08 1.923755100702733856e+01
1.109289864895222783e+08 1.881469011661977220e+01
1.132541315152812600e+08 1.840086872664769402e+01
1.156280131207377762e+08 1.799580805539928008e+01
1.180516528568803072e+08 1.759934841437495834e+01
1.205260936870841384e+08 1.721139839213683587e+01
1.230524004359261543e+08 1.683175970459909720e+01
1.256316602474121451e+08 1.646017579840263068e+01
1.282649830528062433e+08 1.609649957359434325e+01
1.309535020482665002e+08 1.574064667064702938e+01
1.336983741824945360e+08 1.539243453826409613e+01
1.365007806546013653e+08 1.505162711155614197e+01
1.393619274224143326e+08 1.471808889741264537e+01
1.422830457214354575e+08 1.439174204271550295e+01
1.452653925946778059e+08 1.407241849929812538e+01
1.483102514336102903e+08 1.375990108521866873e+01
1.514189325304352045e+08 1.345406500854370613e+01
1.545927736419478357e+08 1.315483841936773324e+01
1.578331405652119517e+08 1.286206663812542139e+01
1.611414277253016531e+08 1.257554988426820231e+01
1.645190587753660679e+08 1.229517323151327979e+01
1.679674872092653215e+08 1.202087036912663187e+01
1.714881969870540798e+08 1.175249893929774458e+01
1.750827031735726893e+08 1.148987519599216434e+01
1.787525525904231668e+08 1.123289330774946748e+01
1.824993244816150367e+08 1.098149207489447754e+01
1.863246311931559741e+08 1.073554049568296875e+01
1.902301188668946028e+08 1.049486959746545622e+01
1.942174681489028633e+08 1.025938193247255015e+01
1.982883949127075374e+08 1.002902101729786644e+01
2.024446509976801872e+08 9.803666315291257760e+00
2.066880249629082084e+08 9.583162463774517192e+00
2.110203428568596542e+08 9.367419742746475819e+00
2.154434690031886399e+08 9.156386020870547426e+00
2.199593068030070364e+08 8.949950404667644577e+00
2.245697995539771616e+08 8.747970068249653508e+00
2.292769312865648568e+08 8.550362414338867012e+00
2.340827276178294122e+08 8.357079327684337144e+00
2.389892566231052577e+08 8.168018799878366210e+00
2.439986297259555161e+08 7.983049551879411787e+00
2.491130026067785919e+08 7.802095551062019574e+00
2.543345761304648221e+08 7.625112388370792083e+00
2.596655972934872508e+08 7.452006241162276723e+00
2.651083601908541918e+08 7.282656464267532215e+00
2.706652070033235550e+08 7.116993074920244133e+00
2.763385290053166747e+08 6.954975084394524387e+00
2.821307675939470530e+08 6.796516210886047737e+00
2.880444153396297693e+08 6.641505601059634500e+00
2.940820170587067008e+08 6.489878847236605353e+00
3.002461709085555673e+08 6.341598117319203531e+00
3.065395295056523085e+08 6.196584075529845137e+00
3.129648010670750141e+08 6.054734883872345819e+00
3.195247505759213567e+08 5.915991271929678774e+00
3.262222009711673260e+08 5.780318320949310973e+00
3.330600343624581695e+08 5.647643092619679450e+00
3.400411932703702450e+08 5.517872048330398016e+00
3.471686818926559091e+08 5.390950651116425796e+00
3.544455673970435262e+08 5.266846671136021563e+00
3.618749812411283851e+08 5.145493061726231332e+00
3.694601205199309587e+08 5.026803923514885142e+00
3.772042493416993618e+08 4.910729080648422062e+00
3.851107002325568795e+08 4.797238785104338099e+00
3.931828755705770254e+08 4.686271415483965974e+00
4.014242490499325991e+08 4.577748103077946773e+00
4.098383671757252812e+08 4.471622689742426715e+00
4.184288507901575565e+08 4.367867718258786169e+00
4.271993966306776404e+08 4.266426562472577899e+00
4.361537789208005667e+08 4.167226823314400974e+00
4.452958509942659736e+08 4.070226043733022436e+00
4.546295469532408714e+08 3.975398881055958178e+00
4.641588833612772226e+08 3.882693307933292814e+00
4.738879609717651010e+08 3.792042877818071478e+00
4.838209664925957322e+08 3.703408542821483795e+00
4.939621743878325820e+08 3.616766912201227147e+00
5.043159487171348333e+08 3.532070191927769276e+00
5.148867450137487054e+08 3.449257411385557859e+00
5.256791122018419504e+08 3.368292662702356388e+00
5.366976945540476441e+08 3.289154356994159034e+00
5.479472336900292635e+08 3.211798596677341244e+00
5.594325706169389486e+08 3.136169447858047743e+00
5.711586478126422167e+08 3.062233894537514711e+00
5.831305113526217937e+08 2.989972011224264481e+00
5.953533130814369917e+08 2.919343486272011567e+00
6.078323128297235966e+08 2.850297017809046096e+00
6.205728806776486635e+08 2.782802252930546949e+00
6.335804992658240795e+08 2.716840801779585313e+00
6.468607661546320915e+08 2.652375652474699308e+00
6.604193962330304384e+08 2.589359762277235522e+00
6.742622241778348684e+08 2.527765230501662241e+00
6.883952069645509720e+08 2.467575085011948222e+00
7.028244264308338165e+08 2.408755349968436654e+00
7.175560918936921358e+08 2.351262898247447719e+00
7.325965428215229511e+08 2.295072086998993566e+00
7.479522515621827841e+08 2.240167253005977077e+00
7.636298261282258034e+08 2.186517213443237573e+00
7.796360130405220985e+08 2.134082440376772194e+00
7.959777002314977646e+08 2.082839369623707082e+00
8.126619200091946125e+08 2.032773546463770842e+00
8.296958520834914446e+08 1.983856357173275908e+00
8.470868266557419300e+08 1.936051581567767466e+00
8.648423275731709003e+08 1.889337569000705042e+00
8.829699955494083166e+08 1.843700980559652036e+00
9.014776314524917603e+08 1.799115565337912725e+00
9.203731996618230343e+08 1.755548142507019183e+00
9.396648314954710007e+08 1.712978822759597453e+00
9.593608287093126774e+08 1.671395297459232321e+00
9.794696670695385933e+08 1.630773488471148225e+00
1.000000000000000000e+09 1.591083007184993514e+00
1.020960662306047559e+09 1.552305585385593156e+00
1.042360673976403356e+09 1.514429865752368265e+00
1.064209244064726830e+09 1.477433767871909609e+00
1.086515774652537346e+09 1.441289467821025960e+00
1.109289864895222664e+09 1.405980189236302191e+00
1.132541315152812481e+09 1.371495453230548334e+00
1.156280131207372904e+09 1.337815015887730219e+00
1.180516528568803072e+09 1.304913408510576911e+00
1.205260936870841503e+09 1.272775227501417694e+00
1.230524004359261513e+09 1.241390805132064123e+00
1.256316602474121332e+09 1.210741585501516671e+00
1.282649830528062582e+09 1.180804262348447153e+00
1.309535020482670307e+09 1.151564695123455495e+00
1.336983741824945211e+09 1.123013965143947690e+00
1.365007806546013832e+09 1.095135067802213813e+00
1.393619274224143505e+09 1.067906681847462957e+00
1.422830457214349031e+09 1.041315828692982226e+00
1.452653925946778297e+09 1.015354281365355549e+00
1.483102514336102724e+09 9.900064606601818307e-01
1.514189325304351807e+09 9.652528670784759068e-01
1.545927736419478655e+09 9.410815908728895618e-01
1.578331405652119875e+09 9.174850438418514775e-01
1.611414277253023148e+09 8.944489562890398648e-01
1.645190587753660679e+09 8.719555002638770258e-01
1.679674872092653036e+09 8.499937490796536377e-01
1.714881969870540857e+09 8.285567044277363236e-01
1.750827031735726833e+09 8.076312994356508179e-01
1.787525525904231787e+09 7.872012395336630552e-01
1.824993244816150427e+09 7.672565020841697336e-01
1.863246311931559801e+09 7.477906335386899084e-01
1.902301188668945789e+09 7.287916716550918439e-01
1.942174681489028454e+09 7.102447281696254722e-01
1.982883949127075434e+09 6.921406117232627997e-01
2.024446509976801872e+09 6.744733718503089781e-01
2.066880249629082203e+09 6.572320605740317179e-01
2.110203428568596601e+09 6.404030790790212757e-01
2.154434690031886578e+09 6.239780002687969063e-01
2.199593068030070305e+09 6.079513382741986716e-01
2.245697995539771557e+09 5.923130762293268292e-01
2.292769312865648746e+09 5.770507973290249781e-01
2.340827276178294182e+09 5.621567770250021079e-01
2.389892566231052876e+09 5.476259585021446830e-01
2.439986297259555340e+09 5.334491794994877800e-01
2.491130026067785740e+09 5.196151064575236234e-01
2.543345761304647923e+09 5.061166605526907780e-01
2.596655972934872150e+09 4.929491811968161885e-01
2.651083601908541679e+09 4.801042903546215990e-01
2.706652070033235550e+09 4.675716469383719986e-01
2.763385290053166866e+09 4.553447655319169396e-01
2.821307675939470768e+09 4.434193514538883885e-01
2.880444153396297932e+09 4.317877461578463749e-01
2.940820170587066650e+09 4.204405176178615533e-01
3.002461709085555077e+09 4.093717256597286802e-01
3.065395295056523800e+09 3.985774135015750508e-01
3.129648010670750618e+09 3.880505825519319774e-01
3.195247505759213448e+09 3.777826332120491903e-01
3.262222009711673260e+09 3.677681262131914930e-01
3.330600343624581814e+09 3.580034168028950470e-01
3.400411932703702450e+09 3.484821115989045759e-01
3.471686818926559448e+09 3.391963730381092335e-01
3.544455673970435619e+09 3.301412219485057586e-01
3.618749812411283970e+09 3.213133017072540287e-01
3.694601205199309826e+09 3.127067738090890670e-01
3.772042493416993618e+09 3.043144980819631473e-01
3.851107002325568676e+09 2.961319178918186967e-01
3.931828755705770016e+09 2.881559426659426881e-01
4.014242490499325752e+09 2.803812425090252414e-01
4.098383671757252693e+09 2.728013152840534916e-01
4.184288507901576042e+09 2.654119923324307906e-01
4.271993966306777000e+09 2.582104287322498637e-01
4.361537789208005905e+09 2.511917606725457830e-01
4.452958509942660332e+09 2.443500695667231715e-01
4.546295469532408714e+09 2.376815429282537473e-01
4.641588833612771988e+09 2.311835626367160501e-01
4.738879609717651367e+09 2.248516918884981286e-01
4.838209664925957680e+09 2.186805456423880356e-01
4.939621743878325462e+09 2.126666383236196223e-01
5.043159487171347618e+09 2.068075611970099648e-01
5.148867450137486458e+09 2.010992685616558306e-01
5.256791122018419266e+09 1.955368630404886732e-01
5.366976945540475845e+09 1.901171590525100319e-01
5.479472336900292397e+09 1.848379411538602912e-01
5.594325706169388771e+09 1.796955217636629076e-01
5.711586478126422882e+09 1.746854490809914839e-01
5.831305113526218414e+09 1.698048127584134426e-01
5.953533130814370155e+09 1.650515757706992881e-01
6.078323128297236443e+09 1.604223783641157697e-01
6.205728806776488304e+09 1.559131757146418051e-01
6.335804992658241272e+09 1.515213099362698601e-01
6.468607661546320915e+09 1.472449086775593496e-01
6.604193962330305099e+09 1.430809121937973993e-01
6.742622241778348923e+09 1.390256472485070505e-01
6.883952069645509720e+09 1.350766874753189239e-01
7.028244264308338165e+09 1.312323124930615259e-01
7.175560918936921120e+09 1.274897370267180363e-01
7.325965428215229988e+09 1.238456269883553423e-01
7.479522515621828079e+09 1.202977682755466265e-01
7.636298261282225609e+09 1.168445807363972105e-01
7.796360130405220985e+09 1.134835301220862430e-01
7.959777002314977646e+09 1.102115917672614742e-01
8.126619200091945648e+09 1.070267461302571582e-01
8.296958520834915161e+09 1.039275424363856754e-01
8.470868266557419777e+09 1.009116759483352221e-01
8.648423275731708527e+09 9.797640419067524253e-02
8.829699955494083405e+09 9.511988590922554332e-02
9.014776314524917603e+09 9.234078967564687823e-02
9.203731996618228912e+09 8.963702052357590266e-02
9.396648314954671860e+09 8.700609322646520039e-02
9.593608287093128204e+09 8.444632986078953740e-02
9.794696670695384979e+09 8.195650907244989014e-02
1.000000000000000000e+10 7.953472755714352527e-02
1.020960662306047440e+10 7.717873450208552477e-02
1.042360673976403236e+10 7.488700156937577734e-02
1.064209244064726830e+10 7.265840890802405250e-02
1.086515774652537155e+10 7.049122826793134677e-02
1.109289864895222664e+10 6.838342234892989813e-02
1.132541315152812576e+10 6.633359976958994042e-02
1.156280131207373047e+10 6.434073425891276288e-02
1.180516528568803024e+10 6.240325739290212420e-02
1.205260936870841217e+10 6.051932625946517680e-02
1.230524004359261703e+10 5.868767483137517921e-02
1.256316602474121475e+10 5.690736309344956306e-02
1.282649830528062630e+10 5.517696848838850310e-02
1.309535020482670403e+10 5.349482499875374969e-02
1.336983741824945259e+10 5.185978129456481067e-02
1.365007806546013641e+10 5.027097684584544424e-02
1.393619274224143410e+10 4.872712216878925112e-02
1.422830457214348984e+10 4.722671214453584565e-02
1.452653925946778107e+10 4.576870035348565985e-02
1.483102514336102867e+10 4.435229949194382376e-02
1.514189325304351997e+10 4.297634142807245372e-02
1.545927736419478416e+10 4.163946732010032764e-02
1.578331405652119637e+10 4.034072667235488741e-02
1.611414277253023148e+10 3.907939962157236380e-02
1.645190587753660774e+10 3.785442865139559965e-02
1.679674872092653275e+10 3.666458783653593623e-02
1.714881969870541000e+10 3.550901435558603825e-02
1.750827031735726929e+10 3.438705043735549444e-02
1.787525525904231644e+10 3.329773934917337058e-02
1.824993244816150284e+10 3.223997587857140718e-02
1.863246311931559753e+10 3.121297730641450080e-02
1.902301188668945694e+10 3.021614300980991069e-02
1.942174681489028549e+10 2.924860803921474142e-02
1.982883949127075195e+10 2.830937675216514682e-02
2.024446509976801682e+10 2.739773958332515288e-02
2.066880249629082108e+10 2.651314848851507242e-02
2.110203428568596649e+10 2.565482206409430352e-02
2.154434690031886673e+10 2.482186406744262691e-02
2.199593068030070114e+10 2.401363171215632406e-02
2.245697995539771652e+10 2.322962530926987734e-02
2.292769312865648651e+10 2.246913946470829523e-02
2.340827276178294373e+10 2.173136805714908151e-02
2.389892566231052399e+10 2.101572923173830598e-02
2.439986297259555435e+10 2.032176775140152533e-02
2.491130026067786026e+10 1.964884733881615275e-02
2.543345761304648209e+10 1.899624353233959895e-02
2.596655972934872437e+10 1.836343004644187121e-02
2.651083601908541489e+10 1.774999248886732425e-02
2.706652070033235550e+10 1.715535739683844707e-02
2.763385290053166962e+10 1.657887425514921811e-02
2.821307675939470673e+10 1.602006743148820869e-02
2.880444153396297836e+10 1.547856004548904020e-02
2.940820170587066650e+10 1.495383568870796605e-02
3.002461709085555267e+10 1.444531076446188209e-02
3.065395295056523514e+10 1.395255578772392618e-02
3.129648010670750427e+10 1.347522831080562485e-02
3.195247505759213638e+10 1.301286371666399676e-02
3.262222009711672974e+10 1.256493892659021026e-02
3.330600343624581909e+10 1.213106647405236445e-02
3.400411932703702927e+10 1.171093549963210176e-02
3.471686818926559448e+10 1.130412837087674087e-02
3.544455673970435333e+10 1.091017670070415675e-02
3.618749812411283875e+10 1.052873125891759694e-02
3.694601205199309540e+10 1.015951014734972971e-02
3.772042493416993713e+10 9.802138329623805851e-03
3.851107002325569153e+10 9.456196809233211736e-03
3.931828755705770111e+10 9.121371128778234250e-03
4.014242490499325562e+10 8.797405925562506307e-03
4.098383671757252502e+10 8.483964754306306741e-03
4.184288507901576233e+10 8.180673188416478017e-03
4.271993966306776428e+10 7.887248372560452456e-03
4.361537789208005524e+10 7.603459240104886406e-03
4.452958509942659760e+10 7.329004283413715314e-03
4.546295469532408905e+10 7.063549264345785408e-03
4.641588833612772369e+10 6.806840027967141389e-03
4.738879609717650604e+10 6.558667736864953399e-03
4.838209664925956726e+10 6.318762489761611811e-03
4.939621743878325653e+10 6.086826256856247251e-03
5.043159487171348572e+10 5.862630929165092708e-03
5.148867450137487030e+10 5.645987991479364636e-03
5.256791122018418884e+10 5.436656112748134394e-03
5.366976945540475464e+10 5.234369858058086390e-03
5.479472336900292206e+10 5.038924737019509839e-03
5.594325706169388580e+10 4.850150797660645122e-03
5.711586478126422882e+10 4.667832513363855997e-03
5.831305113526218414e+10 4.491733765470725358e-03
5.953533130814369965e+10 4.321671463426538483e-03
6.078323128297235870e+10 4.157492596669460846e-03
6.205728806776487732e+10 3.999004924778227534e-03
6.335804992658241272e+10 3.845998672328782269e-03
6.468607661546320343e+10 3.698310121415399228e-03
6.604193962330305481e+10 3.555801708120438082e-03
6.742622241778349304e+10 3.418302186595795471e-03
6.883952069645510864e+10 3.285625430490702464e-03
7.028244264308338928e+10 3.157625243267586906e-03
7.175560918936921692e+10 3.034178130608627868e-03
7.325965428215229797e+10 2.915131757022306445e-03
7.479522515621827698e+10 2.800321205375926048e-03
7.636298261282226562e+10 2.689616110734812087e-03
7.796360130405221558e+10 2.582905780416338681e-03
7.959777002314976501e+10 2.480054894816733062e-03
8.126619200091944885e+10 2.380917538013889705e-03
8.296958520834915161e+10 2.285377635163613873e-03
8.470868266557418823e+10 2.193336128331368692e-03
8.648423275731707764e+10 2.104672992889672096e-03
8.829699955494082642e+10 2.019259317376232311e-03
9.014776314524917603e+10 1.936991911592811757e-03
9.203731996618229675e+10 1.857782279131215200e-03
9.396648314954670715e+10 1.781524128123827561e-03
9.593608287093125916e+10 1.708103747220061745e-03
9.794696670695385742e+10 1.637429550286066638e-03
1.000000000000000000e+11 1.569422616017863460e-03
1.020960662306047516e+11 1.503988968144393370e-03
1.042360673976403351e+11 1.441028466234978373e-03
1.064209244064726715e+11 1.380459962191639845e-03
1.086515774652537231e+11 1.322213203823641593e-03
1.109289864895222778e+11 1.266205245838713600e-03
1.132541315152812653e+11 1.212348048901906424e-03
1.156280131207372894e+11 1.160569842001113764e-03
1.180516528568803101e+11 1.110808210595812945e-03
1.205260936870841370e+11 1.062990076822310868e-03
1.230524004359261475e+11 1.017038177553929732e-03
1.256316602474121399e+11 9.728891542705137918e-04
1.282649830528062439e+11 9.304876676718902388e-04
1.309535020482670288e+11 8.897694543208117639e-04
1.336983741824945221e+11 8.506668341454358059e-04
1.365007806546013794e+11 8.131239848661393939e-04
1.393619274224143372e+11 7.770919439839743667e-04
1.422830457214349060e+11 7.425143103855491849e-04
1.452653925946778259e+11 7.093319135713383730e-04
1.483102514336102905e+11 6.774956722215291641e-04
1.514189325304352112e+11 6.469623614523430490e-04
1.545927736419478455e+11 6.176825824268473509e-04
1.578331405652119751e+11 5.896047093856022093e-04
1.611414277253023071e+11 5.626856808783858421e-04
1.645190587753660583e+11 5.368874253200450232e-04
1.679674872092653198e+11 5.121667700523825249e-04
1.714881969870540771e+11 4.884787678083996314e-04
1.750827031735719604e+11 4.657857238727310437e-04
1.787525525904231873e+11 4.440541864382050851e-04
1.824993244816150513e+11 4.232465094484441572e-04
1.863246311931559753e+11 4.033236472770952317e-04
1.902301188668945618e+11 3.842526810287860651e-04
1.942174681489028320e+11 3.660042921614087958e-04
1.982883949127075500e+11 3.485457313571564946e-04
2.024446509976802063e+11 3.318431587889363868e-04
2.066880249629082031e+11 3.158678974102510943e-04
2.110203428568596497e+11 3.005943189141384807e-04
2.154434690031877747e+11 2.859940043353856472e-04
2.199593068030070190e+11 2.720376971644367873e-04
2.245697995539771729e+11 2.587004803227863732e-04
2.292769312865648804e+11 2.459600129103345139e-04
2.340827276178294067e+11 2.337916976922960926e-04
2.389892566231052551e+11 2.221703053785099098e-04
2.439986297259555054e+11 2.110742446006847915e-04
2.491130026067796021e+11 2.004840961829747930e-04
2.543345761304648132e+11 1.903786285286550382e-04
2.596655972934872437e+11 1.807361434921180346e-04
2.651083601908530884e+11 1.715379846710177994e-04
2.706652070033235779e+11 1.627673232275558270e-04
2.763385290053167114e+11 1.544058848464195611e-04
2.821307675939470825e+11 1.464350606798124285e-04
2.880444153396297607e+11 1.388387782764853194e-04
2.940820170587066650e+11 1.316024993906908600e-04
3.002461709085555420e+11 1.247105419767555656e-04
3.065395295056536255e+11 1.181469935860000322e-04
3.129648010670750732e+11 1.118980509496523255e-04
3.195247505759213257e+11 1.059511958297899408e-04
3.262222009711659546e+11 1.002930127620618711e-04
3.330600343624581909e+11 9.490993693791875165e-05
3.400411932703702393e+11 8.979015254128771271e-05
3.471686818926559448e+11 8.492291760631512105e-05
3.544455673970435181e+11 8.029679320218480708e-05
3.618749812411284180e+11 7.590025316400641608e-05
3.694601205199309692e+11 7.172321748350866412e-05
3.772042493417008667e+11 6.775650141939314121e-05
3.851107002325568848e+11 6.399038479460488686e-05
3.931828755705770264e+11 6.041510687032275516e-05
4.014242490499309692e+11 5.702209916535921669e-05
4.098383671757252808e+11 5.380353778592127719e-05
4.184288507901575928e+11 5.075119270889951319e-05
4.271993966306776123e+11 4.785682755894024977e-05
4.361537789208005371e+11 4.511318595889096558e-05
4.452958509942659912e+11 4.251362927087496167e-05
4.546295469532408447e+11 4.005121537870765962e-05
4.641588833612791138e+11 3.771902006717699440e-05
4.738879609717650757e+11 3.551092218901882348e-05
4.838209664925957031e+11 3.342131179488077100e-05
4.939621743878305664e+11 3.144435619322993961e-05
5.043159487171348267e+11 2.957425698929414538e-05
5.148867450137487183e+11 2.780587181345296120e-05
5.256791122018419189e+11 2.613448021639130429e-05
5.366976945540476074e+11 2.455520184536408334e-05
5.479472336900292969e+11 2.306320092793206084e-05
5.594325706169388428e+11 2.165417588285414516e-05
5.711586478126446533e+11 2.032417241456963160e-05
5.831305113526218262e+11 1.906912465291950355e-05
5.953533130814368896e+11 1.788501691938901167e-05
6.078323128297211914e+11 1.676826709104003605e-05
6.205728806776488037e+11 1.571557808755115731e-05
6.335804992658240967e+11 1.472357791340039901e-05
6.468607661546320801e+11 1.378894688181737530e-05
6.604193962330305176e+11 1.290871599707469144e-05
6.742622241778348389e+11 1.208014952525408421e-05
6.883952069645510254e+11 1.130046417490930629e-05
7.028244264308366699e+11 1.056692854032380310e-05
7.175560918936921387e+11 9.877093893810001121e-06
7.325965428215229492e+11 9.228701801708434125e-06
7.479522515621828613e+11 8.619466289689904333e-06
7.636298261282225342e+11 8.047151069982555748e-06
7.796360130405220947e+11 7.509746892215540793e-06
7.959777002314978027e+11 7.005399238987554732e-06
8.126619200091945801e+11 6.532240340758508808e-06
8.296958520834915771e+11 6.088448742870776138e-06
8.470868266557419434e+11 5.672384661520683271e-06
8.648423275731743164e+11 5.282533695232903327e-06
8.829699955494082031e+11 4.917378066331953459e-06
9.014776314524916992e+11 4.575442237235786089e-06
9.203731996618229980e+11 4.255395478635870872e-06
9.396648314954670410e+11 3.956008288054645804e-06
9.593608287093126221e+11 3.676054314573271393e-06
9.794696670695385742e+11 3.414345027355831802e-06
1.000000000000000000e+12 3.169806856927334222e-06
1.020960662306047485e+12 2.941447640666580976e-06
1.042360673976403198e+12 2.728282399947594383e-06
1.064209244064726929e+12 2.529359477197991140e-06
1.086515774652537354e+12 2.343818097802021840e-06
1.109289864895222656e+12 2.170862683326247117e-06
1.132541315152812744e+12 2.009707052491881946e-06
1.156280131207372803e+12 1.859593958589241701e-06
1.180516528568802979e+12 1.719837686413307341e-06
1.205260936870841309e+12 1.589804503414818012e-06
1.230524004359261719e+12 1.468870997425017377e-06
1.256316602474121338e+12 1.356438548508114434e-06
1.282649830528062500e+12 1.251964576819185334e-06
1.309535020482670410e+12 1.154947753873023787e-06
1.336983741824945068e+12 1.064897113515422271e-06
1.365007806546013672e+12 9.813426677583233037e-07
1.393619274224143311e+12 9.038581182268109097e-07
1.422830457214348877e+12 8.320497366435678359e-07
1.452653925946778320e+12 7.655336280128684736e-07
1.483102514336102783e+12 7.039434369147432381e-07
1.514189325304351807e+12 6.469466935351099683e-07
1.545927736419478516e+12 5.942365049267856818e-07
1.578331405652119873e+12 5.455149422885665487e-07
1.611414277253023193e+12 5.004985724167830082e-07
1.645190587753660889e+12 4.589301004281950464e-07
1.679674872092653076e+12 4.205722005472971568e-07
1.714881969870540771e+12 3.851954695646427603e-07
1.750827031735719727e+12 3.525823489037690061e-07
1.787525525904231689e+12 3.225353256554668215e-07
1.824993244816150391e+12 2.948723814157442059e-07
1.863246311931559814e+12 2.694183241964967627e-07
1.902301188668945801e+12 2.460075323678364565e-07
1.942174681489028320e+12 2.244896629800892884e-07
1.982883949127075439e+12 2.047263162214597133e-07
2.024446509976801758e+12 1.865848473153573017e-07
2.066880249629082031e+12 1.699402580645783291e-07
2.110203428568596680e+12 1.546791194483924679e-07
2.154434690031877930e+12 1.406971432458050389e-07
2.199593068030070312e+12 1.278947997135648079e-07
2.245697995539771484e+12 1.161786001963057510e-07
2.292769312865648926e+12 1.054637553658710858e-07
2.340827276178293945e+12 9.567241922422596215e-08
2.389892566231052246e+12 8.673061081304813150e-08
2.439986297259555176e+12 7.856906783255887323e-08
2.491130026067796387e+12 7.112502086160514628e-08
2.543345761304647949e+12 6.434093228724288656e-08
2.596655972934872070e+12 5.816235180392088699e-08
2.651083601908530762e+12 5.253847242710275348e-08
2.706652070033235840e+12 4.742329496249195035e-08
2.763385290053166992e+12 4.277472870048956064e-08
2.821307675939470703e+12 3.855310987464979429e-08
2.880444153396297852e+12 3.472155473908014820e-08
2.940820170587066406e+12 3.124670963172005564e-08
3.002461709085555176e+12 2.809811423138670119e-08
3.065395295056536133e+12 2.524718662173406235e-08
3.129648010670750488e+12 2.266744066104589801e-08
3.195247505759213867e+12 2.033495892897454362e-08
3.262222009711660156e+12 1.822794518298840394e-08
3.330600343624582031e+12 1.632603495688246080e-08
3.400411932703702637e+12 1.461042420262038678e-08
3.471686818926559082e+12 1.306416022515001641e-08
3.544455673970435547e+12 1.167182948379720648e-08
3.618749812411284180e+12 1.041909330235283633e-08
3.694601205199310059e+12 9.292760026354686180e-09
3.772042493417008789e+12 8.280958798602863761e-09
3.851107002325568848e+12 7.372923465358996634e-09
3.931828755705770020e+12 6.558682574248285901e-09
4.014242490499309570e+12 5.829096728162923857e-09
4.098383671757252930e+12 5.175958665207222940e-09
4.184288507901576172e+12 4.591844891735353171e-09
4.271993966306776855e+12 4.069910486359600429e-09
4.361537789208005859e+12 3.603905887984619839e-09
4.452958509942660156e+12 3.188231852772655679e-09
4.546295469532409180e+12 2.817838446101660090e-09
4.641588833612791016e+12 2.488090406192846020e-09
4.738879609717650391e+12 2.194772456398219514e-09
4.838209664925957031e+12 1.934117517764037800e-09
4.939621743878305664e+12 1.702738552502066058e-09
5.043159487171347656e+12 1.497541007447985613e-09
5.148867450137486328e+12 1.315722257233697327e-09
5.256791122018418945e+12 1.154784601245360774e-09
5.366976945540475586e+12 1.012489705505966440e-09
5.479472336900291992e+12 8.868021784323471248e-10
5.594325706169388672e+12 7.758864523313265635e-10
5.711586478126446289e+12 6.781115857659072882e-10
5.831305113526218750e+12 5.920211149331864429e-10
5.953533130814370117e+12 5.162970307930797506e-10
6.078323128297210938e+12 4.497559333738061800e-10
6.205728806776487305e+12 3.913497633614785449e-10
6.335804992658241211e+12 3.401460637973939599e-10
6.468607661546321289e+12 2.953052045547198135e-10
6.604193962330305664e+12 2.560767343631660977e-10
6.742622241778348633e+12 2.217983537924441951e-10
6.883952069645509766e+12 1.918831405730950436e-10
7.028244264308366211e+12 1.658052959091945091e-10
7.175560918936920898e+12 1.430970836222095527e-10
7.325965428215229492e+12 1.233472603560903332e-10
7.479522515621797852e+12 1.061929096529921723e-10
7.636298261282225586e+12 9.131061747892637543e-11
7.796360130405220703e+12 7.841409296955163157e-11
7.959777002314977539e+12 6.725263465320517728e-11
8.126619200091945312e+12 5.760597989332375219e-11
8.296958520834915039e+12 4.927890450082720742e-11
8.470868266557419922e+12 4.209947341818323456e-11
8.648423275731745117e+12 3.591777086703394418e-11
8.829699955494082031e+12 3.060269822584358754e-11
9.014776314524917969e+12 2.603871008685112394e-11
9.203731996618228516e+12 2.212458444181396092e-11
9.396648314954669922e+12 1.877246563492848832e-11
9.593608287093126953e+12 1.590590433316393335e-11
9.794696670695386719e+12 1.345791134010405456e-11
1.000000000000000000e+13 1.137012577585205836e-11
1.020960662306047461e+13 9.592139253862083592e-12
1.042360673976403125e+13 8.080316097892003936e-12
1.064209244064726758e+13 6.796649855350042682e-12
1.086515774652537305e+13 5.708220029877736751e-12
1.109289864895222656e+13 4.786738542826772758e-12
1.132541315152812695e+13 4.007852304178024092e-12
1.156280131207373047e+13 3.350482053162824077e-12
1.180516528568803125e+13 2.796479024002356424e-12
1.205260936870841211e+13 2.330333444528413707e-12
1.230524004359261523e+13 1.938770172615456729e-12
1.256316602474121484e+13 1.610373047759785155e-12
1.282649830528062695e+13 1.335374683020016534e-12
1.309535020482670312e+13 1.105476228493735342e-12
1.336983741824945312e+13 9.136177524276555568e-13
1.365007806546013672e+13 7.537688375175565486e-13
1.393619274224143359e+13 6.208038317431454827e-13
1.422830457214349023e+13 5.103943672333229543e-13
1.452653925946778320e+13 4.188818422522426667e-13
1.483102514336102734e+13 3.431630799344215257e-13
1.514189325304351953e+13 2.806185642556587888e-13
1.545927736419478516e+13 2.290505370265467133e-13
1.578331405652119727e+13 1.866138459466474071e-13
1.611414277253023242e+13 1.517548935611826788e-13
1.645190587753660742e+13 1.231716309098663531e-13
1.679674872092653125e+13 9.977910305501779357e-14
1.714881969870541016e+13 8.067288768103595354e-14
1.750827031735719922e+13 6.509727642629617306e-14
1.787525525904231641e+13 5.242367479767904506e-14
1.824993244816150391e+13 4.213206860301565684e-14
1.863246311931559766e+13 3.379220831268777100e-14
1.902301188668945703e+13 2.704745163609490841e-14
1.942174681489028516e+13 2.160347756418991104e-14
1.982883949127075391e+13 1.721865475576188007e-14
2.024446509976801562e+13 1.369463218931387584e-14
2.066880249629082031e+13 1.086836026756560573e-14
2.110203428568596484e+13 8.606389902732788344e-15
2.154434690031877734e+13 6.800040000577302563e-15
2.199593068030070312e+13 5.360833053658842808e-15
2.245697995539771484e+13 4.216670850777774834e-15
2.292769312865648828e+13 3.309053707599761837e-15
2.340827276178294141e+13 2.590741763004700237e-15
2.389892566231052344e+13 2.023611080333117386e-15
2.439986297259555078e+13 1.576878108389842046e-15
2.491130026067785938e+13 1.225791640249983755e-15
2.543345761304648438e+13 9.505423756320779815e-16
2.596655972934872656e+13 7.352897277401024506e-16
2.651083601908530859e+13 5.673649489169977218e-16
2.706652070033235938e+13 4.366786552741001478e-16
2.763385290053166797e+13 3.352316563711502244e-16
2.821307675939470703e+13 2.566888522762232802e-16
2.880444153396297656e+13 1.960342394923488561e-16
2.940820170587066797e+13 1.493129196495177490e-16
3.002461709085555078e+13 1.134202929578908845e-16
3.065395295056535938e+13 8.592247744958860462e-17
3.129648010670750391e+13 6.491254598709562476e-17
3.195247505759213672e+13 4.890271668186296370e-17
3.262222009711659766e+13 3.673723049876359942e-17
3.330600343624581641e+13 2.751965635625033661e-17
3.400411932703702734e+13 2.055535855623273578e-17
3.471686818926559766e+13 1.530834516843024811e-17
3.544455673970435938e+13 1.136680266583020086e-17
3.618749812411284375e+13 8.414894398312560037e-18
3.694601205199309375e+13 6.210701322008707334e-18
3.772042493417008594e+13 4.569712584311781554e-18
3.851107002325568750e+13 3.351801089983071259e-18
3.931828755705770312e+13 2.450763195149382989e-18
4.014242490499309375e+13 1.786234892892500375e-18
4.098383671757252344e+13 1.297667535315215899e-18
4.184288507901575781e+13 9.396364239484296989e-19
4.271993966306776562e+13 6.781404249764754619e-19
4.361537789208005469e+13 4.877778731091105533e-19
4.452958509942659375e+13 3.496548921589322298e-19
4.546295469532408594e+13 2.497784862843818674e-19
4.641588833612791406e+13 1.778113010722211635e-19
4.738879609717650781e+13 1.261335887219770451e-19
4.838209664925957031e+13 8.915390200118722536e-20
4.939621743878305469e+13 6.278702876043771596e-20
5.043159487171348438e+13 4.405645724069144015e-20
5.148867450137487500e+13 3.079897203013079030e-20
5.256791122018419531e+13 2.144962610447382580e-20
5.366976945540475781e+13 1.488129345806097663e-20
5.479472336900292188e+13 1.028461878516326875e-20
5.594325706169388281e+13 7.080076424586875808e-21
5.711586478126446875e+13 4.854655102451868803e-21
5.831305113526218750e+13 3.315345975989848016e-21
5.953533130814369531e+13 2.254952698611826434e-21
6.078323128297210938e+13 1.527419826112137695e-21
6.205728806776487500e+13 1.030288397017242917e-21
6.335804992658241406e+13 6.920167658798869611e-22
6.468607661546320312e+13 4.628271077264260310e-22
6.604193962330304688e+13 3.082039298193437695e-22
6.742622241778349219e+13 2.043337959335142860e-22
6.883952069645510938e+13 1.348656928402002826e-22
7.028244264308367188e+13 8.861510640104899256e-23
7.175560918936920312e+13 5.796026083577743327e-23
7.325965428215229688e+13 3.773401101652698005e-23
7.479522515621796875e+13 2.445067085724013025e-23
7.636298261282225000e+13 1.576842074139983449e-23
7.796360130405220312e+13 1.012033489527954214e-23
7.959777002314978125e+13 6.463575974536673533e-24
8.126619200091945312e+13 4.107670502847014966e-24
8.296958520834914062e+13 2.597443858161650725e-24
8.470868266557418750e+13 1.634152042343112019e-24
8.648423275731743750e+13 1.022809219526440172e-24
8.829699955494082812e+13 6.368313581663157687e-25
9.014776314524917188e+13 3.944241118072409684e-25
9.203731996618229688e+13 2.429840120577559066e-25
9.396648314954671875e+13 1.488762240210281568e-25
9.593608287093126562e+13 9.071441466374826029e-26
9.794696670695385938e+13 5.496807842261547486e-26
1.000000000000000000e+14 3.312013648632078654e-26
1.020960662306047656e+14 1.984161692013789587e-26
1.042360673976403281e+14 1.181770971340519030e-26
1.064209244064726875e+14 6.997439722324378111e-27
1.086515774652537188e+14 4.118665135148554912e-27
1.109289864895222656e+14 2.409567505953603503e-27
1.132541315152812656e+14 1.401047421621656063e-27
1.156280131207372969e+14 8.096067846725863436e-28
1.180516528568803125e+14 4.649032758769059482e-28
1.205260936870841250e+14 2.652587259854728098e-28
1.230524004359261562e+14 1.503692133744245705e-28
1.256316602474121406e+14 8.468467579470680437e-29
1.282649830528062500e+14 4.737667132475945510e-29
1.309535020482670312e+14 2.632612712623264724e-29
1.336983741824945156e+14 1.452891809318720742e-29
1.365007806546013906e+14 7.962983500239453262e-30
1.393619274224143594e+14 4.333802861029305520e-30
1.422830457214349062e+14 2.341852189824092080e-30
1.452653925946778125e+14 1.256334752200456049e-30
1.483102514336102812e+14 6.690782836285209768e-31
1.514189325304351875e+14 3.536925698596104634e-31
1.545927736419478438e+14 1.855648412130346595e-31
1.578331405652119688e+14 9.661443389316470392e-32
1.611414277253023125e+14 4.991517141967618892e-32
1.645190587753660625e+14 2.558681045164020829e-32
1.679674872092653125e+14 1.301166907993189250e-32
1.714881969870540938e+14 6.563507459489447173e-33
1.750827031735719688e+14 3.283901605063516857e-33
1.787525525904231875e+14 1.629450161521274565e-33
1.824993244816150312e+14 8.017256613544471446e-34
1.863246311931559688e+14 3.911054914488087922e-34
1.902301188668945625e+14 1.891506030918293292e-34
1.942174681489028438e+14 9.067956770538423808e-35
1.982883949127075312e+14 4.308563663631065004e-35
2.024446509976801875e+14 2.028725172915302663e-35
2.066880249629082188e+14 9.465439911087969627e-36
2.110203428568596562e+14 4.375461118780063827e-36
2.154434690031877812e+14 2.003558529914309425e-36
2.199593068030070312e+14 9.086947910455155940e-37
2.245697995539771562e+14 4.081575745149249829e-37
2.292769312865648750e+14 1.815374182291245691e-37
2.340827276178294375e+14 7.993899339830745626e-38
2.389892566231052500e+14 3.484529390339156239e-38
2.439986297259555000e+14 1.503401810285967111e-38
2.491130026067785938e+14 6.419215525946538674e-39
2.543345761304648125e+14 2.711978839364944735e-39
2.596655972934872500e+14 1.133502809724474334e-39
2.651083601908530625e+14 4.686403533548918449e-40
2.706652070033235938e+14 1.916300120938872081e-40
2.763385290053167188e+14 7.748383164984638453e-41
2.821307675939470625e+14 3.097507597119802647e-41
2.880444153396298125e+14 1.224086757683241085e-41
2.940820170587066250e+14 4.781142951911286808e-42
3.002461709085555000e+14 1.845368315708840040e-42
3.065395295056535625e+14 7.037061918368576278e-43
3.129648010670750625e+14 2.650923236171700980e-43
3.195247505759213750e+14 9.863167876386518007e-44
3.262222009711659375e+14 3.623732125658058674e-44
3.330600343624581250e+14 1.314425955296143863e-44
3.400411932703702500e+14 4.706438541700419276e-45
3.471686818926559375e+14 1.663165163055062934e-45
3.544455673970435625e+14 5.799177783198743130e-46
3.618749812411283750e+14 1.994802662491475003e-46
3.694601205199310000e+14 6.768100298694424394e-47
3.772042493417008750e+14 2.264495827711028246e-47
3.851107002325568750e+14 7.469809700782437876e-48
3.931828755705770000e+14 2.428786014364680521e-48
4.014242490499310000e+14 7.782805234232112451e-49
4.098383671757253125e+14 2.457244964063207587e-49
4.184288507901576250e+14 7.642142618935217451e-50
4.271993966306776875e+14 2.340659315695562476e-50
4.361537789208005625e+14 7.058905615251176339e-51
4.452958509942660000e+14 2.095578763964177335e-51
4.546295469532408750e+14 6.122379332177900930e-52
4.641588833612791250e+14 1.759872397240958280e-52
4.738879609717650625e+14 4.976228649967866123e-53
4.838209664925956875e+14 1.383762855559482365e-53
4.939621743878305000e+14 3.783032548325693490e-54
5.043159487171348125e+14 1.016536969909442784e-54
5.148867450137486875e+14 2.684217981948830805e-55
5.256791122018418750e+14 6.963057411199311151e-56
5.366976945540476250e+14 1.773931306063449796e-56
5.479472336900293125e+14 4.437188304963166385e-57
5.594325706169389375e+14 1.089463715358766483e-57
5.711586478126446250e+14 2.624938422673952181e-58
5.831305113526218750e+14 6.204196437087680409e-59
5.953533130814370000e+14 1.438079912218101139e-59
6.078323128297211250e+14 3.268160773180893414e-60
6.205728806776487500e+14 7.279560615471798340e-61
6.335804992658241250e+14 1.588685378589177627e-61
6.468607661546320000e+14 3.395965845390444211e-62
6.604193962330305000e+14 7.108286275906537061e-63
6.742622241778348750e+14 1.456435642515690748e-63
6.883952069645510000e+14 2.919997123200621770e-64
7.028244264308366250e+14 5.726509565761462603e-65
7.175560918936921250e+14 1.098217841756980101e-65
7.325965428215230000e+14 2.058808534442871681e-66
7.479522515621797500e+14 3.771394342709981531e-67
7.636298261282225000e+14 6.748191255728433344e-68
7.796360130405220000e+14 1.179063149939624591e-68
7.959777002314977500e+14 2.010840467146437608e-69
8.126619200091946250e+14 3.346011606585065531e-70
8.296958520834916250e+14 5.430200491700423936e-71
8.470868266557420000e+14 8.592058348592143320e-72
8.648423275731745000e+14 1.324908358501631025e-72
8.829699955494082500e+14 1.990160776229330665e-73
9.014776314524917500e+14 2.910857757852608579e-74
9.203731996618230000e+14 4.144072687342928079e-75
9.396648314954671250e+14 5.739953924971379728e-76
9.593608287093126250e+14 7.731391552783573162e-77
9.794696670695385000e+14 1.012228228995041150e-77
1.000000000000000000e+15 1.287661280116901863e-78
1.020960662306047500e+15 1.590794485568905918e-79
1.042360673976403250e+15 1.907635902068305047e-80
1.064209244064722375e+15 2.219394939993911444e-81
1.086515774652537375e+15 2.504085625995370239e-82
1.109289864895222875e+15 2.738486993383785127e-83
1.132541315152812750e+15 2.901242002318104121e-84
1.156280131207377750e+15 2.976062129601381202e-85
1.180516528568803000e+15 2.954530170186236738e-86
1.205260936870841250e+15 2.837122613131920304e-87
1.230524004359261500e+15 2.633660918082400391e-88
1.256316602474121500e+15 2.362053379064529603e-89
1.282649830528062500e+15 2.045766276128209953e-90
1.309535020482665000e+15 1.709998405556956231e-91
1.336983741824945250e+15 1.378606726034212782e-92
1.365007806546013750e+15 1.071341073751928539e-93
1.393619274224143500e+15 8.021021362263596653e-95
1.422830457214354750e+15 5.781808797736682768e-96
1.452653925946778250e+15 4.009987224610269169e-97
1.483102514336102750e+15 2.674147301375980254e-98
1.514189325304352000e+15 1.713739555220902320e-99
1.545927736419478500e+15 1.054673809039344762e-100
1.578331405652119500e+15 6.228715025808724214e-102
1.611414277253016750e+15 3.527623026629676176e-103
1.645190587753660750e+15 1.914715044264751367e-104
1.679674872092653250e+15 9.952645121630264106e-106
1.714881969870541000e+15 4.950589217701965300e-107
1.750827031735726750e+15 2.354683601275312264e-108
1.787525525904231750e+15 1.070236188531967096e-109
1.824993244816150500e+15 4.644594750392910581e-111
1.863246311931559750e+15 1.923027947983199433e-112
1.902301188668945750e+15 7.589989695242824860e-114
1.942174681489028250e+15 2.853686653743773887e-115
1.982883949127067250e+15 1.021184533128000513e-116
2.024446509976801750e+15 3.475029595372587588e-118
2.066880249629082000e+15 1.123544488045894632e-119
2.110203428568596500e+15 3.448791847944405877e-121
2.154434690031886500e+15 1.004114978324253968e-122
2.199593068030070500e+15 2.770360197382219217e-124
2.245697995539771750e+15 7.236310438703230708e-126
2.292769312865648500e+15 1.788000231352622958e-127
2.340827276178294500e+15 4.174950403650006374e-129
2.389892566231052500e+15 9.203139436089206539e-131
2.439986297259545000e+15 1.913293920373230938e-132
2.491130026067786000e+15 3.748015316166936183e-134
2.543345761304648500e+15 6.910755475100447634e-136
2.596655972934872000e+15 1.198092820548726551e-137
2.651083601908541500e+15 1.950840963062812456e-139
2.706652070033235500e+15 2.980589008940898357e-141
2.763385290053167000e+15 4.268010781259022036e-143
2.821307675939470500e+15 5.721298477558471787e-145
2.880444153396297500e+15 7.171298979040210819e-147
2.940820170587066500e+15 8.396232577759303768e-149
3.002461709085543000e+15 9.170851757141116031e-151
3.065395295056523500e+15 9.333392703158064071e-153
3.129648010670750500e+15 8.839386635484517307e-155
3.195247505759214000e+15 7.781636617822895915e-157
3.262222009711673500e+15 6.359144805027274063e-159
3.330600343624582000e+15 4.817616031429584599e-161
3.400411932703702500e+15 3.378902533777413263e-163
3.471686818926559500e+15 2.191310684372130235e-165
3.544455673970435500e+15 1.312150895671268833e-167
3.618749812411284000e+15 7.244350271413006541e-170
3.694601205199294500e+15 3.682203557393242214e-172
3.772042493416993500e+15 1.720845078932174675e-174
3.851107002325568500e+15 7.382751204651780677e-177
3.931828755705770000e+15 2.903191219951605521e-179
4.014242490499326000e+15 1.044766859767597413e-181
4.098383671757253000e+15 3.435873140771752454e-184
4.184288507901576000e+15 1.030840809989760624e-186
4.271993966306776500e+15 2.816902525715797698e-189
4.361537789208006000e+15 6.998860052821426686e-192
4.452958509942660000e+15 1.578689513521130848e-194
4.546295469532390000e+15 3.226889975312639437e-197
4.641588833612773000e+15 5.966575513809576121e-200
4.738879609717651000e+15 9.961129967723413026e-203
4.838209664925957000e+15 1.499064041884409966e-205
4.939621743878326000e+15 2.029552618605106696e-208
5.043159487171349000e+15 2.467327443556380370e-211
5.148867450137487000e+15 2.687959633969851838e-214
5.256791122018419000e+15 2.619488186974283177e-217
5.366976945540476000e+15 2.278658436714116780e-220
5.479472336900292000e+15 1.765739092937276839e-223
5.594325706169389000e+15 1.216214095521186978e-226
5.711586478126423000e+15 7.431832727048022386e-230
5.831305113526218000e+15 4.019578632366077806e-233
5.953533130814370000e+15 1.920047139559796179e-236
6.078323128297236000e+15 8.080981020804617065e-240
6.205728806776513000e+15 2.990447191174526964e-243
6.335804992658241000e+15 9.706058092294758982e-247
6.468607661546321000e+15 2.756510088810089689e-250
6.604193962330306000e+15 6.832442576879044380e-254
6.742622241778349000e+15 1.474750097118274817e-257
6.883952069645510000e+15 2.764478748342336858e-261
7.028244264308338000e+15 4.489077005758077907e-265
7.175560918936921000e+15 6.297206675012963140e-269
7.325965428215230000e+15 7.612610464008536586e-273
7.479522515621829000e+15 7.907591134589362759e-277
7.636298261282257000e+15 7.038682057468554865e-281
7.796360130405221000e+15 5.352707707769131037e-285
7.959777002314978000e+15 3.468592686770714540e-289
8.126619200091945000e+15 1.909221478443719999e-293
8.296958520834915000e+15 8.900252315964858360e-298
8.470868266557420000e+15 3.502527027370118818e-302
8.648423275731709000e+15 1.160283964755909319e-306
8.829699955494083000e+15 3.224502289069263511e-311
9.014776314524918000e+15 7.493715831795121144e-316
9.203731996618230000e+15 1.451070801835741100e-320
9.396648314954710000e+15 0.000000000000000000e+00
9.593608287093126000e+15 0.000000000000000000e+00
9.794696670695384000e+15 0.000000000000000000e+00
