1.020960662306047603e+07 2.341703563783074742e+02
1.042360673976401053e+07 2.297392749960148990e+02
1.064209244064724632e+07 2.253917252796670141e+02
1.086515774652537145e+07 2.211271151057121926e+02
1.109289864895222709e+07 2.169436311363137406e+02
1.132541315152812563e+07 2.128387770829392309e+02
1.156280131207375228e+07 2.088112938771217273e+02
1.180516528568805568e+07 2.048606369082303047e+02
1.205260936870841496e+07 2.009851258842551829e+02
1.230524004359261692e+07 1.971824452932796987e+02
1.256316602474121563e+07 1.934514299789914844e+02
1.282649830528059974e+07 1.897915790790264623e+02
1.309535020482667536e+07 1.862013355568118982e+02
1.336983741824945062e+07 1.826785515352022458e+02
1.365007806546013802e+07 1.792221487570664635e+02
1.393619274224143475e+07 1.758316666373642079e+02
1.422830457214351930e+07 1.725056623298004865e+02
1.452653925946781226e+07 1.692421434053700864e+02
1.483102514336102828e+07 1.660401120197838623e+02
1.514189325304351933e+07 1.628991446678841157e+02
1.545927736419478431e+07 1.598179042951856843e+02
1.578331405652116425e+07 1.567945426268794620e+02
1.611414277253019996e+07 1.538281362282043006e+02
1.645190587753660791e+07 1.509182957272527688e+02
1.679674872092653066e+07 1.480637820824998130e+02
1.714881969870540872e+07 1.452628807026650577e+02
1.750827031735723466e+07 1.425147370093511370e+02
1.787525525904235244e+07 1.398189930483555941e+02
1.824993244816150516e+07 1.371745005856081718e+02
1.863246311931559816e+07 1.345796690069402928e+02
1.902301188668945804e+07 1.320337074507881709e+02
1.942174681489024311e+07 1.295362868799724652e+02
1.982883949127071351e+07 1.270863431946073376e+02
2.024446509976801649e+07 1.246824007578276081e+02
2.066880249629081786e+07 1.223237276689623485e+02
2.110203428568596393e+07 1.200100215051954677e+02
2.154434690031882003e+07 1.177402961182367847e+02
2.199593068030074611e+07 1.155131825046792500e+02
2.245697995539776236e+07 1.133280033256342563e+02
2.292769312865648791e+07 1.111844806493973294e+02
2.340827276178294048e+07 1.090817005538456783e+02
2.389892566231048107e+07 1.070183929328952246e+02
2.439986297259550542e+07 1.049939309382047270e+02
2.491130026067791134e+07 1.030080591748371717e+02
2.543345761304648221e+07 1.010599306420729562e+02
2.596655972934872285e+07 9.914836695869975358e+01
2.651083601908536255e+07 9.727278800023290728e+01
2.706652070033241063e+07 9.543295910829168349e+01
2.763385290053172782e+07 9.362809528854623409e+01
2.821307675939470530e+07 9.185710323547810674e+01
2.880444153396297619e+07 9.011944606288857074e+01
2.940820170587060601e+07 8.841490819003372792e+01
3.002461709085549042e+07 8.674276207802992644e+01
3.065395295056529716e+07 8.510199333045630965e+01
3.129648010670750216e+07 8.349210507374046131e+01
3.195247505759213492e+07 8.191289927858599640e+01
3.262222009711666778e+07 8.036370164403558647e+01
3.330600343624588847e+07 7.884357096564086476e+01
3.400411932703709602e+07 7.735204739815347352e+01
3.471686818926559389e+07 7.588894905656161427e+01
3.544455673970435560e+07 7.445365097215730543e+01
3.618749812411276251e+07 7.304527983109551315e+01
3.694601205199302733e+07 7.166341005419073440e+01
3.772042493417001516e+07 7.030787460690464741e+01
3.851107002325568348e+07 6.897809423306182453e+01
3.931828755705770105e+07 6.767325859317406866e+01
4.014242490499317646e+07 6.639297381963000078e+01
4.098383671757261455e+07 6.513708653505673851e+01
4.184288507901584357e+07 6.390505984324235556e+01
4.271993966306776553e+07 6.269614182110621670e+01
4.361537789208005369e+07 6.150996794758521702e+01
4.452958509942659736e+07 6.034639740467329005e+01
4.546295469532398880e+07 5.920493255022666546e+01
4.641588833612781763e+07 5.808487565013820131e+01
4.738879609717650712e+07 5.698588934163397823e+01
4.838209664925957471e+07 5.590784435584615153e+01
4.939621743878325820e+07 5.485027942653800892e+01
5.043159487171358615e+07 5.381254708871909287e+01
5.148867450137497485e+07 5.279433511308970850e+01
5.256791122018418461e+07 5.179552484926551159e+01
5.366976945540475845e+07 5.081568874110007528e+01
5.479472336900292337e+07 4.985422595732483586e+01
5.594325706169377267e+07 4.891084752829620896e+01
5.711586478126434237e+07 4.798544456555293891e+01
5.831305113526218385e+07 4.707762075307037009e+01
5.953533130814369768e+07 4.618681852187096837e+01
6.078323128297235817e+07 4.531277042804393318e+01
6.205728806776500493e+07 4.445537655687611078e+01
6.335804992658253759e+07 4.361426954353790819e+01
6.468607661546321213e+07 4.278893195485557044e+01
6.604193962330305576e+07 4.197911626829508691e+01
6.742622241778348386e+07 4.118473081708884109e+01
6.883952069645495713e+07 4.040543506718297095e+01
7.028244264308351278e+07 3.964074882146653067e+01
7.175560918936920166e+07 3.889044299386369374e+01
7.325965428215231001e+07 3.815443349803155826e+01
7.479522515621829033e+07 3.743240466578701131e+01
7.636298261282241344e+07 3.672391084684328177e+01
7.796360130405236781e+07 3.602874001743077770e+01
7.959777002314977348e+07 3.534681505697069781e+01
8.126619200091944635e+07 3.467784334308302618e+01
8.296958520834915340e+07 3.402141127764853934e+01
8.470868266557401419e+07 3.337732262770145297e+01
8.648423275731725991e+07 3.274550667320313124e+01
8.829699955494081974e+07 3.212569215057917660e+01
9.014776314524917305e+07 3.151749520041181185e+01
9.203731996618229151e+07 3.092073420387850646e+01
9.396648314954690635e+07 3.033534432120421798e+01
9.593608287093147635e+07 2.976107408456180536e+01
9.794696670695386827e+07 2.919756722750843281e+01
1.000000000000000000e+08 2.864465565644283629e+01
1.020960662306047529e+08 2.810227993304607708e+01
1.042360673976403177e+08 2.757020693714805049e+01
1.064209244064722359e+08 2.704810600481042115e+01
1.086515774652537256e+08 2.653582155983261970e+01
1.109289864895222783e+08 2.603329912526590917e+01
1.132541315152812600e+08 2.554032258644663145e+01
1.156280131207377762e+08 2.505658503570971618e+01
1.180516528568803072e+08 2.458194248170408258e+01
1.205260936870841384e+08 2.411634500378561086e+01
1.230524004359261543e+08 2.365959224929876825e+01
1.256316602474121451e+08 2.321139935425005163e+01
1.282649830528062433e+08 2.277163304907519503e+01
1.309535020482665002e+08 2.234024759692177753e+01
1.336983741824945360e+08 2.191705725480461808e+01
1.365007806546013653e+08 2.150179761379969179e+01
1.393619274224143326e+08 2.109434532736785783e+01
1.422830457214354575e+08 2.069465849992259621e+01
1.452653925946778059e+08 2.030256493019918551e+01
1.483102514336102903e+08 1.991781919073665819e+01
1.514189325304352045e+08 1.954030711887446614e+01
1.545927736419478357e+08 1.916999034521534284e+01
1.578331405652119517e+08 1.880670922065544204e+01
1.611414277253016531e+08 1.845023593203285373e+01
1.645190587753660679e+08 1.810046481653683514e+01
1.679674872092653215e+08 1.775736074137083165e+01
1.714881969870540798e+08 1.742077569242651336e+01
1.750827031735726893e+08 1.709049820267302167e+01
1.787525525904231668e+08 1.676643047605843151e+01
1.824993244816150367e+08 1.644854035001380765e+01
1.863246311931559741e+08 1.613669059564383801e+01
1.902301188668946028e+08 1.583068491545315659e+01
1.942174681489028633e+08 1.553043279419219225e+01
1.982883949127075374e+08 1.523590479478978210e+01
2.024446509976801872e+08 1.494697368587512187e+01
2.066880249629082084e+08 1.466345724796861028e+01
2.110203428568596542e+08 1.438527170442763037e+01
2.154434690031886399e+08 1.411239011863758464e+01
2.199593068030070364e+08 1.384469452675699053e+01
2.245697995539771616e+08 1.358201577466642007e+01
2.292769312865648568e+08 1.332427632252360894e+01
2.340827276178294122e+08 1.307145152731195026e+01
2.389892566231052577e+08 1.282343201624320983e+01
2.439986297259555161e+08 1.258006076096075354e+01
2.491130026067785919e+08 1.234126599403582425e+01
2.543345761304648221e+08 1.210702517598932104e+01
2.596655972934872508e+08 1.187723689805229910e+01
2.651083601908541918e+08 1.165175538596532512e+01
2.706652070033235550e+08 1.143051421483454710e+01
2.763385290053166747e+08 1.121349277407736622e+01
2.821307675939470530e+08 1.100059703787970200e+01
2.880444153396297693e+08 1.079169167724173839e+01
2.940820170587067008e+08 1.058671521197928378e+01
3.002461709085555673e+08 1.038564879996864221e+01
3.065395295056523085e+08 1.018840525976451694e+01
3.129648010670750141e+08 9.994858957136482758e+00
3.195247505759213567e+08 9.804952988486146381e+00
3.262222009711673260e+08 9.618670132748317059e+00
3.330600343624581695e+08 9.435929553602685260e+00
3.400411932703702450e+08 9.256614615288796699e+00
3.471686818926559091e+08 9.080672650039709026e+00
3.544455673970435262e+08 8.908087922455752761e+00
3.618749812411283851e+08 8.738785478650809679e+00
3.694601205199309587e+08 8.572657035188736785e+00
3.772042493416993618e+08 8.409653844815306201e+00
3.851107002325568795e+08 8.249761533402130809e+00
3.931828755705770254e+08 8.092910600663138609e+00
4.014242490499325991e+08 7.939000515941185832e+00
4.098383671757252812e+08 7.787986160577967887e+00
4.184288507901575565e+08 7.639854407566280869e+00
4.271993966306776404e+08 7.494540812699709065e+00
4.361537789208005667e+08 7.351952041728994303e+00
4.452958509942659736e+08 7.212046334462014485e+00
4.546295469532408714e+08 7.074811706166357794e+00
4.641588833612772226e+08 6.940188400266491087e+00
4.738879609717651010e+08 6.808089762618934948e+00
4.838209664925957322e+08 6.678477141486593993e+00
4.939621743878325820e+08 6.551339598189455771e+00
5.043159487171348333e+08 6.426621722207999099e+00
5.148867450137487054e+08 6.304243060393765141e+00
5.256791122018419504e+08 6.184167838095858905e+00
5.366976945540476441e+08 6.066386074310856635e+00
5.479472336900292635e+08 5.950846387995004427e+00
5.594325706169389486e+08 5.837474082368831141e+00
5.711586478126422167e+08 5.726236045704443889e+00
5.831305113526217937e+08 5.617123173590679919e+00
5.953533130814369917e+08 5.510087820988388785e+00
6.078323128297235966e+08 5.405060634871364122e+00
6.205728806776486635e+08 5.302010968187678586e+00
6.335804992658240795e+08 5.200930518740515929e+00
6.468607661546320915e+08 5.101775105455933712e+00
6.604193962330304384e+08 5.004480336092945514e+00
6.742622241778348684e+08 4.909017844829461019e+00
6.883952069645509720e+08 4.815380063415898526e+00
7.028244264308338165e+08 4.723526022558513837e+00
7.175560918936921358e+08 4.633395935389180487e+00
7.325965428215229511e+08 4.544963547519657254e+00
7.479522515621827841e+08 4.458221962049761622e+00
7.636298261282258034e+08 4.373133187663013288e+00
7.796360130405220985e+08 4.289641713008102819e+00
7.959777002314977646e+08 4.207723237975939945e+00
8.126619200091946125e+08 4.127371479584990510e+00
8.296958520834914446e+08 4.048551207771646787e+00
8.470868266557419300e+08 3.971210880545573474e+00
8.648423275731709003e+08 3.895328006628678175e+00
8.829699955494083166e+08 3.820896864281615013e+00
9.014776314524917603e+08 3.747884783792956753e+00
9.203731996618230343e+08 3.676243908372653024e+00
9.396648314954710007e+08 3.605953420928750930e+00
9.593608287093126774e+08 3.537008112705810614e+00
9.794696670695385933e+08 3.469377688070947041e+00
1.000000000000000000e+09 3.403017711678704149e+00
1.020960662306047559e+09 3.337908916024097117e+00
1.042360673976403356e+09 3.274046561073100214e+00
1.064209244064726830e+09 3.211402552588617176e+00
1.086515774652537346e+09 3.149935631861134677e+00
1.109289864895222664e+09 3.089627965638583884e+00
1.132541315152812481e+09 3.030475242048523477e+00
1.156280131207372904e+09 2.972451408161273179e+00
1.180516528568803072e+09 2.915518154652479321e+00
1.205260936870841503e+09 2.859658975773645473e+00
1.230524004359261513e+09 2.804869950657448818e+00
1.256316602474121332e+09 2.751126919248612523e+00
1.282649830528062582e+09 2.698394310673043250e+00
1.309535020482670307e+09 2.646656847888665620e+00
1.336983741824945211e+09 2.595910966976339385e+00
1.365007806546013832e+09 2.546134263152258104e+00
1.393619274224143505e+09 2.497293708182964700e+00
1.422830457214349031e+09 2.449375162283386587e+00
1.452653925946778297e+09 2.402375387303933962e+00
1.483102514336102724e+09 2.356273606141267685e+00
1.514189325304351807e+09 2.311039151437491501e+00
1.545927736419478655e+09 2.266658936019098736e+00
1.578331405652119875e+09 2.223130018954608822e+00
1.611414277253023148e+09 2.180433132527088702e+00
1.645190587753660679e+09 2.138539801515720207e+00
1.679674872092653036e+09 2.097437913019144062e+00
1.714881969870540857e+09 2.057124797180485132e+00
1.750827031735726833e+09 2.017582585991166244e+00
1.787525525904231787e+09 1.978784839721138500e+00
1.824993244816150427e+09 1.940720347228298781e+00
1.863246311931559801e+09 1.903386685802836320e+00
1.902301188668945789e+09 1.866767285447956892e+00
1.942174681489028454e+09 1.830837596506474707e+00
1.982883949127075434e+09 1.795587242479125267e+00
2.024446509976801872e+09 1.761014025903689051e+00
2.066880249629082203e+09 1.727102580507478446e+00
2.110203428568596601e+09 1.693830111695876939e+00
2.154434690031886578e+09 1.661187015492658459e+00
2.199593068030070305e+09 1.629171299652792060e+00
2.245697995539771557e+09 1.597768714194744977e+00
2.292769312865648746e+09 1.566958094248564359e+00
2.340827276178294182e+09 1.536730550860514466e+00
2.389892566231052876e+09 1.507084278682871759e+00
2.439986297259555340e+09 1.478006062955147470e+00
2.491130026067785740e+09 1.449476252163169665e+00
2.543345761304647923e+09 1.421486619157082965e+00
2.596655972934872150e+09 1.394035528734196783e+00
2.651083601908541679e+09 1.367110726185377212e+00
2.706652070033235550e+09 1.340693965306203550e+00
2.763385290053166866e+09 1.314777631493389443e+00
2.821307675939470768e+09 1.289360244375853615e+00
2.880444153396297932e+09 1.264430439587468813e+00
2.940820170587066650e+09 1.239971275926855965e+00
3.002461709085555077e+09 1.215975705740908408e+00
3.065395295056523800e+09 1.192442389492815558e+00
3.129648010670750618e+09 1.169360788527261885e+00
3.195247505759213448e+09 1.146715173504536445e+00
3.262222009711673260e+09 1.124499021521637498e+00
3.330600343624581814e+09 1.102711121091658697e+00
3.400411932703702450e+09 1.081341699331038742e+00
3.471686818926559448e+09 1.060376152282210827e+00
3.544455673970435619e+09 1.039808442732513383e+00
3.618749812411283970e+09 1.019637475567438223e+00
3.694601205199309826e+09 9.998541880931346437e-01
3.772042493416993618e+09 9.804450214375173278e-01
3.851107002325568676e+09 9.614043879230458334e-01
3.931828755705770016e+09 9.427312981462366848e-01
4.014242490499325752e+09 9.244173480635116125e-01
4.098383671757252693e+09 9.064499493242209605e-01
4.184288507901576042e+09 8.888239303237653877e-01
4.271993966306777000e+09 8.715383976390512766e-01
4.361537789208005905e+09 8.545855580771909432e-01
4.452958509942660332e+09 8.379537245785033672e-01
4.546295469532408714e+09 8.216381106365284737e-01
4.641588833612771988e+09 8.056379099273595079e-01
4.738879609717651367e+09 7.899458957867159237e-01
4.838209664925957680e+09 7.745512181551127417e-01
4.939621743878325462e+09 7.594494469561133831e-01
5.043159487171347618e+09 7.446398548664645567e-01
5.148867450137486458e+09 7.301157406442680964e-01
5.256791122018419266e+09 7.158670315314739074e-01
5.366976945540475845e+09 7.018896273462652546e-01
5.479472336900292397e+09 6.881828723819187754e-01
5.594325706169388771e+09 6.747405526981455903e-01
5.711586478126422882e+09 6.615533174011687390e-01
5.831305113526218414e+09 6.486173716422646285e-01
5.953533130814370155e+09 6.359321246013553974e-01
6.078323128297236443e+09 6.234918142880304659e-01
6.205728806776488304e+09 6.112877601896709034e-01
6.335804992658241272e+09 5.993164500586206644e-01
6.468607661546320915e+09 5.875773518300410059e-01
6.604193962330305099e+09 5.760651226755983956e-01
6.742622241778348923e+09 5.647717046567262145e-01
6.883952069645509720e+09 5.536938470853667305e-01
7.028244264308338165e+09 5.428310710664493444e-01
7.175560918936921120e+09 5.321784225281346314e-01
7.325965428215229988e+09 5.217284217074419361e-01
7.479522515621828079e+09 5.114780600007046152e-01
7.636298261282225609e+09 5.014269065989230834e-01
7.796360130405220985e+09 4.915703679863218656e-01
7.959777002314977646e+09 4.819015013440301476e-01
8.126619200091945648e+09 4.724175221259555024e-01
8.296958520834915161e+09 4.631180429840173196e-01
8.470868266557419777e+09 4.539988048046352254e-01
8.648423275731708527e+09 4.450533634202397670e-01
8.829699955494083405e+09 4.362791416580392712e-01
9.014776314524917603e+09 4.276757914238990543e-01
9.203731996618228912e+09 4.192393637500702597e-01
9.396648314954671860e+09 4.109638775568517088e-01
9.593608287093128204e+09 4.028469476022506490e-01
9.794696670695384979e+09 3.948882612219577481e-01
1.000000000000000000e+10 3.870841570959986933e-01
1.020960662306047440e+10 3.794290842050587198e-01
1.042360673976403236e+10 3.719208349442698069e-01
1.064209244064726830e+10 3.645591286035534395e-01
1.086515774652537155e+10 3.573405706457878916e-01
1.109289864895222664e+10 3.502600094366882244e-01
1.132541315152812576e+10 3.433154017791910650e-01
1.156280131207373047e+10 3.365064957615296892e-01
1.180516528568803024e+10 3.298301442767204161e-01
1.205260936870841217e+10 3.232815665858624343e-01
1.230524004359261703e+10 3.168588716546547612e-01
1.256316602474121475e+10 3.105618335054418644e-01
1.282649830528062630e+10 3.043875345117844633e-01
1.309535020482670403e+10 2.983315383697027201e-01
1.336983741824945259e+10 2.923920948740344472e-01
1.365007806546013641e+10 2.865690013829529925e-01
1.393619274224143410e+10 2.808595531027270886e-01
1.422830457214348984e+10 2.752596335871524968e-01
1.452653925946778107e+10 2.697676229709894957e-01
1.483102514336102867e+10 2.643833395926560859e-01
1.514189325304351997e+10 2.591042760491222841e-01
1.545927736419478416e+10 2.539266129260762117e-01
1.578331405652119637e+10 2.488488509889912048e-01
1.611414277253023148e+10 2.438708274218664152e-01
1.645190587753660774e+10 2.389902178905993491e-01
1.679674872092653275e+10 2.342034788108764976e-01
1.714881969870541000e+10 2.295092225930782937e-01
1.750827031735726929e+10 2.249073033341188743e-01
1.787525525904231644e+10 2.203955664842002504e-01
1.824993244816150284e+10 2.159707245967512623e-01
1.863246311931559753e+10 2.116314934099909617e-01
1.902301188668945694e+10 2.073777421849624936e-01
1.942174681489028549e+10 2.032074738344447351e-01
1.982883949127075195e+10 1.991176387587207663e-01
2.024446509976801682e+10 1.951070483257884569e-01
2.066880249629082108e+10 1.911755853797157678e-01
2.110203428568596649e+10 1.873213988671291741e-01
2.154434690031886673e+10 1.835416600452402514e-01
2.199593068030070114e+10 1.798352687874921474e-01
2.245697995539771652e+10 1.762021200924214770e-01
2.292769312865648651e+10 1.726404983392472170e-01
2.340827276178294373e+10 1.691477798616111694e-01
2.389892566231052399e+10 1.657229464443158440e-01
2.439986297259555435e+10 1.623659039503531354e-01
2.491130026067786026e+10 1.590750623586711099e-01
2.543345761304648209e+10 1.558479884213516409e-01
2.596655972934872437e+10 1.526837397315735367e-01
2.651083601908541489e+10 1.495822318531652706e-01
2.706652070033235550e+10 1.465419912440579508e-01
2.763385290053166962e+10 1.435607614594680836e-01
2.821307675939470673e+10 1.406376702525430622e-01
2.880444153396297836e+10 1.377726418391969354e-01
2.940820170587066650e+10 1.349643106961966321e-01
3.002461709085555267e+10 1.322105845352220810e-01
3.065395295056523514e+10 1.295106560413961660e-01
3.129648010670750427e+10 1.268644571385109110e-01
3.195247505759213638e+10 1.242707224749004385e-01
3.262222009711672974e+10 1.217275121711510200e-01
3.330600343624581909e+10 1.192340790061851563e-01
3.400411932703702927e+10 1.167903617620863060e-01
3.471686818926559448e+10 1.143951879796976656e-01
3.544455673970435333e+10 1.120467592767662862e-01
3.618749812411283875e+10 1.097443840480322869e-01
3.694601205199309540e+10 1.074880071703459700e-01
3.772042493416993713e+10 1.052765423252961102e-01
3.851107002325569153e+10 1.031083224919965013e-01
3.931828755705770111e+10 1.009827075366646759e-01
4.014242490499325562e+10 9.889964774552076343e-02
4.098383671757252502e+10 9.685813667801126958e-02
4.184288507901576233e+10 9.485662925968121884e-02
4.271993966306776428e+10 9.289453299268689290e-02
4.361537789208005524e+10 9.097180295802441419e-02
4.452958509942659760e+10 8.908750678363699937e-02
4.546295469532408905e+10 8.724021259625087954e-02
4.641588833612772369e+10 8.542937198409730759e-02
4.738879609717650604e+10 8.365494427253303278e-02
4.838209664925956726e+10 8.191606576945038853e-02
4.939621743878325653e+10 8.021140967924367260e-02
5.043159487171348572e+10 7.854046839108017042e-02
5.148867450137487030e+10 7.690320498231209556e-02
5.256791122018418884e+10 7.529881944240200686e-02
5.366976945540475464e+10 7.372608250781344241e-02
5.479472336900292206e+10 7.218452432819483233e-02
5.594325706169388580e+10 7.067411129314868368e-02
5.711586478126422882e+10 6.919410243729981480e-02
5.831305113526218414e+10 6.774335902027539547e-02
5.953533130814369965e+10 6.632144613843692083e-02
6.078323128297235870e+10 6.492833310134395186e-02
6.205728806776487732e+10 6.356333368820174523e-02
6.335804992658241272e+10 6.222539317141900089e-02
6.468607661546320343e+10 6.091410899001812457e-02
6.604193962330305481e+10 5.962945302423800636e-02
6.742622241778349304e+10 5.837078980870279848e-02
6.883952069645510864e+10 5.713714258144052260e-02
7.028244264308338928e+10 5.592813871414907545e-02
7.175560918936921692e+10 5.474375234721625544e-02
7.325965428215229797e+10 5.358339507053640899e-02
7.479522515621827698e+10 5.244616247072766968e-02
7.636298261282226562e+10 5.133170962194616438e-02
7.796360130405221558e+10 5.024001264916010817e-02
7.959777002314976501e+10 4.917052676534527933e-02
8.126619200091944885e+10 4.812241468844460912e-02
8.296958520834915161e+10 4.709535713111573374e-02
8.470868266557418823e+10 4.608933195882845141e-02
8.648423275731707764e+10 4.510383482409327516e-02
8.829699955494082642e+10 4.413809073027439439e-02
9.014776314524917603e+10 4.319180411846758327e-02
9.203731996618229675e+10 4.226495437889582485e-02
9.396648314954670715e+10 4.135707465072932520e-02
9.593608287093125916e+10 4.046744772178254013e-02
9.794696670695385742e+10 3.959579999396637545e-02
1.000000000000000000e+11 3.874211219204712342e-02
1.020960662306047516e+11 3.790595220293076217e-02
1.042360673976403351e+11 3.708665641839720140e-02
1.064209244064726715e+11 3.628397156537982449e-02
1.086515774652537231e+11 3.549787953587194705e-02
1.109289864895222778e+11 3.472798042408600100e-02
1.132541315152812653e+11 3.397366034298879289e-02
1.156280131207372894e+11 3.323468483081836594e-02
1.180516528568803101e+11 3.251103679998835344e-02
1.205260936870841370e+11 3.180234619569862614e-02
1.230524004359261475e+11 3.110804524599377827e-02
1.256316602474121399e+11 3.042791689958230378e-02
1.282649830528062439e+11 2.976194496090237007e-02
1.309535020482670288e+11 2.910978704064708100e-02
1.336983741824945221e+11 2.847091813282697989e-02
1.365007806546013794e+11 2.784513730029478107e-02
1.393619274224143372e+11 2.723242912757549428e-02
1.422830457214349060e+11 2.663247686382708840e-02
1.452653925946778259e+11 2.604479515866546871e-02
1.483102514336102905e+11 2.546919798950956701e-02
1.514189325304352112e+11 2.490567062372372673e-02
1.545927736419478455e+11 2.435392006891141242e-02
1.578331405652119751e+11 2.381349774178233986e-02
1.611414277253023071e+11 2.328423142424625170e-02
1.645190587753660583e+11 2.276610698237074501e-02
1.679674872092653198e+11 2.225885343856713605e-02
1.714881969870540771e+11 2.176205629422343565e-02
1.750827031735719604e+11 2.127555610851798035e-02
1.787525525904231873e+11 2.079933927375184413e-02
1.824993244816150513e+11 2.033315521002949586e-02
1.863246311931559753e+11 1.987662101249632052e-02
1.902301188668945618e+11 1.942958906704094282e-02
1.942174681489028320e+11 1.899204623009904946e-02
1.982883949127075500e+11 1.856376081971640099e-02
2.024446509976802063e+11 1.814437921180686586e-02
2.066880249629082031e+11 1.773376473936813871e-02
2.110203428568596497e+11 1.733190467004286361e-02
2.154434690031877747e+11 1.693858482896480264e-02
2.199593068030070190e+11 1.655347872512857518e-02
2.245697995539771729e+11 1.617645982470851743e-02
2.292769312865648804e+11 1.580751576175125003e-02
2.340827276178294067e+11 1.544644857864404218e-02
2.389892566231052551e+11 1.509295692337520034e-02
2.439986297259555054e+11 1.474692364211058204e-02
2.491130026067796021e+11 1.440833669767830651e-02
2.543345761304648132e+11 1.407701315360505682e-02
2.596655972934872437e+11 1.375267494547391042e-02
2.651083601908530884e+11 1.343521360251021153e-02
2.706652070033235779e+11 1.312461738499505655e-02
2.763385290053167114e+11 1.282071726842389826e-02
2.821307675939470825e+11 1.252325675717358248e-02
2.880444153396297607e+11 1.223213541863693229e-02
2.940820170587066650e+11 1.194734178474303118e-02
3.002461709085555420e+11 1.166871971444050082e-02
3.065395295056536255e+11 1.139603268531057950e-02
3.129648010670750732e+11 1.112918770616724319e-02
3.195247505759213257e+11 1.086817355960902412e-02
3.262222009711659546e+11 1.061284603436314991e-02
3.330600343624581909e+11 1.036298710007645812e-02
3.400411932703702393e+11 1.011851065481224853e-02
3.471686818926559448e+11 9.879405715059737941e-03
3.544455673970435181e+11 9.645539115070902308e-03
3.618749812411284180e+11 9.416709941785518165e-03
3.694601205199309692e+11 9.192838471568213349e-03
3.772042493417008667e+11 8.973913941665509486e-03
3.851107002325568848e+11 8.759813412002177141e-03
3.931828755705770264e+11 8.550351810852828763e-03
4.014242490499309692e+11 8.345455320107223601e-03
4.098383671757252808e+11 8.145113387760291590e-03
4.184288507901575928e+11 7.949212539313896264e-03
4.271993966306776123e+11 7.757582360237187148e-03
4.361537789208005371e+11 7.570154500473307707e-03
4.452958509942659912e+11 7.386918611444015341e-03
4.546295469532408447e+11 7.207769979564466155e-03
4.641588833612791138e+11 7.032551748670124760e-03
4.738879609717650757e+11 6.861200631961711718e-03
4.838209664925957031e+11 6.693706479243669710e-03
4.939621743878305664e+11 6.529972684605543469e-03
5.043159487171348267e+11 6.369854930691241403e-03
5.148867450137487183e+11 6.213294619392052687e-03
5.256791122018419189e+11 6.060281795776134052e-03
5.366976945540476074e+11 5.910727356077397771e-03
5.479472336900292969e+11 5.764498575840625028e-03
5.594325706169388428e+11 5.621541199054873143e-03
5.711586478126446533e+11 5.481845464531510427e-03
5.831305113526218262e+11 5.345329209382962583e-03
5.953533130814368896e+11 5.211870424572789644e-03
6.078323128297211914e+11 5.081418875482805915e-03
6.205728806776488037e+11 4.953964994466826532e-03
6.335804992658240967e+11 4.829433039307669262e-03
6.468607661546320801e+11 4.707710902488500097e-03
6.604193962330305176e+11 4.588752074024293401e-03
6.742622241778348389e+11 4.472547180679803912e-03
6.883952069645510254e+11 4.359026418791869459e-03
7.028244264308366699e+11 4.248086827539787440e-03
7.175560918936921387e+11 4.139685346971091334e-03
7.325965428215229492e+11 4.033812799971760177e-03
7.479522515621828613e+11 3.930404874654945015e-03
7.636298261282225342e+11 3.829367056958903927e-03
7.796360130405220947e+11 3.730659482863556749e-03
7.959777002314978027e+11 3.634273173737629248e-03
8.126619200091945801e+11 3.540148895475216453e-03
8.296958520834915771e+11 3.448199931830961233e-03
8.470868266557419434e+11 3.358389379582512376e-03
8.648423275731743164e+11 3.270708461422033603e-03
8.829699955494082031e+11 3.185102637438832172e-03
9.014776314524916992e+11 3.101492387638635564e-03
9.203731996618229980e+11 3.019843552014356888e-03
9.396648314954670410e+11 2.940147557745545655e-03
9.593608287093126221e+11 2.862354203741787877e-03
9.794696670695385742e+11 2.786390608715624481e-03
1.000000000000000000e+12 2.712225154523960867e-03
1.020960662306047485e+12 2.639849476192338267e-03
1.042360673976403198e+12 2.569217382246554229e-03
1.064209244064726929e+12 2.500262113456251829e-03
1.086515774652537354e+12 2.432954407208243013e-03
1.109289864895222656e+12 2.367286109814049043e-03
1.132541315152812744e+12 2.303214734485637284e-03
1.156280131207372803e+12 2.240679165392445160e-03
1.180516528568802979e+12 2.179652323010896481e-03
1.205260936870841309e+12 2.120126268359222819e-03
1.230524004359261719e+12 2.062061936921464039e-03
1.256316602474121338e+12 2.005403412905936225e-03
1.282649830528062500e+12 1.950125640289499624e-03
1.309535020482670410e+12 1.896220898112344370e-03
1.336983741824945068e+12 1.843653282603779572e-03
1.365007806546013672e+12 1.792371667437479051e-03
1.393619274224143311e+12 1.742352872388028750e-03
1.422830457214348877e+12 1.693589397656201272e-03
1.452653925946778320e+12 1.646048258061042152e-03
1.483102514336102783e+12 1.599682736626925096e-03
1.514189325304351807e+12 1.554471392217681488e-03
1.545927736419478516e+12 1.510406949093341189e-03
1.578331405652119873e+12 1.467459116475097530e-03
1.611414277253023193e+12 1.425585234915003729e-03
1.645190587753660889e+12 1.384765475825993231e-03
1.679674872092653076e+12 1.344992790134830543e-03
1.714881969870540771e+12 1.306239373940586233e-03
1.750827031735719727e+12 1.268466299777623726e-03
1.787525525904231689e+12 1.231655234472251630e-03
1.824993244816150391e+12 1.195799357890574809e-03
1.863246311931559814e+12 1.160873160937839210e-03
1.902301188668945801e+12 1.126841146993526029e-03
1.942174681489028320e+12 1.093686369855774443e-03
1.982883949127075439e+12 1.061402240232398779e-03
2.024446509976801758e+12 1.029965366094027579e-03
2.066880249629082031e+12 9.993434031928098444e-04
2.110203428568596680e+12 9.695206918986193183e-04
2.154434690031877930e+12 9.404908752647476045e-04
2.199593068030070312e+12 9.122325138729622113e-04
2.245697995539771484e+12 8.847161584242277475e-04
2.292769312865648926e+12 8.579273428931657661e-04
2.340827276178293945e+12 8.318599437607493517e-04
2.389892566231052246e+12 8.064943220852702861e-04
2.439986297259555176e+12 7.818036856357582064e-04
2.491130026067796387e+12 7.577746758962909885e-04
2.543345761304647949e+12 7.344014034192996795e-04
2.596655972934872070e+12 7.116658890252568377e-04
2.651083601908530762e+12 6.895437778144421215e-04
2.706652070033235840e+12 6.680227390362010464e-04
2.763385290053166992e+12 6.470971175080451930e-04
2.821307675939470703e+12 6.267504636840777075e-04
2.880444153396297852e+12 6.069606571014451177e-04
2.940820170587066406e+12 5.877163209002102219e-04
3.002461709085555176e+12 5.690120338978458267e-04
3.065395295056536133e+12 5.508327558648889229e-04
3.129648010670750488e+12 5.331584135121036211e-04
3.195247505759213867e+12 5.159785154190060308e-04
3.262222009711660156e+12 4.992878736755962301e-04
3.330600343624582031e+12 4.830727461422624222e-04
3.400411932703702637e+12 4.673149339451251535e-04
3.471686818926559082e+12 4.520047676616618763e-04
3.544455673970435547e+12 4.371372914632317905e-04
3.618749812411284180e+12 4.226999584961481328e-04
3.694601205199310059e+12 4.086762849997827409e-04
3.772042493417008789e+12 3.950573647349894259e-04
3.851107002325568848e+12 3.818384723017080639e-04
3.931828755705770020e+12 3.690081611294617576e-04
4.014242490499309570e+12 3.565515157495970913e-04
4.098383671757252930e+12 3.444603385638462210e-04
4.184288507901576172e+12 3.327301324910347932e-04
4.271993966306776855e+12 3.213504634654011801e-04
4.361537789208005859e+12 3.103078490613709163e-04
4.452958509942660156e+12 2.995947497226461934e-04
4.546295469532409180e+12 2.892068941272573366e-04
4.641588833612791016e+12 2.791347796236323090e-04
4.738879609717650391e+12 2.693662323070322218e-04
4.838209664925957031e+12 2.598943237035568950e-04
4.939621743878305664e+12 2.507150052497655619e-04
5.043159487171347656e+12 2.418196308075003611e-04
5.148867450137486328e+12 2.331972204100368577e-04
5.256791122018418945e+12 2.248414130634175201e-04
5.366976945540475586e+12 2.167483795320791914e-04
5.479472336900291992e+12 2.089102610171571922e-04
5.594325706169388672e+12 2.013171661129587126e-04
5.711586478126446289e+12 1.939632607993619913e-04
5.831305113526218750e+12 1.868449313204490121e-04
5.953533130814370117e+12 1.799550423387892746e-04
6.078323128297210938e+12 1.732846941556053953e-04
6.205728806776487305e+12 1.668285420729252798e-04
6.335804992658241211e+12 1.605831835629655316e-04
6.468607661546321289e+12 1.545421477683085471e-04
6.604193962330305664e+12 1.486974377294049312e-04
6.742622241778348633e+12 1.430441630494393688e-04
6.883952069645509766e+12 1.375791277895714105e-04
7.028244264308366211e+12 1.322964711158228484e-04
7.175560918936920898e+12 1.271890171335057600e-04
7.325965428215229492e+12 1.222522971497905263e-04
7.479522515621797852e+12 1.174833168048299280e-04
7.636298261282225586e+12 1.128767750110115246e-04
7.796360130405220703e+12 1.084262420051370349e-04
7.959777002314977539e+12 1.041276404335660571e-04
8.126619200091945312e+12 9.997817215319542350e-05
8.296958520834915039e+12 9.597304940462786068e-05
8.470868266557419922e+12 9.210651984915335037e-05
8.648423275731745117e+12 8.837486916328847898e-05
8.829699955494082031e+12 8.477548972581986091e-05
9.014776314524917969e+12 8.130406424871202905e-05
9.203731996618228516e+12 7.795545485758652727e-05
9.396648314954669922e+12 7.472628384307236681e-05
9.593608287093126953e+12 7.161412809948274494e-05
9.794696670695386719e+12 6.861510123851398402e-05
1.000000000000000000e+13 6.572462219063886387e-05
1.020960662306047461e+13 6.293962518760975913e-05
1.042360673976403125e+13 6.025786534396991763e-05
1.064209244064726758e+13 5.767585062897338609e-05
1.086515774652537305e+13 5.518950400365030712e-05
1.109289864895222656e+13 5.279604857337310083e-05
1.132541315152812695e+13 5.049341111255765149e-05
1.156280131207373047e+13 4.827846019841081283e-05
1.180516528568803125e+13 4.614757454700205342e-05
1.205260936870841211e+13 4.409824454906359991e-05
1.230524004359261523e+13 4.212856183885048205e-05
1.256316602474121484e+13 4.023572442544220371e-05
1.282649830528062695e+13 3.841652264394815238e-05
1.309535020482670312e+13 3.666869394634078165e-05
1.336983741824945312e+13 3.499048781385020887e-05
1.365007806546013672e+13 3.337940288276839969e-05
1.393619274224143359e+13 3.183260077734951599e-05
1.422830457214349023e+13 3.034804704605846687e-05
1.452653925946778320e+13 2.892414181986232099e-05
1.483102514336102734e+13 2.755865774287872671e-05
1.514189325304351953e+13 2.624909089544451746e-05
1.545927736419478516e+13 2.499361712228165787e-05
1.578331405652119727e+13 2.379077985241982119e-05
1.611414277253023242e+13 2.263860113256071702e-05
1.645190587753660742e+13 2.153487787649802494e-05
1.679674872092653125e+13 2.047797950406350846e-05
1.714881969870541016e+13 1.946658526771069889e-05
1.750827031735719922e+13 1.849894386881983845e-05
1.787525525904231641e+13 1.757312237778131219e-05
1.824993244816150391e+13 1.668766807093097806e-05
1.863246311931559766e+13 1.584138845958936152e-05
1.902301188668945703e+13 1.503273786594764067e-05
1.942174681489028516e+13 1.426002554168834308e-05
1.982883949127075391e+13 1.352196183565989545e-05
2.024446509976801562e+13 1.281747489800368279e-05
2.066880249629082031e+13 1.214520522142843813e-05
2.110203428568596484e+13 1.150367874046233942e-05
2.154434690031877734e+13 1.089175496714560948e-05
2.199593068030070312e+13 1.030847505070680366e-05
2.245697995539771484e+13 9.752647669271721854e-06
2.292769312865648828e+13 9.222992212292287095e-06
2.340827276178294141e+13 8.718504268006707086e-06
2.389892566231052344e+13 8.238330362237984272e-06
2.439986297259555078e+13 7.781430731614139050e-06
2.491130026067785938e+13 7.346697074207293184e-06
2.543345761304648438e+13 6.933248744499580627e-06
2.596655972934872656e+13 6.540330077480833952e-06
2.651083601908530859e+13 6.167037503213494423e-06
2.706652070033235938e+13 5.812415791203517277e-06
2.763385290053166797e+13 5.475696490498190597e-06
2.821307675939470703e+13 5.156214271344975834e-06
2.880444153396297656e+13 4.853187567596739660e-06
2.940820170587066797e+13 4.565796735039072032e-06
3.002461709085555078e+13 4.293374651041058970e-06
3.065395295056535938e+13 4.035338979369450550e-06
3.129648010670750391e+13 3.791017066121642050e-06
3.195247505759213672e+13 3.559708977554940668e-06
3.262222009711659766e+13 3.340838730972297204e-06
3.330600343624581641e+13 3.133899812522460434e-06
3.400411932703702734e+13 2.938316418097926266e-06
3.471686818926559766e+13 2.753493928639939721e-06
3.544455673970435938e+13 2.578937967849450135e-06
3.618749812411284375e+13 2.414210881409036534e-06
3.694601205199309375e+13 2.258822620077174205e-06
3.772042493417008594e+13 2.112270846672356542e-06
3.851107002325568750e+13 1.974133893410890067e-06
3.931828755705770312e+13 1.844036247306108316e-06
4.014242490499309375e+13 1.721563431520505740e-06
4.098383671757252344e+13 1.606293615056046268e-06
4.184288507901575781e+13 1.497869560205241374e-06
4.271993966306776562e+13 1.395971456142978381e-06
4.361537789208005469e+13 1.300251078957209123e-06
4.452958509942659375e+13 1.210356489406289216e-06
4.546295469532408594e+13 1.125987206797728075e-06
4.641588833612791406e+13 1.046872994083305013e-06
4.738879609717650781e+13 9.727233788954755183e-07
4.838209664925957031e+13 9.032467736014019012e-07
4.939621743878305469e+13 8.381923740446481116e-07
5.043159487171348438e+13 7.773337277900371656e-07
5.148867450137487500e+13 7.204303894641730307e-07
5.256791122018419531e+13 6.672425778702800995e-07
5.366976945540475781e+13 6.175626651086192815e-07
5.479472336900292188e+13 5.712025578688029553e-07
5.594325706169388281e+13 5.279648514352182788e-07
5.711586478126446875e+13 4.876539480628976263e-07
5.831305113526218750e+13 4.500994632070098739e-07
5.953533130814369531e+13 4.151466207096865313e-07
6.078323128297210938e+13 3.826347714947340786e-07
6.205728806776487500e+13 3.524057330782765879e-07
6.335804992658241406e+13 3.243209847106768995e-07
6.468607661546320312e+13 2.982544236181966379e-07
6.604193962330304688e+13 2.740765366410663089e-07
6.742622241778349219e+13 2.516605801119323909e-07
6.883952069645510938e+13 2.308950549300323438e-07
7.028244264308367188e+13 2.116782952462118671e-07
7.175560918936920312e+13 1.939069334987347851e-07
7.325965428215229688e+13 1.774804204897673011e-07
7.479522515621796875e+13 1.623099556542583312e-07
7.636298261282225000e+13 1.483144841515953354e-07
7.796360130405220312e+13 1.354123867301648659e-07
7.959777002314978125e+13 1.235247393404608918e-07
8.126619200091945312e+13 1.125816146327344566e-07
8.296958520834914062e+13 1.025191506421804058e-07
8.470868266557418750e+13 9.327363485848724254e-08
8.648423275731743750e+13 8.478381893071897023e-08
8.829699955494082812e+13 7.699529687395484125e-08
9.014776314524917188e+13 6.985838057504654320e-08
9.203731996618229688e+13 6.332393990473060372e-08
9.396648314954671875e+13 5.734501892034502602e-08
9.593608287093126562e+13 5.187982719043963493e-08
9.794696670695385938e+13 4.689021622729286180e-08
1.000000000000000000e+14 4.233879134822512680e-08
1.020960662306047656e+14 3.819001933301661079e-08
1.042360673976403281e+14 3.441223516771424029e-08
1.064209244064726875e+14 3.097656110024553112e-08
1.086515774652537188e+14 2.785492745772149062e-08
1.109289864895222656e+14 2.502081617553838049e-08
1.132541315152812656e+14 2.245058027347085254e-08
1.156280131207372969e+14 2.012268524523979132e-08
1.180516528568803125e+14 1.801637072565664257e-08
1.205260936870841250e+14 1.611213803728267788e-08
1.230524004359261562e+14 1.439259866822512206e-08
1.256316602474121406e+14 1.284194769772726831e-08
1.282649830528062500e+14 1.144507097706269724e-08
1.309535020482670312e+14 1.018785634983890791e-08
1.336983741824945156e+14 9.057725777931725586e-09
1.365007806546013906e+14 8.043273860121827066e-09
1.393619274224143594e+14 7.133680299839010192e-09
1.422830457214349062e+14 6.318902413395483304e-09
1.452653925946778125e+14 5.589999449214470993e-09
1.483102514336102812e+14 4.938887198402713440e-09
1.514189325304351875e+14 4.357956615234412263e-09
1.545927736419478438e+14 3.840188454332532656e-09
1.578331405652119688e+14 3.379344438146978079e-09
1.611414277253023125e+14 2.969802549640189470e-09
1.645190587753660625e+14 2.606312818953624815e-09
1.679674872092653125e+14 2.284062396261982402e-09
1.714881969870540938e+14 1.998783777545454322e-09
1.750827031735719688e+14 1.746645518144559295e-09
1.787525525904231875e+14 1.524097945317751492e-09
1.824993244816150312e+14 1.327907793175640770e-09
1.863246311931559688e+14 1.155216425728512199e-09
1.902301188668945625e+14 1.003468178309223398e-09
1.942174681489028438e+14 8.703141692024669178e-10
1.982883949127075312e+14 7.536290479712661553e-10
2.024446509976801875e+14 6.515402260439389239e-10
2.066880249629082188e+14 5.623814692737380164e-10
2.110203428568596562e+14 4.846337118812892246e-10
2.154434690031877812e+14 4.169318773794215361e-10
2.199593068030070312e+14 3.580780926184356684e-10
2.245697995539771562e+14 3.070120268617050388e-10
2.292769312865648750e+14 2.627749458537114670e-10
2.340827276178294375e+14 2.245114481098785280e-10
2.389892566231052500e+14 1.914743773538126765e-10
2.439986297259555000e+14 1.630061334499811592e-10
2.491130026067785938e+14 1.385171272974847856e-10
2.543345761304648125e+14 1.174852295431841549e-10
2.596655972934872500e+14 9.945676032771765160e-11
2.651083601908530625e+14 8.403489680733992484e-11
2.706652070033235938e+14 7.086693506737682518e-11
2.763385290053167188e+14 5.964295757295316011e-11
2.821307675939470625e+14 5.009524154454594727e-11
2.880444153396298125e+14 4.199119294885021956e-11
2.940820170587066250e+14 3.512592473708516503e-11
3.002461709085555000e+14 2.932087365882142295e-11
3.065395295056535625e+14 2.442277891068194511e-11
3.129648010670750625e+14 2.029945885140904054e-11
3.195247505759213750e+14 1.683555588344912110e-11
3.262222009711659375e+14 1.393139561609725145e-11
3.330600343624581250e+14 1.150203118518808582e-11
3.400411932703702500e+14 9.474774205033908216e-12
3.471686818926559375e+14 7.786799147039742140e-12
3.544455673970435625e+14 6.384311944597719973e-12
3.618749812411283750e+14 5.221820157110576765e-12
3.694601205199310000e+14 4.260724950530268892e-12
3.772042493417008750e+14 3.468000175051998748e-12
3.851107002325568750e+14 2.815636663280517204e-12
3.931828755705770000e+14 2.280146066843931194e-12
4.014242490499310000e+14 1.841779990444246242e-12
4.098383671757253125e+14 1.483818914723216332e-12
4.184288507901576250e+14 1.192225831147464820e-12
4.271993966306776875e+14 9.553361620321643894e-13
4.361537789208005625e+14 7.634379698451451915e-13
4.452958509942660000e+14 6.083995808038748720e-13
4.546295469532408750e+14 4.834666365922973498e-13
4.641588833612791250e+14 3.830813448911274494e-13
4.738879609717650625e+14 3.026644551863419025e-13
4.838209664925956875e+14 2.384262932029751272e-13
4.939621743878305000e+14 1.872545439091679549e-13
5.043159487171348125e+14 1.466152909655986278e-13
5.148867450137486875e+14 1.144440087509622860e-13
5.256791122018418750e+14 8.905302165745216716e-14
5.366976945540476250e+14 6.907286629229028651e-14
5.479472336900293125e+14 5.340124269253950761e-14
5.594325706169389375e+14 4.115073794980227494e-14
5.711586478126446250e+14 3.160527653163215373e-14
5.831305113526218750e+14 2.419116593729860316e-14
5.953533130814370000e+14 1.845226331439939601e-14
6.078323128297211250e+14 1.402601993453360876e-14
6.205728806776487500e+14 1.062387243487898318e-14
6.335804992658241250e+14 8.017747271876313819e-15
6.468607661546320000e+14 6.028674440983539345e-15
6.604193962330305000e+14 4.516338753709326300e-15
6.742622241778348750e+14 3.370669629805474859e-15
6.883952069645510000e+14 2.505914589812825879e-15
7.028244264308366250e+14 1.855726140029800194e-15
7.175560918936921250e+14 1.368841399587091582e-15
7.325965428215230000e+14 1.005661516766228781e-15
7.479522515621797500e+14 7.358056239158581220e-16
7.636298261282225000e+14 5.361203224311674129e-16
7.796360130405220000e+14 3.889933118010437294e-16
7.959777002314977500e+14 2.810401771719911374e-16
8.126619200091946250e+14 2.021583969882799902e-16
8.296958520834916250e+14 1.447723469961305338e-16
8.470868266557420000e+14 1.032146405027329396e-16
8.648423275731745000e+14 7.325247371850204663e-17
8.829699955494082500e+14 5.174598732864738534e-17
9.014776314524917500e+14 3.638108810067035288e-17
9.203731996618230000e+14 2.545711554625715879e-17
9.396648314954671250e+14 1.772712081094497506e-17
9.593608287093126250e+14 1.228310124482753488e-17
9.794696670695385000e+14 8.468131856805190610e-18
1.000000000000000000e+15 5.808515642362350722e-18
1.020960662306047500e+15 3.963684249158150917e-18
1.042360673976403250e+15 2.690491505419441642e-18
1.064209244064722375e+15 1.816474652829866217e-18
1.086515774652537375e+15 1.219771855251632323e-18
1.109289864895222875e+15 8.145822714470852575e-19
1.132541315152812750e+15 5.409256287388586997e-19
1.156280131207377750e+15 3.571496234329495773e-19
1.180516528568803000e+15 2.344538132736696510e-19
1.205260936870841250e+15 1.530070163911076490e-19
1.230524004359261500e+15 9.925402362840396045e-20
1.256316602474121500e+15 6.399241497341396104e-20
1.282649830528062500e+15 4.100480626350630292e-20
1.309535020482665000e+15 2.611055466199117120e-20
1.336983741824945250e+15 1.651979508413753099e-20
1.365007806546013750e+15 1.038384453773446564e-20
1.393619274224143500e+15 6.484202982215745581e-21
1.422830457214354750e+15 4.022032371300653317e-21
1.452653925946778250e+15 2.477726267827516546e-21
1.483102514336102750e+15 1.515773242805654098e-21
1.514189325304352000e+15 9.208007916935067207e-22
1.545927736419478500e+15 5.553790225024613364e-22
1.578331405652119500e+15 3.325291334488130683e-22
1.611414277253016750e+15 1.976227974641509944e-22
1.645190587753660750e+15 1.165698153765007422e-22
1.679674872092653250e+15 6.823615855050975222e-23
1.714881969870541000e+15 3.963164150065241104e-23
1.750827031735726750e+15 2.283574992126637428e-23
1.787525525904231750e+15 1.305286387841170881e-23
1.824993244816150500e+15 7.400258020126822410e-24
1.863246311931559750e+15 4.160574318828355272e-24
1.902301188668945750e+15 2.319356274368179709e-24
1.942174681489028250e+15 1.281910489477730749e-24
1.982883949127067250e+15 7.023480521713880158e-25
2.024446509976801750e+15 3.813829000477405338e-25
2.066880249629082000e+15 2.052210626378107986e-25
2.110203428568596500e+15 1.094206375691517419e-25
2.154434690031886500e+15 5.779846806775441762e-26
2.199593068030070500e+15 3.023969360477063170e-26
2.245697995539771750e+15 1.566805514888340169e-26
2.292769312865648500e+15 8.038782119153868653e-27
2.340827276178294500e+15 4.083386061043957624e-27
2.389892566231052500e+15 2.053070760110752114e-27
2.439986297259545000e+15 1.021569416879741510e-27
2.491130026067786000e+15 5.030010722702568762e-28
2.543345761304648500e+15 2.450295561459577933e-28
2.596655972934872000e+15 1.180615512052899430e-28
2.651083601908541500e+15 5.625488041206101128e-29
2.706652070033235500e+15 2.650486493313203319e-29
2.763385290053167000e+15 1.234552442607195966e-29
2.821307675939470500e+15 5.683254846110694628e-30
2.880444153396297500e+15 2.585253766163111482e-30
2.940820170587066500e+15 1.161915727002108098e-30
3.002461709085543000e+15 5.158331507783311344e-31
3.065395295056523500e+15 2.261438466513185063e-31
3.129648010670750500e+15 9.788339933907984088e-32
3.195247505759214000e+15 4.182380459483314079e-32
3.262222009711673500e+15 1.763673997729604957e-32
3.330600343624582000e+15 7.337755057205003622e-33
3.400411932703702500e+15 3.011330954777791535e-33
3.471686818926559500e+15 1.218820339844057453e-33
3.544455673970435500e+15 4.863943614498587875e-34
3.618749812411284000e+15 1.913226343160787293e-34
3.694601205199294500e+15 7.415922537843577115e-35
3.772042493416993500e+15 2.832136116767656771e-35
3.851107002325568500e+15 1.065334098740767589e-35
3.931828755705770000e+15 3.945776769301516152e-36
4.014242490499326000e+15 1.438590784387725894e-36
4.098383671757253000e+15 5.162049799653585284e-37
4.184288507901576000e+15 1.822426924585776550e-37
4.271993966306776500e+15 6.327955977045444076e-38
4.361537789208006000e+15 2.160406979308264784e-38
4.452958509942660000e+15 7.250716707914040120e-39
4.546295469532390000e+15 2.391397583284674666e-39
4.641588833612773000e+15 7.747826877441367973e-40
4.738879609717651000e+15 2.465063852946694742e-40
4.838209664925957000e+15 7.700212978846845942e-41
4.939621743878326000e+15 2.360719143535672155e-41
5.043159487171349000e+15 7.100244732232026496e-42
5.148867450137487000e+15 2.094310903240514750e-42
5.256791122018419000e+15 6.056824265216052384e-43
5.366976945540476000e+15 1.716773515532065525e-43
5.479472336900292000e+15 4.767090160340477449e-44
5.594325706169389000e+15 1.296298586245691045e-44
5.711586478126423000e+15 3.451082996977370749e-45
5.831305113526218000e+15 8.991230038718365084e-46
5.953533130814370000e+15 2.291348022550798959e-46
6.078323128297236000e+15 5.709482186411452049e-47
6.205728806776513000e+15 1.390633932724020027e-47
6.335804992658241000e+15 3.309324232372327645e-48
6.468607661546321000e+15 7.690540491067564043e-49
6.604193962330306000e+15 1.744521118437318099e-49
6.742622241778349000e+15 3.861558236074170482e-50
6.883952069645510000e+15 8.336810447544512740e-51
7.028244264308338000e+15 1.754500705593424695e-51
7.175560918936921000e+15 3.597644488524304082e-52
7.325965428215230000e+15 7.185328678554559233e-53
7.479522515621829000e+15 1.397028852864188350e-53
7.636298261282257000e+15 2.642671709282466210e-54
7.796360130405221000e+15 4.861133735894503519e-55
7.959777002314978000e+15 8.692154371207482872e-56
8.126619200091945000e+15 1.509943183933578015e-56
8.296958520834915000e+15 2.546642759285841439e-57
8.470868266557420000e+15 4.167812653630878967e-58
8.648423275731709000e+15 6.616149268449205120e-59
8.829699955494083000e+15 1.018091186085271738e-59
9.014776314524918000e+15 1.517623530089099038e-60
9.203731996618230000e+15 2.190157389428242382e-61
9.396648314954710000e+15 3.058641984085900041e-62
9.593608287093126000e+15 4.130751688349292477e-63
9.794696670695384000e+15 5.390979134213515051e-64
