1.020960662306047603e+07 3.417650699016453331e+01
1.042360673976401053e+07 3.333073884425024858e+01
1.064209244064724632e+07 3.250526271463482431e+01
1.086515774652537145e+07 3.169950182865217414e+01
1.109289864895222709e+07 3.091291889159993289e+01
1.132541315152812563e+07 3.014517228521068759e+01
1.156280131207375228e+07 2.939590278648038080e+01
1.180516528568805568e+07 2.866458443291740465e+01
1.205260936870841496e+07 2.795072718772938458e+01
1.230524004359261692e+07 2.725401860137275278e+01
1.256316602474121563e+07 2.657413030657167141e+01
1.282649830528059974e+07 2.591058278151891514e+01
1.309535020482667536e+07 2.526292918854968406e+01
1.336983741824945062e+07 2.463088380680946443e+01
1.365007806546013802e+07 2.401414652918432679e+01
1.393619274224143475e+07 2.341228027330413042e+01
1.422830457214351930e+07 2.282487768360497427e+01
1.452653925946781226e+07 2.225167752846986602e+01
1.483102514336102828e+07 2.169240558022197618e+01
1.514189325304351933e+07 2.114666353220828299e+01
1.545927736419478431e+07 2.061408010758399101e+01
1.578331405652116425e+07 2.009441650888734898e+01
1.611414277253019996e+07 1.958742220407123469e+01
1.645190587753660791e+07 1.909273430849835052e+01
1.679674872092653066e+07 1.861001450749331099e+01
1.714881969870540872e+07 1.813904455243537939e+01
1.750827031735723466e+07 1.767959560455469870e+01
1.787525525904235244e+07 1.723133713095276320e+01
1.824993244816150516e+07 1.679396092651035133e+01
1.863246311931559816e+07 1.636726756134069305e+01
1.902301188668945804e+07 1.595104805416299598e+01
1.942174681489024311e+07 1.554500141393864610e+01
1.982883949127071351e+07 1.514884693350551181e+01
2.024446509976801649e+07 1.476240241545458254e+01
2.066880249629081786e+07 1.438547705250123698e+01
2.110203428568596393e+07 1.401779682401119231e+01
2.154434690031882003e+07 1.365910613099146076e+01
2.199593068030074611e+07 1.330923855364934028e+01
2.245697995539776236e+07 1.296801991502081641e+01
2.292769312865648791e+07 1.263520081238270798e+01
2.340827276178294048e+07 1.231054856844094125e+01
2.389892566231048107e+07 1.199391120632827601e+01
2.439986297259550542e+07 1.168512976463892805e+01
2.491130026067791134e+07 1.138397730672018504e+01
2.543345761304648221e+07 1.109024207593999023e+01
2.596655972934872285e+07 1.080378531508745610e+01
2.651083601908536255e+07 1.052446198158252955e+01
2.706652070033241063e+07 1.025206563628163536e+01
2.763385290053172782e+07 9.986403613553173741e+00
2.821307675939470530e+07 9.727349253677356700e+00
2.880444153396297619e+07 9.474770244574008515e+00
2.940820170587060601e+07 9.228478844771922596e+00
3.002461709085549042e+07 8.988299805775712414e+00
3.065395295056529716e+07 8.754117536942413125e+00
3.129648010670750216e+07 8.525811367754991821e+00
3.195247505759213492e+07 8.303210608671648174e+00
3.262222009711666778e+07 8.086155897873753773e+00
3.330600343624588847e+07 7.874541771072417262e+00
3.400411932703709602e+07 7.668258201638256999e+00
3.471686818926559389e+07 7.467150047469636398e+00
3.544455673970435560e+07 7.271072434191436784e+00
3.618749812411276251e+07 7.079929159866588328e+00
3.694601205199302733e+07 6.893619927697491434e+00
3.772042493417001516e+07 6.712003768067433818e+00
3.851107002325568348e+07 6.534949015054917432e+00
3.931828755705770105e+07 6.362367937173104337e+00
4.014242490499317646e+07 6.194169130253025735e+00
4.098383671757261455e+07 6.030224540731081717e+00
4.184288507901584357e+07 5.870414542225506516e+00
4.271993966306776553e+07 5.714659148075246442e+00
4.361537789208005369e+07 5.562875080098312885e+00
4.452958509942659736e+07 5.414946052800766907e+00
4.546295469532398880e+07 5.270763411189640202e+00
4.641588833612781763e+07 5.130254248716290100e+00
4.738879609717650712e+07 4.993342711071617757e+00
4.838209664925957471e+07 4.859923232301709639e+00
4.939621743878325820e+07 4.729897152950400141e+00
5.043159487171358615e+07 4.603198037598716041e+00
5.148867450137497485e+07 4.479756813106004820e+00
5.256791122018418461e+07 4.359477675329704205e+00
5.366976945540475845e+07 4.242271069061897215e+00
5.479472336900292337e+07 4.128076472320008072e+00
5.594325706169377267e+07 4.016831004615805334e+00
5.711586478126434237e+07 3.908447749243884051e+00
5.831305113526218385e+07 3.802845441340964694e+00
5.953533130814369768e+07 3.699968961529895406e+00
6.078323128297235817e+07 3.599761083364240832e+00
6.205728806776500493e+07 3.502142979381478671e+00
6.335804992658253759e+07 3.407040931896990088e+00
6.468607661546321213e+07 3.314404756403750874e+00
6.604193962330305576e+07 3.224182387661084448e+00
6.742622241778348386e+07 3.136302358890497910e+00
6.883952069645495713e+07 3.050697821180976987e+00
7.028244264308351278e+07 2.967323096721943276e+00
7.175560918936920166e+07 2.886130830481624443e+00
7.325965428215231001e+07 2.807056251579226558e+00
7.479522515621829033e+07 2.730038760758921601e+00
7.636298261282241344e+07 2.655036794947700063e+00
7.796360130405236781e+07 2.582007296753536796e+00
7.959777002314977348e+07 2.510891584693297762e+00
8.126619200091944635e+07 2.441634744266509394e+00
8.296958520834915340e+07 2.374198968411981081e+00
8.470868266557401419e+07 2.308545119970616177e+00
8.648423275731725991e+07 2.244620053725612685e+00
8.829699955494081974e+07 2.182374024599837536e+00
9.014776314524917305e+07 2.121772653263303887e+00
9.203731996618229151e+07 2.062780377670858645e+00
9.396648314954690635e+07 2.005349084461911957e+00
9.593608287093147635e+07 1.949433727992305521e+00
9.794696670695386827e+07 1.895003056312505096e+00
1.000000000000000000e+08 1.842024766945086656e+00
1.020960662306047529e+08 1.790455318529948103e+00
1.042360673976403177e+08 1.740253936306807914e+00
1.064209244064722359e+08 1.691392220974854421e+00
1.086515774652537256e+08 1.643840841124973640e+00
1.109289864895222783e+08 1.597560408305491730e+00
1.132541315152812600e+08 1.552514027960168352e+00
1.156280131207377762e+08 1.508675902157412763e+00
1.180516528568803072e+08 1.466019406902070665e+00
1.205260936870841384e+08 1.424508924731489490e+00
1.230524004359261543e+08 1.384111085264418062e+00
1.256316602474121451e+08 1.344802462173623647e+00
1.282649830528062433e+08 1.306558897905901961e+00
1.309535020482665002e+08 1.269348198100758607e+00
1.336983741824945360e+08 1.233140192152581971e+00
1.365007806546013653e+08 1.197913615266994913e+00
1.393619274224143326e+08 1.163646556179220193e+00
1.422830457214354575e+08 1.130309926797248732e+00
1.452653925946778059e+08 1.097876460797323706e+00
1.483102514336102903e+08 1.066326862886946891e+00
1.514189325304352045e+08 1.035641267004976385e+00
1.545927736419478357e+08 1.005793402851938856e+00
1.578331405652119517e+08 9.767586392782020566e-01
1.611414277253016531e+08 9.485194750139662734e-01
1.645190587753660679e+08 9.210579055487099209e-01
1.679674872092653215e+08 8.943502157950949938e-01
1.714881969870540798e+08 8.683741647814380293e-01
1.750827031735726893e+08 8.431138849230723764e-01
1.787525525904231668e+08 8.185530655802668587e-01
1.824993244816150367e+08 7.946703079308550244e-01
1.863246311931559741e+08 7.714455381949404389e-01
1.902301188668946028e+08 7.488643760076202360e-01
1.942174681489028633e+08 7.269120515226394907e-01
1.982883949127075374e+08 7.055692648170555081e-01
2.024446509976801872e+08 6.848179064068424804e-01
2.066880249629082084e+08 6.646449493758135318e-01
2.110203428568596542e+08 6.450370249743619944e-01
2.154434690031886399e+08 6.259767344922687604e-01
2.199593068030070364e+08 6.074477481758537856e-01
2.245697995539771616e+08 5.894382704131070350e-01
2.292769312865648568e+08 5.719362060925515800e-01
2.340827276178294122e+08 5.549258779856132140e-01
2.389892566231052577e+08 5.383925682252502787e-01
2.439986297259555161e+08 5.223256010077963474e-01
2.491130026067785919e+08 5.067140385899853161e-01
2.543345761304648221e+08 4.915437618668176967e-01
2.596655972934872508e+08 4.768015122775877690e-01
2.651083601908541918e+08 4.624776320646547534e-01
2.706652070033235550e+08 4.485622348222202960e-01
2.763385290053166747e+08 4.350426111432076914e-01
2.821307675939470530e+08 4.219068231008481495e-01
2.880444153396297693e+08 4.091461381409527420e-01
2.940820170587067008e+08 3.967516245219744331e-01
3.002461709085555673e+08 3.847118477170812789e-01
3.065395295056523085e+08 3.730160644495527644e-01
3.129648010670750141e+08 3.616563826763558032e-01
3.195247505759213567e+08 3.506247372069255519e-01
3.262222009711673260e+08 3.399108459808848348e-01
3.330600343624581695e+08 3.295050459487314787e-01
3.400411932703702450e+08 3.194002083441338513e-01
3.471686818926559091e+08 3.095890542403130219e-01
3.544455673970435262e+08 3.000623429286769506e-01
3.618749812411283851e+08 2.908113876967717837e-01
3.694601205199309587e+08 2.818297526450707635e-01
3.772042493416993618e+08 2.731108719738867263e-01
3.851107002325568795e+08 2.646464454990095638e-01
3.931828755705770254e+08 2.564286685585712711e-01
4.014242490499325991e+08 2.484517339460926844e-01
4.098383671757252812e+08 2.407097223821427767e-01
4.184288507901575565e+08 2.331951827563100987e-01
4.271993966306776404e+08 2.259011069088296408e-01
4.361537789208005667e+08 2.188222578561491438e-01
4.452958509942659736e+08 2.119533022017303925e-01
4.546295469532408714e+08 2.052875549872930916e-01
4.641588833612772226e+08 1.988187269668226231e-01
4.738879609717651010e+08 1.925420981217656757e-01
4.838209664925957322e+08 1.864528657530667710e-01
4.939621743878325820e+08 1.805450358950138057e-01
5.043159487171348333e+08 1.748129678745577176e-01
5.148867450137487054e+08 1.692524101409899895e-01
5.256791122018419504e+08 1.638590404853384475e-01
5.366976945540476441e+08 1.586274878399067390e-01
5.479472336900292635e+08 1.535526963538345058e-01
5.594325706169389486e+08 1.486308388011516046e-01
5.711586478126422167e+08 1.438580277993347645e-01
5.831305113526217937e+08 1.392294535062925942e-01
5.953533130814369917e+08 1.347405871431314739e-01
6.078323128297235966e+08 1.303879856387797354e-01
6.205728806776486635e+08 1.261681549207422648e-01
6.335804992658240795e+08 1.220767905422044941e-01
6.468607661546320915e+08 1.181098384994564848e-01
6.604193962330304384e+08 1.142642033373485466e-01
6.742622241778348684e+08 1.105367465612770023e-01
6.883952069645509720e+08 1.069236185977133213e-01
7.028244264308338165e+08 1.034211928809780495e-01
7.175560918936921358e+08 1.000266883463268724e-01
7.325965428215229511e+08 9.673728779795062738e-02
7.479522515621827841e+08 9.354955083711005703e-02
7.636298261282258034e+08 9.046023550638565558e-02
7.796360130405220985e+08 8.746684493055559284e-02
7.959777002314977646e+08 8.456685208217885885e-02
8.126619200091946125e+08 8.175718442056258140e-02
8.296958520834914446e+08 7.903494586149965861e-02
8.470868266557419300e+08 7.639789627917924209e-02
8.648423275731709003e+08 7.384377055451968319e-02
8.829699955494083166e+08 7.136982666629529404e-02
9.014776314524917603e+08 6.897347938866646433e-02
9.203731996618230343e+08 6.665272042246006556e-02
9.396648314954710007e+08 6.440552091371327947e-02
9.593608287093126774e+08 6.222943563385516935e-02
9.794696670695385933e+08 6.012215857692187332e-02
1.000000000000000000e+09 5.808189064455746009e-02
1.020960662306047559e+09 5.610681598924256719e-02
1.042360673976403356e+09 5.419475572444240608e-02
1.064209244064726830e+09 5.234365449050949748e-02
1.086515774652537346e+09 5.055190185817966253e-02
1.109289864895222664e+09 4.881787389966502771e-02
1.132541315152812481e+09 4.713963059180511367e-02
1.156280131207372904e+09 4.551534142914492181e-02
1.180516528568803072e+09 4.394356602749233121e-02
1.205260936870841503e+09 4.242285327031349029e-02
1.230524004359261513e+09 4.095147721403640667e-02
1.256316602474121332e+09 3.952780893650452432e-02
1.282649830528062582e+09 3.815056121434799025e-02
1.309535020482670307e+09 3.681843843453477122e-02
1.336983741824945211e+09 3.552990639098578540e-02
1.365007806546013832e+09 3.428351676081830418e-02
1.393619274224143505e+09 3.307812018077531391e-02
1.422830457214349031e+09 3.191256087266317737e-02
1.452653925946778297e+09 3.078547623832194810e-02
1.483102514336102724e+09 2.969557964161830682e-02
1.514189325304351807e+09 2.864184572164814660e-02
1.545927736419478655e+09 2.762324435701002043e-02
1.578331405652119875e+09 2.663856643133848470e-02
1.611414277253023148e+09 2.568666995962209584e-02
1.645190587753660679e+09 2.476664103841704628e-02
1.679674872092653036e+09 2.387756238116464300e-02
1.714881969870540857e+09 2.301836204044223344e-02
1.750827031735726833e+09 2.218802734626392978e-02
1.787525525904231787e+09 2.138574450232708438e-02
1.824993244816150427e+09 2.061069746765582800e-02
1.863246311931559801e+09 1.986193679171345539e-02
1.902301188668945789e+09 1.913856532114110998e-02
1.942174681489028454e+09 1.843985910353846888e-02
1.982883949127075434e+09 1.776509287431380507e-02
2.024446509976801872e+09 1.711342649140266264e-02
2.066880249629082203e+09 1.648406591112996922e-02
2.110203428568596601e+09 1.587636774974536882e-02
2.154434690031886578e+09 1.528968806745383165e-02
2.199593068030070305e+09 1.472328418341800095e-02
2.245697995539771557e+09 1.417645401459280592e-02
2.292769312865648746e+09 1.364862636895581433e-02
2.340827276178294182e+09 1.313923010364291370e-02
2.389892566231052876e+09 1.264760936352689845e-02
2.439986297259555340e+09 1.217314401413826207e-02
2.491130026067785740e+09 1.171532749412253563e-02
2.543345761304647923e+09 1.127365376826082455e-02
2.596655972934872150e+09 1.084754426571684673e-02
2.651083601908541679e+09 1.043645181570070253e-02
2.706652070033235550e+09 1.003992766734644777e-02
2.763385290053166866e+09 9.657523964408375530e-03
2.821307675939470768e+09 9.288730866567573158e-03
2.880444153396297932e+09 8.933066108959455964e-03
2.940820170587066650e+09 8.590132603670851477e-03
3.002461709085555077e+09 8.259534434471657235e-03
3.065395295056523800e+09 7.940822828536751518e-03
3.129648010670750618e+09 7.633573206032669492e-03
3.195247505759213448e+09 7.337434604533447924e-03
3.262222009711673260e+09 7.052057433971813810e-03
3.330600343624581814e+09 6.777047129156220026e-03
3.400411932703702450e+09 6.512030328978702168e-03
3.471686818926559448e+09 6.256697212386794216e-03
3.544455673970435619e+09 6.010739467798405233e-03
3.618749812411283970e+09 5.773810601454412196e-03
3.694601205199309826e+09 5.545582684907677737e-03
3.772042493416993618e+09 5.325782555777542303e-03
3.851107002325568676e+09 5.114138645919407214e-03
3.931828755705770016e+09 4.910347048454460732e-03
4.014242490499325752e+09 4.714120094360600526e-03
4.098383671757252693e+09 4.525217251383538766e-03
4.184288507901576042e+09 4.343399623601070479e-03
4.271993966306777000e+09 4.168400992975148343e-03
4.361537789208005905e+09 3.999969328280018541e-03
4.452958509942660332e+09 3.837893110081122376e-03
4.546295469532408714e+09 3.681962462921903930e-03
4.641588833612771988e+09 3.531944486980785527e-03
4.738879609717651367e+09 3.387618663623360050e-03
4.838209664925957680e+09 3.248799240905402962e-03
4.939621743878325462e+09 3.115302091150798629e-03
5.043159487171347618e+09 2.986923736261702916e-03
5.148867450137486458e+09 2.863471491240683793e-03
5.256791122018419266e+09 2.744782462707501952e-03
5.366976945540475845e+09 2.630695340453725710e-03
5.479472336900292397e+09 2.521032597423404457e-03
5.594325706169388771e+09 2.415626104328204207e-03
5.711586478126422882e+09 2.314333221354229232e-03
5.831305113526218414e+09 2.217012834484566493e-03
5.953533130814370155e+09 2.123510279215301381e-03
6.078323128297236443e+09 2.033679064115308157e-03
6.205728806776488304e+09 1.947394472388841663e-03
6.335804992658241272e+09 1.864533243655894538e-03
6.468607661546320915e+09 1.784960830285914606e-03
6.604193962330305099e+09 1.708549783905110708e-03
6.742622241778348923e+09 1.635191227838649021e-03
6.883952069645509720e+09 1.564777664016840696e-03
7.028244264308338165e+09 1.497192223216162838e-03
7.175560918936921120e+09 1.432324194974424420e-03
7.325965428215229988e+09 1.370078683130197209e-03
7.479522515621828079e+09 1.310362086855549040e-03
7.636298261282225609e+09 1.253073051987781432e-03
7.796360130405220985e+09 1.198115560311285898e-03
7.959777002314977646e+09 1.145407037752019588e-03
8.126619200091945648e+09 1.094866119257337841e-03
8.296958520834915161e+09 1.046405048558667105e-03
8.470868266557419777e+09 9.999406862890582951e-04
8.648423275731708527e+09 9.554013031311504259e-04
8.829699955494083405e+09 9.127162914268854930e-04
9.014776314524917603e+09 8.718097957144224945e-04
9.203731996618228912e+09 8.326099498130025509e-04
9.396648314954671860e+09 7.950545547164456373e-04
9.593608287093128204e+09 7.590824462544941940e-04
9.794696670695384979e+09 7.246281692737224821e-04
1.000000000000000000e+10 6.916297107327937189e-04
1.020960662306047440e+10 6.600332338692204044e-04
1.042360673976403236e+10 6.297858517239703253e-04
1.064209244064726830e+10 6.008311843839318636e-04
1.086515774652537155e+10 5.731158176121783909e-04
1.109289864895222664e+10 5.465932402333719894e-04
1.132541315152812576e+10 5.212178086047038455e-04
1.156280131207373047e+10 4.969410493939239396e-04
1.180516528568803024e+10 4.737170406229011116e-04
1.205260936870841217e+10 4.515056779124563082e-04
1.230524004359261703e+10 4.302676456277988010e-04
1.256316602474121475e+10 4.099613476640196169e-04
1.282649830528062630e+10 3.905473794353274907e-04
1.309535020482670403e+10 3.719912301667326884e-04
1.336983741824945259e+10 3.542591030499571826e-04
1.365007806546013641e+10 3.373153737950441034e-04
1.393619274224143410e+10 3.211262975425183217e-04
1.422830457214348984e+10 3.056622384399369590e-04
1.452653925946778107e+10 2.908942041876995551e-04
1.483102514336102867e+10 2.767917470553333116e-04
1.514189325304351997e+10 2.633260284396710072e-04
1.545927736419478416e+10 2.504716532191517239e-04
1.578331405652119637e+10 2.382038039889084987e-04
1.611414277253023148e+10 2.264965121115371986e-04
1.645190587753660774e+10 2.153251843013882132e-04
1.679674872092653275e+10 2.046681074167906310e-04
1.714881969870541000e+10 1.945040848721270874e-04
1.750827031735726929e+10 1.848110163660977704e-04
1.787525525904231644e+10 1.755679750649402561e-04
1.824993244816150284e+10 1.667564383323896999e-04
1.863246311931559753e+10 1.583583436066455684e-04
1.902301188668945694e+10 1.503549249547400288e-04
1.942174681489028549e+10 1.427284158349779216e-04
1.982883949127075195e+10 1.354630525578995478e-04
2.024446509976801682e+10 1.285434796371667679e-04
2.066880249629082108e+10 1.219537994548592898e-04
2.110203428568596649e+10 1.156789639250748635e-04
2.154434690031886673e+10 1.097055900345261282e-04
2.199593068030070114e+10 1.040206555826461905e-04
2.245697995539771652e+10 9.861072519950265537e-05
2.292769312865648651e+10 9.346308424717388974e-05
2.340827276178294373e+10 8.856639944188351933e-05
2.389892566231052399e+10 8.390965523059428193e-05
2.439986297259555435e+10 7.948152533022209264e-05
2.491130026067786026e+10 7.527129367854250828e-05
2.543345761304648209e+10 7.126938773870638828e-05
2.596655972934872437e+10 6.746651372449461944e-05
2.651083601908541489e+10 6.385314787188898220e-05
2.706652070033235550e+10 6.042028198602274913e-05
2.763385290053166962e+10 5.715985244596503891e-05
2.821307675939470673e+10 5.406403927363167216e-05
2.880444153396297836e+10 5.112485562591778069e-05
2.940820170587066650e+10 4.833474930924014563e-05
3.002461709085555267e+10 4.568694662357899853e-05
3.065395295056523514e+10 4.317488603208217990e-05
3.129648010670750427e+10 4.079188798013525327e-05
3.195247505759213638e+10 3.853163851520512655e-05
3.262222009711672974e+10 3.638846383378831092e-05
3.330600343624581909e+10 3.435687419158203927e-05
3.400411932703702927e+10 3.243129920979111419e-05
3.471686818926559448e+10 3.060647531090846186e-05
3.544455673970435333e+10 2.887766407724024449e-05
3.618749812411283875e+10 2.724028616709684827e-05
3.694601205199309540e+10 2.568970983792490733e-05
3.772042493416993713e+10 2.422156017714509522e-05
3.851107002325569153e+10 2.283189206759983825e-05
3.931828755705770111e+10 2.151689735294446578e-05
4.014242490499325562e+10 2.027273646314061226e-05
4.098383671757252502e+10 1.909578428152089756e-05
4.184288507901576233e+10 1.798276657770287069e-05
4.271993966306776428e+10 1.693052658738427167e-05
4.361537789208005524e+10 1.593589143001626198e-05
4.452958509942659760e+10 1.499586682262150534e-05
4.546295469532408905e+10 1.410774422659377069e-05
4.641588833612772369e+10 1.326891545646819183e-05
4.738879609717650604e+10 1.247676708385738861e-05
4.838209664925956726e+10 1.172883401023549016e-05
4.939621743878325653e+10 1.102288323241119819e-05
5.043159487171348572e+10 1.035676714075539363e-05
5.148867450137487030e+10 9.728340354768070153e-06
5.256791122018418884e+10 9.135580335302208400e-06
5.366976945540475464e+10 8.576652561964505988e-06
5.479472336900292206e+10 8.049794885563372167e-06
5.594325706169388580e+10 7.553252277366161924e-06
5.711586478126422882e+10 7.085371140463408215e-06
5.831305113526218414e+10 6.644649774639680353e-06
5.953533130814369965e+10 6.229647562689550873e-06
6.078323128297235870e+10 5.838933971841531256e-06
6.205728806776487732e+10 5.471161965348616961e-06
6.335804992658241272e+10 5.125106875629182762e-06
6.468607661546320343e+10 4.799595374753208926e-06
6.604193962330305481e+10 4.493465771585681647e-06
6.742622241778349304e+10 4.205624886789990232e-06
6.883952069645510864e+10 3.935077836509252607e-06
7.028244264308338928e+10 3.680872702864041011e-06
7.175560918936921692e+10 3.442069748534022929e-06
7.325965428215229797e+10 3.217785265711177061e-06
7.479522515621827698e+10 3.007214267758988915e-06
7.636298261282226562e+10 2.809587568927645887e-06
7.796360130405221558e+10 2.624148010688363225e-06
7.959777002314976501e+10 2.450184097200453814e-06
8.126619200091944885e+10 2.287047182092615989e-06
8.296958520834915161e+10 2.134118316190116526e-06
8.470868266557418823e+10 1.990789964609469087e-06
8.648423275731707764e+10 1.856491672334902428e-06
8.829699955494082642e+10 1.730703001187101094e-06
9.014776314524917603e+10 1.612928034189726585e-06
9.203731996618229675e+10 1.502681374436300121e-06
9.396648314954670715e+10 1.399507622400992616e-06
9.593608287093125916e+10 1.302991050585031462e-06
9.794696670695385742e+10 1.212736083660132134e-06
1.000000000000000000e+11 1.128356622127846973e-06
1.020960662306047516e+11 1.049490739493148343e-06
1.042360673976403351e+11 9.758078675033913555e-07
1.064209244064726715e+11 9.069939195946091079e-07
1.086515774652537231e+11 8.427431850599586571e-07
1.109289864895222778e+11 7.827693536207405214e-07
1.132541315152812653e+11 7.268108128883357713e-07
1.156280131207372894e+11 6.746193634270685135e-07
1.180516528568803101e+11 6.259540915215066784e-07
1.205260936870841370e+11 5.805895878076889255e-07
1.230524004359261475e+11 5.383198226092677368e-07
1.256316602474121399e+11 4.989496262508689485e-07
1.282649830528062439e+11 4.622900779896821435e-07
1.309535020482670288e+11 4.281645933314377210e-07
1.336983741824945221e+11 3.964117354690465406e-07
1.365007806546013794e+11 3.668788145078354795e-07
1.393619274224143372e+11 3.394184329316784132e-07
1.422830457214349060e+11 3.138929638529147062e-07
1.452653925946778259e+11 2.901765724021505713e-07
1.483102514336102905e+11 2.681504307190113822e-07
1.514189325304352112e+11 2.477001415673823295e-07
1.545927736419478455e+11 2.287190094954243342e-07
1.578331405652119751e+11 2.111094801342471605e-07
1.611414277253023071e+11 1.947795811660069598e-07
1.645190587753660583e+11 1.796410096059843574e-07
1.679674872092653198e+11 1.656115034356872895e-07
1.714881969870540771e+11 1.526158556161181852e-07
1.750827031735719604e+11 1.405832805607153951e-07
1.787525525904231873e+11 1.294460006317281106e-07
1.824993244816150513e+11 1.191409520993777228e-07
1.863246311931559753e+11 1.096104912284599343e-07
1.902301188668945618e+11 1.008004558100859115e-07
1.942174681489028320e+11 9.265912538788518523e-08
1.982883949127075500e+11 8.513843819609027640e-08
2.024446509976802063e+11 7.819447645972345096e-08
2.066880249629082031e+11 7.178604716123651014e-08
2.110203428568596497e+11 6.587392071919938247e-08
2.154434690031877747e+11 6.042169143784813951e-08
2.199593068030070190e+11 5.539610617628741783e-08
2.245697995539771729e+11 5.076603091433440906e-08
2.292769312865648804e+11 4.650189590124908243e-08
2.340827276178294067e+11 4.257629833593987035e-08
2.389892566231052551e+11 3.896422121087901496e-08
2.439986297259555054e+11 3.564228496008889013e-08
2.491130026067796021e+11 3.258834496628222681e-08
2.543345761304648132e+11 2.978190945220678554e-08
2.596655972934872437e+11 2.720428231237332389e-08
2.651083601908530884e+11 2.483802424328320980e-08
2.706652070033235779e+11 2.266666213689034642e-08
2.763385290053167114e+11 2.067497570721918773e-08
2.821307675939470825e+11 1.884908847754868598e-08
2.880444153396297607e+11 1.717608196700710130e-08
2.940820170587066650e+11 1.564378685242685200e-08
3.002461709085555420e+11 1.424097725667847441e-08
3.065395295056536255e+11 1.295742696351157950e-08
3.129648010670750732e+11 1.178363478799380020e-08
3.195247505759213257e+11 1.071067520760160102e-08
3.262222009711659546e+11 9.730328371137551413e-09
3.330600343624581909e+11 8.835113445405254857e-09
3.400411932703702393e+11 8.018094278775703218e-09
3.471686818926559448e+11 7.272773074960127464e-09
3.544455673970435181e+11 6.593176157016822370e-09
3.618749812411284180e+11 5.973872626275474226e-09
3.694601205199309692e+11 5.409837665786038556e-09
3.772042493417008667e+11 4.896377217165841432e-09
3.851107002325568848e+11 4.429183660766381979e-09
3.931828755705770264e+11 4.004345315528951858e-09
4.014242490499309692e+11 3.618250870414230481e-09
4.098383671757252808e+11 3.267536284471539498e-09
4.184288507901575928e+11 2.949120284530364665e-09
4.271993966306776123e+11 2.660208370828474153e-09
4.361537789208005371e+11 2.398226414882386657e-09
4.452958509942659912e+11 2.160783412056179664e-09
4.546295469532408447e+11 1.945693639108303654e-09
4.641588833612791138e+11 1.750977539340494365e-09
4.738879609717650757e+11 1.574815875676967379e-09
4.838209664925957031e+11 1.415523736100499574e-09
4.939621743878305664e+11 1.271564019536938938e-09
5.043159487171348267e+11 1.141546694583576718e-09
5.148867450137487183e+11 1.024197347620445419e-09
5.256791122018419189e+11 9.183391366484789662e-10
5.366976945540476074e+11 8.229007465203268757e-10
5.479472336900292969e+11 7.369149273432055068e-10
5.594325706169388428e+11 6.594970590127920760e-10
5.711586478126446533e+11 5.898326911715510063e-10
5.831305113526218262e+11 5.271820485665223290e-10
5.953533130814368896e+11 4.708783710518381198e-10
6.078323128297211914e+11 4.203134024152646812e-10
6.205728806776488037e+11 3.749288360773995918e-10
6.335804992658240967e+11 3.342187251355399713e-10
6.468607661546320801e+11 2.977279018115233363e-10
6.604193962330305176e+11 2.650422212574829257e-10
6.742622241778348389e+11 2.357827236247601468e-10
6.883952069645510254e+11 2.096068131530861375e-10
7.028244264308366699e+11 1.862068852722241322e-10
7.175560918936921387e+11 1.653038136024683504e-10
7.325965428215229492e+11 1.466429908075643904e-10
7.479522515621828613e+11 1.299948155253465970e-10
7.636298261282225342e+11 1.151535679685905846e-10
7.796360130405220947e+11 1.019330936745619500e-10
7.959777002314978027e+11 9.016413633411798387e-11
8.126619200091945801e+11 7.969445906578751619e-11
8.296958520834915771e+11 7.038796194863211147e-11
8.470868266557419434e+11 6.212184315022605334e-11
8.648423275731743164e+11 5.478481480434299976e-11
8.829699955494082031e+11 4.827704957877233852e-11
9.014776314524916992e+11 4.250951091697007797e-11
9.203731996618229980e+11 3.740210047878030568e-11
9.396648314954670410e+11 3.288247367866755186e-11
9.593608287093126221e+11 2.888591805979851724e-11
9.794696670695385742e+11 2.535485900889220642e-11
1.000000000000000000e+12 2.223766069145805395e-11
1.020960662306047485e+12 1.948784600742263346e-11
1.042360673976403198e+12 1.706396224208809015e-11
1.064209244064726929e+12 1.492922509648194490e-11
1.086515774652537354e+12 1.305074920766470306e-11
1.109289864895222656e+12 1.139903884044038191e-11
1.132541315152812744e+12 9.947866583851561731e-12
1.156280131207372803e+12 8.674022601598075499e-12
1.180516528568802979e+12 7.556825239658678764e-12
1.205260936870841309e+12 6.577791530094435410e-12
1.230524004359261719e+12 5.720538283365828038e-12
1.256316602474121338e+12 4.970609050699798250e-12
1.282649830528062500e+12 4.315165787088266883e-12
1.309535020482670410e+12 3.742777765713032287e-12
1.336983741824945068e+12 3.243346006092125053e-12
1.365007806546013672e+12 2.807986170773826255e-12
1.393619274224143311e+12 2.428836217841917263e-12
1.422830457214348877e+12 2.098922580564059450e-12
1.452653925946778320e+12 1.812105094872180800e-12
1.483102514336102783e+12 1.562999227707073219e-12
1.514189325304351807e+12 1.346857334812990877e-12
1.545927736419478516e+12 1.159484763704333518e-12
1.578331405652119873e+12 9.972012025722767633e-13
1.611414277253023193e+12 8.567899724149787089e-13
1.645190587753660889e+12 7.354255286624356331e-13
1.679674872092653076e+12 6.306214823125604899e-13
1.714881969870540771e+12 5.402043245438931282e-13
1.750827031735719727e+12 4.622809613305633878e-13
1.787525525904231689e+12 3.951949627296085989e-13
1.824993244816150391e+12 3.374947613221728421e-13
1.863246311931559814e+12 2.879162873737582501e-13
1.902301188668945801e+12 2.453625572516162501e-13
1.942174681489028320e+12 2.088775946147522413e-13
1.982883949127075439e+12 1.776272309600510199e-13
2.024446509976801758e+12 1.508879230675680220e-13
2.066880249629082031e+12 1.280341519297123625e-13
2.110203428568596680e+12 1.085230789821108897e-13
2.154434690031877930e+12 9.188311684638621023e-14
2.199593068030070312e+12 7.770690157650392968e-14
2.245697995539771484e+12 6.564365552942942147e-14
2.292769312865648926e+12 5.539028308961316379e-14
2.340827276178293945e+12 4.668466721796151269e-14
2.389892566231052246e+12 3.930135512792143453e-14
2.439986297259555176e+12 3.304701549596132202e-14
2.491130026067796387e+12 2.775534569753140342e-14
2.543345761304647949e+12 2.328320114007223200e-14
2.596655972934872070e+12 1.950800660299372030e-14
2.651083601908530762e+12 1.632510512380716818e-14
2.706652070033235840e+12 1.364488953332325566e-14
2.763385290053166992e+12 1.139060394434330192e-14
2.821307675939470703e+12 9.496825220632717930e-15
2.880444153396297852e+12 7.907945715482274281e-15
2.940820170587066406e+12 6.576583531534097232e-15
3.002461709085555176e+12 5.462355170692492039e-15
3.065395295056536133e+12 4.531004602999792318e-15
3.129648010670750488e+12 3.753552120823185068e-15
3.195247505759213867e+12 3.105428153771335722e-15
3.262222009711660156e+12 2.565800387018259143e-15
3.330600343624582031e+12 2.117085440123776896e-15
3.400411932703702637e+12 1.744481111877407994e-15
3.471686818926559082e+12 1.435502806987426230e-15
3.544455673970435547e+12 1.179621572559486561e-15
3.618749812411284180e+12 9.679965030179285897e-16
3.694601205199310059e+12 7.932230653784589180e-16
3.772042493417008789e+12 6.490896251427168009e-16
3.851107002325568848e+12 5.303865650889837599e-16
3.931828755705770020e+12 4.327630204237521698e-16
4.014242490499309570e+12 3.525943899402609685e-16
4.098383671757252930e+12 2.868569626195818920e-16
4.184288507901576172e+12 2.330293259098267941e-16
4.271993966306776855e+12 1.890174652761658562e-16
4.361537789208005859e+12 1.530865731278648119e-16
4.452958509942660156e+12 1.237978140466172069e-16
4.546295469532409180e+12 9.995849459231582236e-17
4.641588833612791016e+12 8.058384529831310603e-17
4.738879609717650391e+12 6.486273187861034176e-17
4.838209664925957031e+12 5.212644680690827020e-17
4.939621743878305664e+12 4.182408841751107020e-17
5.043159487171347656e+12 3.350354088708147062e-17
5.148867450137486328e+12 2.679464363772102575e-17
5.256791122018418945e+12 2.139413541138273980e-17
5.366976945540475586e+12 1.705377345846787922e-17
5.479472336900291992e+12 1.357110779389998672e-17
5.594325706169388672e+12 1.078142381420684107e-17
5.711586478126446289e+12 8.550649720909180784e-18
5.831305113526218750e+12 6.769763104921613797e-18
5.953533130814370117e+12 5.350432846479595618e-18
6.078323128297210938e+12 4.221260409302293653e-18
6.205728806776487305e+12 3.324520810443248046e-18
6.335804992658241211e+12 2.613596128168532883e-18
6.468607661546321289e+12 2.050972289461399542e-18
6.604193962330305664e+12 1.606532150257348059e-18
6.742622241778348633e+12 1.256096438554109519e-18
6.883952069645509766e+12 9.802772870858239406e-19
7.028244264308366211e+12 7.635830926708327402e-19
7.175560918936920898e+12 5.936646810612254918e-19
7.325965428215229492e+12 4.606796084210770712e-19
7.479522515621797852e+12 3.567941351701434997e-19
7.636298261282225586e+12 2.757947514077992451e-19
7.796360130405220703e+12 2.127647596412547081e-19
7.959777002314977539e+12 1.638150570118134185e-19
8.126619200091945312e+12 1.258739982044326631e-19
8.296958520834915039e+12 9.652383210338116906e-20
8.470868266557419922e+12 7.386605842857506042e-20
8.648423275731745117e+12 5.641074245855606498e-20
8.829699955494082031e+12 4.299049788694779019e-20
9.014776314524917969e+12 3.269374797395759504e-20
9.203731996618228516e+12 2.481039693803312774e-20
9.396648314954669922e+12 1.878770848170016867e-20
9.593608287093126953e+12 1.419619045397137665e-20
9.794696670695386719e+12 1.070323578163645609e-20
1.000000000000000000e+13 8.051901959201851105e-21
1.020960662306047461e+13 6.043881478559885051e-21
1.042360673976403125e+13 4.526409258432352326e-21
1.064209244064726758e+13 3.382197944588074334e-21
1.086515774652537305e+13 2.521424779259881724e-21
1.109289864895222656e+13 1.875376125726445832e-21
1.132541315152812695e+13 1.391592177668470044e-21
1.156280131207373047e+13 1.030156542925634648e-21
1.180516528568803125e+13 7.607749436283732092e-22
1.205260936870841211e+13 5.604851056401927452e-22
1.230524004359261523e+13 4.119193584083718608e-22
1.256316602474121484e+13 3.019857796120520454e-22
1.282649830528062695e+13 2.208414619546055800e-22
1.309535020482670312e+13 1.610969457631556797e-22
1.336983741824945312e+13 1.172172127645215450e-22
1.365007806546013672e+13 8.507035504250287816e-23
1.393619274224143359e+13 6.158020118773612894e-23
1.422830457214349023e+13 4.446028617433140913e-23
1.452653925946778320e+13 3.201518059852345911e-23
1.483102514336102734e+13 2.299201492096295730e-23
1.514189325304351953e+13 1.646752216213876167e-23
1.545927736419478516e+13 1.176254883193584693e-23
1.578331405652119727e+13 8.378769735008806406e-24
1.611414277253023242e+13 5.951808380289726020e-24
1.645190587753660742e+13 4.215992057042421802e-24
1.679674872092653125e+13 2.977995884802464817e-24
1.714881969870541016e+13 2.097514290727823190e-24
1.750827031735719922e+13 1.473078565997130531e-24
1.787525525904231641e+13 1.031522764630463756e-24
1.824993244816150391e+13 7.202021673304580052e-25
1.863246311931559766e+13 5.013432212575718856e-25
1.902301188668945703e+13 3.479396811906121948e-25
1.942174681489028516e+13 2.407421330858878366e-25
1.982883949127075391e+13 1.660618192935149192e-25
2.024446509976801562e+13 1.141928104486053462e-25
2.066880249629082031e+13 7.827828659396919018e-26
2.110203428568596484e+13 5.348944696270212296e-26
2.154434690031877734e+13 3.643416115812439672e-26
2.199593068030070312e+13 2.473684689074879553e-26
2.245697995539771484e+13 1.674003605049019069e-26
2.292769312865648828e+13 1.129106702100351699e-26
2.340827276178294141e+13 7.590478042911805511e-27
2.389892566231052344e+13 5.085563713117621990e-27
2.439986297259555078e+13 3.395671996852006266e-27
2.491130026067785938e+13 2.259531809316755915e-27
2.543345761304648438e+13 1.498323591139852583e-27
2.596655972934872656e+13 9.900718304057830604e-28
2.651083601908530859e+13 6.519011775441602061e-28
2.706652070033235938e+13 4.277003058589245229e-28
2.763385290053166797e+13 2.795939255659461032e-28
2.821307675939470703e+13 1.821062918045412120e-28
2.880444153396297656e+13 1.181708709601780502e-28
2.940820170587066797e+13 7.639628449157367990e-29
3.002461709085555078e+13 4.920364306118145189e-29
3.065395295056535938e+13 3.156918051342386972e-29
3.129648010670750391e+13 2.017663469322757565e-29
3.195247505759213672e+13 1.284519868175066915e-29
3.262222009711659766e+13 8.145649555715421124e-30
3.330600343624581641e+13 5.144939977747096462e-30
3.400411932703702734e+13 3.236547815854453726e-30
3.471686818926559766e+13 2.027763833788244854e-30
3.544455673970435938e+13 1.265236334135607527e-30
3.618749812411284375e+13 7.861778602572838992e-31
3.694601205199309375e+13 4.864534632811343484e-31
3.772042493417008594e+13 2.997221184816426096e-31
3.851107002325568750e+13 1.838813693581021082e-31
3.931828755705770312e+13 1.123241219306184522e-31
4.014242490499309375e+13 6.831249545928677184e-32
4.098383671757252344e+13 4.136222231000119772e-32
4.184288507901575781e+13 2.493260717523903227e-32
4.271993966306776562e+13 1.496116813108439495e-32
4.361537789208005469e+13 8.936586607015145897e-33
4.452958509942659375e+13 5.313369673421098241e-33
4.546295469532408594e+13 3.144438789591378356e-33
4.641588833612791406e+13 1.852097090281746409e-33
4.738879609717650781e+13 1.085688144126489353e-33
4.838209664925957031e+13 6.333591265417932555e-34
4.939621743878305469e+13 3.676885325592822816e-34
5.043159487171348438e+13 2.124060178135568375e-34
5.148867450137487500e+13 1.220906169752519852e-34
5.256791122018419531e+13 6.982457487910155564e-35
5.366976945540475781e+13 3.973061512428799781e-35
5.479472336900292188e+13 2.249073129334067843e-35
5.594325706169388281e+13 1.266525596982803373e-35
5.711586478126446875e+13 7.094751058460636623e-36
5.831305113526218750e+13 3.953233204560990765e-36
5.953533130814369531e+13 2.190931517014105812e-36
6.078323128297210938e+13 1.207635169874270648e-36
6.205728806776487500e+13 6.619920826162010855e-37
6.335804992658241406e+13 3.608760020731486283e-37
6.468607661546320312e+13 1.956225906732183627e-37
6.604193962330304688e+13 1.054396357002422038e-37
6.742622241778349219e+13 5.650552842092495258e-38
6.883952069645510938e+13 3.010626788676857753e-38
7.028244264308367188e+13 1.594659681799789087e-38
7.175560918936920312e+13 8.396355878710915527e-39
7.325965428215229688e+13 4.394427857643522329e-39
7.479522515621796875e+13 2.286009013759921784e-39
7.636298261282225000e+13 1.181904190892488391e-39
7.796360130405220312e+13 6.072680165700742531e-40
7.959777002314978125e+13 3.100615355834987754e-40
8.126619200091945312e+13 1.573108597365421806e-40
8.296958520834914062e+13 7.930048717616243304e-41
8.470868266557418750e+13 3.971575038702241765e-41
8.648423275731743750e+13 1.976029945554488234e-41
8.829699955494082812e+13 9.766535881755042552e-42
9.014776314524917188e+13 4.794741051881899102e-42
9.203731996618229688e+13 2.337916722963742848e-42
9.396648314954671875e+13 1.132151862976581764e-42
9.593608287093126562e+13 5.444561742790885754e-43
9.794696670695385938e+13 2.599939561376338500e-43
1.000000000000000000e+14 1.232723069468102177e-43
1.020960662306047656e+14 5.802839658772448951e-44
1.042360673976403281e+14 2.711799026295697075e-44
1.064209244064726875e+14 1.257980445995686998e-44
1.086515774652537188e+14 5.792254919401861085e-45
1.109289864895222656e+14 2.646963142330379594e-45
1.132541315152812656e+14 1.200443864607887902e-45
1.156280131207372969e+14 5.402379752503690758e-46
1.180516528568803125e+14 2.412312300525529905e-46
1.205260936870841250e+14 1.068696319015987827e-46
1.230524004359261562e+14 4.696916159713514880e-47
1.256316602474121406e+14 2.047681618354467730e-47
1.282649830528062500e+14 8.854354339362187428e-48
1.309535020482670312e+14 3.797181958957244147e-48
1.336983741824945156e+14 1.614876321830522265e-48
1.365007806546013906e+14 6.809913984896514165e-49
1.393619274224143594e+14 2.847212681194445005e-49
1.422830457214349062e+14 1.180149991459440397e-49
1.452653925946778125e+14 4.849027506798822863e-50
1.483102514336102812e+14 1.974790324877082116e-50
1.514189325304351875e+14 7.970493865131839596e-51
1.545927736419478438e+14 3.187925934530681521e-51
1.578331405652119688e+14 1.263423005366799386e-51
1.611414277253023125e+14 4.960816150213993436e-52
1.645190587753660625e+14 1.929601833153827254e-52
1.679674872092653125e+14 7.434486307430220871e-53
1.714881969870540938e+14 2.836999669395652924e-53
1.750827031735719688e+14 1.072102242089022434e-53
1.787525525904231875e+14 4.011672081477757822e-54
1.824993244816150312e+14 1.486219297277204056e-54
1.863246311931559688e+14 5.450826681212618099e-55
1.902301188668945625e+14 1.978812101550877223e-55
1.942174681489028438e+14 7.109683490744143423e-56
1.982883949127075312e+14 2.527858504903301213e-56
2.024446509976801875e+14 8.893301788103138988e-57
2.066880249629082188e+14 3.095414132954489911e-57
2.110203428568596562e+14 1.065755818691594957e-57
2.154434690031877812e+14 3.629361999737551418e-58
2.199593068030070312e+14 1.222318925277458347e-58
2.245697995539771562e+14 4.070567387306859038e-59
2.292769312865648750e+14 1.340219828977983665e-59
2.340827276178294375e+14 4.362095553739282751e-60
2.389892566231052500e+14 1.403321814240920156e-60
2.439986297259555000e+14 4.461628914162557692e-61
2.491130026067785938e+14 1.401634420062358423e-61
2.543345761304648125e+14 4.350361412140942383e-62
2.596655972934872500e+14 1.333849381459751879e-62
2.651083601908530625e+14 4.039304758270618989e-63
2.706652070033235938e+14 1.207959131621356519e-63
2.763385290053167188e+14 3.566845954165646312e-64
2.821307675939470625e+14 1.039778925634650096e-64
2.880444153396298125e+14 2.991891929923820237e-65
2.940820170587066250e+14 8.496157628173838460e-66
3.002461709085555000e+14 2.380718412801893376e-66
3.065395295056535625e+14 6.581677478169782717e-67
3.129648010670750625e+14 1.794848899274937741e-67
3.195247505759213750e+14 4.827267097806346241e-68
3.262222009711659375e+14 1.280236055573249538e-68
3.330600343624581250e+14 3.347528944268243526e-69
3.400411932703702500e+14 8.628186339300509844e-70
3.471686818926559375e+14 2.191747934703615283e-70
3.544455673970435625e+14 5.486136516721259608e-71
3.618749812411283750e+14 1.352924399995134458e-71
3.694601205199310000e+14 3.286412779039217147e-72
3.772042493417008750e+14 7.861813202972243270e-73
3.851107002325568750e+14 1.851824976599651803e-73
3.931828755705770000e+14 4.294130193648099418e-74
4.014242490499310000e+14 9.800639403659646747e-75
4.098383671757253125e+14 2.201116121611801265e-75
4.184288507901576250e+14 4.863631977386274215e-76
4.271993966306776875e+14 1.057119917428771136e-76
4.361537789208005625e+14 2.259614249876945352e-77
4.452958509942660000e+14 4.748877714995551632e-78
4.546295469532408750e+14 9.810906557253690051e-79
4.641588833612791250e+14 1.992049755342333235e-79
4.738879609717650625e+14 3.974287673314964672e-80
4.838209664925956875e+14 7.788987560317055400e-81
4.939621743878305000e+14 1.499252530844678197e-81
5.043159487171348125e+14 2.833652160231743825e-82
5.148867450137486875e+14 5.257576125551254727e-83
5.256791122018418750e+14 9.573713322265339119e-84
5.366976945540476250e+14 1.710546328094100257e-84
5.479472336900293125e+14 2.998118827932724098e-85
5.594325706169389375e+14 5.153538024693741837e-86
5.711586478126446250e+14 8.685342076937425224e-87
5.831305113526218750e+14 1.434798183533911313e-87
5.953533130814370000e+14 2.322794931276032060e-88
6.078323128297211250e+14 3.684032749282077298e-89
6.205728806776487500e+14 5.722740017835126593e-90
6.335804992658241250e+14 8.704495284201274609e-91
6.468607661546320000e+14 1.296072247643058655e-91
6.604193962330305000e+14 1.888557280968510548e-92
6.742622241778348750e+14 2.692244859677803990e-93
6.883952069645510000e+14 3.753760374823973702e-94
7.028244264308366250e+14 5.117595380071856154e-95
7.175560918936921250e+14 6.819844488519925115e-96
7.325965428215230000e+14 8.880808353111307067e-97
7.479522515621797500e+14 1.129735362664224215e-97
7.636298261282225000e+14 1.403522209066665029e-98
7.796360130405220000e+14 1.702291075416302377e-99
7.959777002314977500e+14 2.014987878055705719e-100
8.126619200091946250e+14 2.327040085706295303e-101
8.296958520834916250e+14 2.621150985145896549e-102
8.470868266557420000e+14 2.878604153258453423e-103
8.648423275731745000e+14 3.081178699278772085e-104
8.829699955494082500e+14 3.213342798477735821e-105
9.014776314524917500e+14 3.264056124848633059e-106
9.203731996618230000e+14 3.228154614293827749e-107
9.396648314954671250e+14 3.107284753301886198e-108
9.593608287093126250e+14 2.909972436497726860e-109
9.794696670695385000e+14 2.650474001151184122e-110
1.000000000000000000e+15 2.346988575700305896e-111
1.020960662306047500e+15 2.019644566212735921e-112
1.042360673976403250e+15 1.688327773334159044e-113
1.064209244064722375e+15 1.370541303247266728e-114
1.086515774652537375e+15 1.079931961515388469e-115
1.109289864895222875e+15 8.256245039399934608e-117
1.132541315152812750e+15 6.121833407817522972e-118
1.156280131207377750e+15 4.400662967369058482e-119
1.180516528568803000e+15 3.065465688389700766e-120
1.205260936870841250e+15 2.068321442292324026e-121
1.230524004359261500e+15 1.351146554256928537e-122
1.256316602474121500e+15 8.542069337716974253e-124
1.282649830528062500e+15 5.223865027643451459e-125
1.309535020482665000e+15 3.088717210052375678e-126
1.336983741824945250e+15 1.764937352371642946e-127
1.365007806546013750e+15 9.741960438835864658e-129
1.393619274224143500e+15 5.191686200496036906e-130
1.422830457214354750e+15 2.669877966654272048e-131
1.452653925946778250e+15 1.324311025106258870e-132
1.483102514336102750e+15 6.332743143863519163e-134
1.514189325304352000e+15 2.917845469203644142e-135
1.545927736419478500e+15 1.294681557065316158e-136
1.578331405652119500e+15 5.529358645542833132e-138
1.611414277253016750e+15 2.271805339516414017e-139
1.645190587753660750e+15 8.974338187934464517e-141
1.679674872092653250e+15 3.406553667058551875e-142
1.714881969870541000e+15 1.241868292811160120e-143
1.750827031735726750e+15 4.345517167170364766e-145
1.787525525904231750e+15 1.458637992647059402e-146
1.824993244816150500e+15 4.693792899854968148e-148
1.863246311931559750e+15 1.447173953608199169e-149
1.902301188668945750e+15 4.272476213529951212e-151
1.942174681489028250e+15 1.207030096479835132e-152
1.982883949127067250e+15 3.260985120683828349e-154
2.024446509976801750e+15 8.419857330554575443e-156
2.066880249629082000e+15 2.076394539481033101e-157
2.110203428568596500e+15 4.887236635278365715e-159
2.154434690031886500e+15 1.097132734421493056e-160
2.199593068030070500e+15 2.347533534473743412e-162
2.245697995539771750e+15 4.784387177615402595e-164
2.292769312865648500e+15 9.280730605111125754e-166
2.340827276178294500e+15 1.712194761369472987e-167
2.389892566231052500e+15 3.002161315408985397e-169
2.439986297259545000e+15 4.999302288944109875e-171
2.491130026067786000e+15 7.900191586675788393e-173
2.543345761304648500e+15 1.183779616894844827e-174
2.596655972934872000e+15 1.680670297000206935e-176
2.651083601908541500e+15 2.259099334026750511e-178
2.706652070033235500e+15 2.872532300809564072e-180
2.763385290053167000e+15 3.452233686816018673e-182
2.821307675939470500e+15 3.918245511748797378e-184
2.880444153396297500e+15 4.196414601540854950e-186
2.940820170587066500e+15 4.237129083387571849e-188
3.002461709085543000e+15 4.029725108059510101e-190
3.065395295056523500e+15 3.606745063944259912e-192
3.129648010670750500e+15 3.035326769472441890e-194
3.195247505759214000e+15 2.399553859949924844e-196
3.262222009711673500e+15 1.780194883724014674e-198
3.330600343624582000e+15 1.238271678348633418e-200
3.400411932703702500e+15 8.067927827542667248e-203
3.471686818926559500e+15 4.918839093677549589e-205
3.544455673970435500e+15 2.803275478177037567e-207
3.618749812411284000e+15 1.491908810783959541e-209
3.694601205199294500e+15 7.407113374604788121e-212
3.772042493416993500e+15 3.426987090714560125e-214
3.851107002325568500e+15 1.475874960472100065e-216
3.931828755705770000e+15 5.910174631091635176e-219
4.014242490499326000e+15 2.198314719313885355e-221
4.098383671757253000e+15 7.585988022218546634e-224
4.184288507901576000e+15 2.425774923916230820e-226
4.271993966306776500e+15 7.179791344961148214e-229
4.361537789208006000e+15 1.964658618480895179e-231
4.452958509942660000e+15 4.964038463047617335e-234
4.546295469532390000e+15 1.156653273023347557e-236
4.641588833612773000e+15 2.482346934944807299e-239
4.738879609717651000e+15 4.900802148545734120e-242
4.838209664925957000e+15 8.888700730964854148e-245
4.939621743878326000e+15 1.479054644626402069e-247
5.043159487171349000e+15 2.254954356613347396e-250
5.148867450137487000e+15 3.145671738508586886e-253
5.256791122018419000e+15 4.009511804338322132e-256
5.366976945540476000e+15 4.662712216628271590e-259
5.479472336900292000e+15 4.940217988212278861e-262
5.594325706169389000e+15 4.761960346023664423e-265
5.711586478126423000e+15 4.169597650633011944e-268
5.831305113526218000e+15 3.311256054817817829e-271
5.953533130814370000e+15 2.381378204861364719e-274
6.078323128297236000e+15 1.548555270191118942e-277
6.205728806776513000e+15 9.090278547839472130e-281
6.335804992658241000e+15 4.808978720898912441e-284
6.468607661546321000e+15 2.289034833242286885e-287
6.604193962330306000e+15 9.787053694077440599e-291
6.742622241778349000e+15 3.752236958970217039e-294
6.883952069645510000e+15 1.287621152503675215e-297
7.028244264308338000e+15 3.948139232413323261e-301
7.175560918936921000e+15 1.079757075865452865e-304
7.325965428215230000e+15 2.628893624530355276e-308
7.479522515621829000e+15 5.687193336149598588e-312
7.636298261282257000e+15 1.091169561559534653e-315
7.796360130405221000e+15 1.853190830985931663e-319
7.959777002314978000e+15 2.964393875047479265e-323
8.126619200091945000e+15 0.000000000000000000e+00
8.296958520834915000e+15 0.000000000000000000e+00
8.470868266557420000e+15 0.000000000000000000e+00
8.648423275731709000e+15 0.000000000000000000e+00
8.829699955494083000e+15 0.000000000000000000e+00
9.014776314524918000e+15 0.000000000000000000e+00
9.203731996618230000e+15 0.000000000000000000e+00
9.396648314954710000e+15 0.000000000000000000e+00
9.593608287093126000e+15 0.000000000000000000e+00
9.794696670695384000e+15 0.000000000000000000e+00
