1.020960662306047603e+07 1.016146560475935843e+02
1.042360673976401053e+07 9.968795198747149300e+01
1.064209244064724632e+07 9.779813245927000764e+01
1.086515774652537145e+07 9.594417388344230346e+01
1.109289864895222709e+07 9.412514640766906382e+01
1.132541315152812563e+07 9.234069512109942934e+01
1.156280131207375228e+07 9.059040042324717490e+01
1.180516528568805568e+07 8.887331351751403474e+01
1.205260936870841496e+07 8.718857264648073624e+01
1.230524004359261692e+07 8.553585028790791966e+01
1.256316602474121563e+07 8.391475877324307930e+01
1.282649830528059974e+07 8.232441860443601911e+01
1.309535020482667536e+07 8.076403111407501001e+01
1.336983741824945062e+07 7.923329406421923693e+01
1.365007806546013802e+07 7.773184929065536153e+01
1.393619274224143475e+07 7.625888151366936540e+01
1.422830457214351930e+07 7.481365052063662802e+01
1.452653925946781226e+07 7.339587741385359720e+01
1.483102514336102828e+07 7.200523129057553717e+01
1.514189325304351933e+07 7.064095638283980350e+01
1.545927736419478431e+07 6.930236664053272477e+01
1.578331405652116425e+07 6.798920471036230140e+01
1.611414277253019996e+07 6.670116487764603619e+01
1.645190587753660791e+07 6.543754652721449361e+01
1.679674872092653066e+07 6.419771379402318701e+01
1.714881969870540872e+07 6.298142921158662944e+01
1.750827031735723466e+07 6.178841033857465703e+01
1.787525525904235244e+07 6.061800767276431401e+01
1.824993244816150516e+07 5.946963185131007634e+01
1.863246311931559816e+07 5.834306376204204980e+01
1.902301188668945804e+07 5.723804246889977065e+01
1.942174681489024311e+07 5.615396584004880509e+01
1.982883949127071351e+07 5.509028760129937297e+01
2.024446509976801649e+07 5.404680558237177479e+01
2.066880249629081786e+07 5.302327871769732326e+01
2.110203428568596393e+07 5.201914877756411215e+01
2.154434690031882003e+07 5.103390941521452362e+01
2.199593068030074611e+07 5.006737409833151986e+01
2.245697995539776236e+07 4.911932012014001714e+01
2.292769312865648791e+07 4.818922994031547091e+01
2.340827276178294048e+07 4.727663421200306715e+01
2.389892566231048107e+07 4.638136083525121478e+01
2.439986297259550542e+07 4.550320406619378844e+01
2.491130026067791134e+07 4.464168407778228698e+01
2.543345761304648221e+07 4.379636580841043525e+01
2.596655972934872285e+07 4.296709047975520690e+01
2.651083601908536255e+07 4.215366802091035936e+01
2.706652070033241063e+07 4.135565355883559846e+01
2.763385290053172782e+07 4.057264380515109536e+01
2.821307675939470530e+07 3.980449227542860768e+01
2.880444153396297619e+07 3.905102337999681339e+01
2.940820170587060601e+07 3.831182464444438551e+01
3.002461709085549042e+07 3.758652222441462953e+01
3.065395295056529716e+07 3.687498098190800278e+01
3.129648010670750216e+07 3.617703870713460645e+01
3.195247505759213492e+07 3.549231295589512314e+01
3.262222009711666778e+07 3.482045717053662059e+01
3.330600343624588847e+07 3.416134668471875102e+01
3.400411932703709602e+07 3.351483165093063121e+01
3.471686818926559389e+07 3.288055746031176341e+01
3.544455673970435560e+07 3.225820284319939901e+01
3.618749812411276251e+07 3.164765279753877181e+01
3.694601205199302733e+07 3.104876889737201040e+01
3.772042493417001516e+07 3.046122233574775251e+01
3.851107002325568348e+07 2.988471527936474104e+01
3.931828755705770105e+07 2.931914164465223394e+01
4.014242490499317646e+07 2.876437355809386176e+01
4.098383671757261455e+07 2.822010613035320858e+01
4.184288507901584357e+07 2.768606324887011283e+01
4.271993966306776553e+07 2.716214706005615298e+01
4.361537789208005369e+07 2.664823944021282998e+01
4.452958509942659736e+07 2.614405767111676582e+01
4.546295469532398880e+07 2.564934577112019554e+01
4.641588833612781763e+07 2.516401348146633410e+01
4.738879609717650712e+07 2.468795168618000702e+01
4.838209664925957471e+07 2.422089822009115068e+01
4.939621743878325820e+07 2.376261575931824765e+01
5.043159487171358615e+07 2.331302105331064922e+01
5.148867450137497485e+07 2.287201330874802707e+01
5.256791122018418461e+07 2.243934941329493427e+01
5.366976945540475845e+07 2.201480933610896784e+01
5.479472336900292337e+07 2.159831629380035878e+01
5.594325706169377267e+07 2.118977718187700887e+01
5.711586478126434237e+07 2.078896655102915147e+01
5.831305113526218385e+07 2.039568039909096697e+01
5.953533130814369768e+07 2.000984790992508877e+01
6.078323128297235817e+07 1.963138308245128982e+01
6.205728806776500493e+07 1.926007684241511697e+01
6.335804992658253759e+07 1.889574004449797684e+01
6.468607661546321213e+07 1.853830737842521259e+01
6.604193962330305576e+07 1.818769940598597401e+01
6.742622241778348386e+07 1.784372223401535607e+01
6.883952069645495713e+07 1.750620048809228635e+01
7.028244264308351278e+07 1.717507393818938155e+01
7.175560918936920166e+07 1.685026920921590587e+01
7.325965428215231001e+07 1.653160648260744026e+01
7.479522515621829033e+07 1.621892314865590379e+01
7.636298261282241344e+07 1.591216366464040632e+01
7.796360130405236781e+07 1.561126025695238972e+01
7.959777002314977348e+07 1.531604615595714236e+01
8.126619200091944635e+07 1.502637058431029793e+01
8.296958520834915340e+07 1.474218232396156125e+01
8.470868266557401419e+07 1.446341877602031722e+01
8.648423275731725991e+07 1.418992526940446730e+01
8.829699955494081974e+07 1.392156199507323500e+01
9.014776314524917305e+07 1.365828172483792713e+01
9.203731996618229151e+07 1.340002664037006141e+01
9.396648314954690635e+07 1.314665328809301492e+01
9.593608287093147635e+07 1.289803202657320114e+01
9.794696670695386827e+07 1.265411930846939015e+01
1.000000000000000000e+08 1.241486173193531073e+01
1.020960662306047529e+08 1.218012624418612866e+01
1.042360673976403177e+08 1.194979262932974784e+01
1.064209244064722359e+08 1.172382073579024997e+01
1.086515774652537256e+08 1.150216124160160547e+01
1.109289864895222783e+08 1.128469073796476252e+01
1.132541315152812600e+08 1.107129774669541078e+01
1.156280131207377762e+08 1.086194524881124757e+01
1.180516528568803072e+08 1.065658769147766449e+01
1.205260936870841384e+08 1.045511060806844483e+01
1.230524004359261543e+08 1.025741062081189270e+01
1.256316602474121451e+08 1.006345360052876714e+01
1.282649830528062433e+08 9.873197476145644913e+00
1.309535020482665002e+08 9.686536072854453394e+00
1.336983741824945360e+08 9.503373522609171786e+00
1.365007806546013653e+08 9.323678361915124668e+00
1.393619274224143326e+08 9.147411736007894589e+00
1.422830457214354575e+08 8.974475159007026193e+00
1.452653925946778059e+08 8.804779725165184701e+00
1.483102514336102903e+08 8.638296429762771567e+00
1.514189325304352045e+08 8.474989389206205814e+00
1.545927736419478357e+08 8.314767247628720881e+00
1.578331405652119517e+08 8.157547554117765998e+00
1.611414277253016531e+08 8.003303571906997149e+00
1.645190587753660679e+08 7.852002162004571240e+00
1.679674872092653215e+08 7.703558580429255009e+00
1.714881969870540798e+08 7.557896360794893909e+00
1.750827031735726893e+08 7.414990858176459199e+00
1.787525525904231668e+08 7.274811468904101908e+00
1.824993244816150367e+08 7.137279580511187049e+00
1.863246311931559741e+08 7.002324275236174955e+00
1.902301188668946028e+08 6.869922837509339963e+00
1.942174681489028633e+08 6.740047005532703750e+00
1.982883949127075374e+08 6.612623853085038306e+00
2.024446509976801872e+08 6.487587607009657198e+00
2.066880249629082084e+08 6.364917331115357513e+00
2.110203428568596542e+08 6.244586926807859761e+00
2.154434690031886399e+08 6.126528741275990342e+00
2.199593068030070364e+08 6.010681771460815170e+00
2.245697995539771616e+08 5.897026722156892831e+00
2.292769312865648568e+08 5.785539492935032335e+00
2.340827276178294122e+08 5.676157321651134069e+00
2.389892566231052577e+08 5.568823628159164763e+00
2.439986297259555161e+08 5.463520630603696304e+00
2.491130026067785919e+08 5.360226074210252989e+00
2.543345761304648221e+08 5.258881732627730621e+00
2.596655972934872508e+08 5.159435126861978027e+00
2.651083601908541918e+08 5.061869870578066255e+00
2.706652070033235550e+08 4.966165413780147198e+00
2.763385290053166747e+08 4.872267736907523350e+00
2.821307675939470530e+08 4.780128163801394159e+00
2.880444153396297693e+08 4.689731595004586140e+00
2.940820170587067008e+08 4.601059055112624030e+00
3.002461709085555673e+08 4.514060426297116457e+00
3.065395295056523085e+08 4.428690558733558547e+00
3.129648010670750141e+08 4.344935539569503291e+00
3.195247505759213567e+08 4.262777847728065339e+00
3.262222009711673260e+08 4.182170984280902282e+00
3.330600343624581695e+08 4.103073069408148754e+00
3.400411932703702450e+08 4.025471284337311495e+00
3.471686818926559091e+08 3.949349451244429154e+00
3.544455673970435262e+08 3.874664427853569570e+00
3.618749812411283851e+08 3.801377366681172987e+00
3.694601205199309587e+08 3.729476457709102188e+00
3.772042493416993618e+08 3.658946763762711996e+00
3.851107002325568795e+08 3.589748255994380077e+00
3.931828755705770254e+08 3.521844898988745420e+00
4.014242490499325991e+08 3.455225812750277292e+00
4.098383671757252812e+08 3.389877205926286052e+00
4.184288507901575565e+08 3.325761937630991483e+00
4.271993966306776404e+08 3.262846580263112806e+00
4.361537789208005667e+08 3.201121111237064554e+00
4.452958509942659736e+08 3.140572797431576912e+00
4.546295469532408714e+08 3.081167176829139542e+00
4.641588833612772226e+08 3.022873240280972595e+00
4.738879609717651010e+08 2.965681755633148065e+00
4.838209664925957322e+08 2.909580967091148551e+00
4.939621743878325820e+08 2.854538897590529700e+00
5.043159487171348333e+08 2.800526780906698043e+00
5.148867450137487054e+08 2.747536113502798916e+00
5.256791122018419504e+08 2.695556042180572653e+00
5.366976945540476441e+08 2.644556895032315946e+00
5.479472336900292635e+08 2.594511985970476609e+00
5.594325706169389486e+08 2.545413483094753904e+00
5.711586478126422167e+08 2.497251366764903668e+00
5.831305113526217937e+08 2.449998103467817323e+00
5.953533130814369917e+08 2.403628936361468682e+00
6.078323128297235966e+08 2.358136652603021410e+00
6.205728806776486635e+08 2.313512002331793660e+00
6.335804992658240795e+08 2.269729435798542472e+00
6.468607661546320915e+08 2.226765985481009125e+00
6.604193962330304384e+08 2.184615009117219397e+00
6.742622241778348684e+08 2.143267967706778965e+00
6.883952069645509720e+08 2.102701151852810479e+00
7.028244264308338165e+08 2.062893253617704925e+00
7.175560918936921358e+08 2.023838156604283789e+00
7.325965428215229511e+08 1.985527978258287529e+00
7.479522515621827841e+08 1.947940716527078342e+00
7.636298261282258034e+08 1.911056602765436541e+00
7.796360130405220985e+08 1.874870005198273404e+00
7.959777002314977646e+08 1.839373647457070771e+00
8.126619200091946125e+08 1.804547111479422039e+00
8.296958520834914446e+08 1.770372056362501834e+00
8.470868266557419300e+08 1.736843296931254610e+00
8.648423275731709003e+08 1.703954116571307464e+00
8.829699955494083166e+08 1.671685566796672129e+00
9.014776314524917603e+08 1.640020631025932651e+00
9.203731996618230343e+08 1.608954535606977654e+00
9.396648314954710007e+08 1.578481080792808910e+00
9.593608287093126774e+08 1.548582681568228425e+00
9.794696670695385933e+08 1.519243549758350964e+00
1.000000000000000000e+09 1.490459290898072053e+00
1.020960662306047559e+09 1.462224182498288227e+00
1.042360673976403356e+09 1.434521904590796426e+00
1.064209244064726830e+09 1.407337808461098572e+00
1.086515774652537346e+09 1.380667849022066740e+00
1.109289864895222664e+09 1.354506744453596534e+00
1.132541315152812481e+09 1.328839348542349086e+00
1.156280131207372904e+09 1.303652069568214777e+00
1.180516528568803072e+09 1.278941184316967128e+00
1.205260936870841503e+09 1.254701817846817447e+00
1.230524004359261513e+09 1.230919913028811541e+00
1.256316602474121332e+09 1.207582858642941126e+00
1.282649830528062582e+09 1.184687228007675008e+00
1.309535020482670307e+09 1.162228521848016394e+00
1.336983741824945211e+09 1.140193693570320743e+00
1.365007806546013832e+09 1.118571041530081800e+00
1.393619274224143505e+09 1.097357412200790749e+00
1.422830457214349031e+09 1.076548653154846491e+00
1.452653925946778297e+09 1.056132655475376492e+00
1.483102514336102724e+09 1.036098561306614707e+00
1.514189325304351807e+09 1.016443468739778755e+00
1.545927736419478655e+09 9.971635455673210080e-01
1.578331405652119875e+09 9.782475529654958146e-01
1.611414277253023148e+09 9.596854158576199056e-01
1.645190587753660679e+09 9.414744640941565823e-01
1.679674872092653036e+09 9.236111611007462585e-01
1.714881969870540857e+09 9.060850754487693726e-01
1.750827031735726833e+09 8.888868582655112816e-01
1.787525525904231787e+09 8.720140528463210527e-01
1.824993244816150427e+09 8.554633955451447225e-01
1.863246311931559801e+09 8.392252041693193387e-01
1.902301188668945789e+09 8.232908035694804783e-01
1.942174681489028454e+09 8.076579336141654908e-01
1.982883949127075434e+09 7.923235826143534277e-01
2.024446509976801872e+09 7.772787636563881497e-01
2.066880249629082203e+09 7.625154266454748919e-01
2.110203428568596601e+09 7.480314924649178465e-01
2.154434690031886578e+09 7.338241820208818433e-01
2.199593068030070305e+09 7.198851536221022585e-01
2.245697995539771557e+09 7.062069370822963155e-01
2.292769312865648746e+09 6.927876199683540293e-01
2.340827276178294182e+09 6.796246378953326728e-01
2.389892566231052876e+09 6.667102479565398809e-01
2.439986297259555340e+09 6.540375180006370304e-01
2.491130026067785740e+09 6.416046890673321457e-01
2.543345761304647923e+09 6.294093949675639843e-01
2.596655972934872150e+09 6.174444484919108245e-01
2.651083601908541679e+09 6.057034166899578631e-01
2.706652070033235550e+09 5.941846818957641219e-01
2.763385290053166866e+09 5.828860608660998421e-01
2.821307675939470768e+09 5.718008821181229662e-01
2.880444153396297932e+09 5.609231758738614237e-01
2.940820170587066650e+09 5.502514545445077454e-01
3.002461709085555077e+09 5.397837037508128599e-01
3.065395295056523800e+09 5.295137306474198002e-01
3.129648010670750618e+09 5.194359952146568871e-01
3.195247505759213448e+09 5.095491295999398096e-01
3.262222009711673260e+09 4.998512752868773945e-01
3.330600343624581814e+09 4.903366836566381282e-01
3.400411932703702450e+09 4.810002134482951330e-01
3.471686818926559448e+09 4.718406070222436743e-01
3.544455673970435619e+09 4.628561497179764506e-01
3.618749812411283970e+09 4.540415052148809583e-01
3.694601205199309826e+09 4.453919022548053497e-01
3.772042493416993618e+09 4.369061846362252699e-01
3.851107002325568676e+09 4.285827704687953377e-01
3.931828755705770016e+09 4.204167061033035613e-01
4.014242490499325752e+09 4.124035636127365012e-01
4.098383671757252693e+09 4.045422801460460960e-01
4.184288507901576042e+09 3.968313963474958683e-01
4.271993966306777000e+09 3.892663137516867433e-01
4.361537789208005905e+09 3.818429230143488562e-01
4.452958509942660332e+09 3.745602471888241358e-01
4.546295469532408714e+09 3.674169400045966261e-01
4.641588833612771988e+09 3.604087326692319015e-01
4.738879609717651367e+09 3.535318114674974588e-01
4.838209664925957680e+09 3.467852784947286215e-01
4.939621743878325462e+09 3.401678918408929664e-01
5.043159487171347618e+09 3.336756887173557562e-01
5.148867450137486458e+09 3.273051297392549075e-01
5.256791122018419266e+09 3.210553897260272072e-01
5.366976945540475845e+09 3.149253230723978447e-01
5.479472336900292397e+09 3.089112510284411361e-01
5.594325706169388771e+09 3.030098887813027497e-01
5.711586478126422882e+09 2.972204780544645542e-01
5.831305113526218414e+09 2.915419621113391480e-01
5.953533130814370155e+09 2.859709258562532219e-01
6.078323128297236443e+09 2.805043207186515564e-01
6.205728806776488304e+09 2.751414499656060220e-01
6.335804992658241272e+09 2.698813388634497268e-01
6.468607661546320915e+09 2.647208170555206408e-01
6.604193962330305099e+09 2.596570552059696557e-01
6.742622241778348923e+09 2.546894131895492963e-01
6.883952069645509720e+09 2.498169919381713344e-01
7.028244264308338165e+09 2.450368482791717706e-01
7.175560918936921120e+09 2.403463563324227392e-01
7.325965428215229988e+09 2.357449280349068199e-01
7.479522515621828079e+09 2.312317341344296839e-01
7.636298261282225609e+09 2.268040423500016778e-01
7.796360130405220985e+09 2.224594156168142600e-01
7.959777002314977646e+09 2.181973137499764182e-01
8.126619200091945648e+09 2.140169719120567360e-01
8.296958520834915161e+09 2.099158535941882120e-01
8.470868266557419777e+09 2.058916969625728399e-01
8.648423275731708527e+09 2.019440058577393338e-01
8.829699955494083405e+09 1.980720748723556746e-01
9.014776314524917603e+09 1.942735492364674466e-01
9.203731996618228912e+09 1.905463297438218517e-01
9.396648314954671860e+09 1.868899607130990459e-01
9.593608287093128204e+09 1.833037915656711703e-01
9.794696670695384979e+09 1.797856362467416258e-01
1.000000000000000000e+10 1.763335464822315124e-01
1.020960662306047440e+10 1.729471038041696662e-01
1.042360673976403236e+10 1.696257082158615925e-01
1.064209244064726830e+10 1.663673302890845140e-01
1.086515774652537155e+10 1.631701618302807133e-01
1.109289864895222664e+10 1.600338185793648005e-01
1.132541315152812576e+10 1.569577472021911613e-01
1.156280131207373047e+10 1.539400636771906250e-01
1.180516528568803024e+10 1.509790898212683141e-01
1.205260936870841217e+10 1.480744728168763846e-01
1.230524004359261703e+10 1.452257023742919984e-01
1.256316602474121475e+10 1.424310294647721242e-01
1.282649830528062630e+10 1.396888965712707042e-01
1.309535020482670403e+10 1.369989797736155812e-01
1.336983741824945259e+10 1.343608084880222597e-01
1.365007806546013641e+10 1.317727590117980796e-01
1.393619274224143410e+10 1.292333858231827781e-01
1.422830457214348984e+10 1.267423915571149751e-01
1.452653925946778107e+10 1.242993422543458987e-01
1.483102514336102867e+10 1.219027305658184762e-01
1.514189325304351997e+10 1.195512149184459194e-01
1.545927736419478416e+10 1.172445223472158710e-01
1.578331405652119637e+10 1.149822526741064860e-01
1.611414277253023148e+10 1.127630065748552041e-01
1.645190587753660774e+10 1.105855389577380665e-01
1.679674872092653275e+10 1.084495992751146887e-01
1.714881969870541000e+10 1.063548185063834112e-01
1.750827031735726929e+10 1.042998976207494960e-01
1.787525525904231644e+10 1.022836810779932382e-01
1.824993244816150284e+10 1.003059389241536675e-01
1.863246311931559753e+10 9.836633087456134183e-02
1.902301188668945694e+10 9.646365101520285035e-02
1.942174681489028549e+10 9.459682692611688648e-02
1.982883949127075195e+10 9.276564756937064060e-02
2.024446509976801682e+10 9.096979916230335528e-02
2.066880249629082108e+10 8.920816224508933134e-02
2.110203428568596649e+10 8.747974154973531258e-02
2.154434690031886673e+10 8.578434341136807750e-02
2.199593068030070114e+10 8.412167848769527834e-02
2.245697995539771652e+10 8.249070758848228713e-02
2.292769312865648651e+10 8.089050705847530831e-02
2.340827276178294373e+10 7.932089918676286933e-02
2.389892566231052399e+10 7.778161716959450245e-02
2.439986297259555435e+10 7.627169634463912273e-02
2.491130026067786026e+10 7.479027952846592497e-02
2.543345761304648209e+10 7.333720365927888507e-02
2.596655972934872437e+10 7.191222271714169112e-02
2.651083601908541489e+10 7.051444123732752978e-02
2.706652070033235550e+10 6.914306373684719897e-02
2.763385290053166962e+10 6.779794060335690709e-02
2.821307675939470673e+10 6.647884498178099899e-02
2.880444153396297836e+10 6.518494565650728712e-02
2.940820170587066650e+10 6.391550441637734725e-02
3.002461709085555267e+10 6.267038399568267137e-02
3.065395295056523514e+10 6.144937521080413162e-02
3.129648010670750427e+10 6.025170650079873791e-02
3.195247505759213638e+10 5.907669281632387664e-02
3.262222009711672974e+10 5.792420822434315997e-02
3.330600343624581909e+10 5.679405983485360382e-02
3.400411932703702927e+10 5.568553147635147554e-02
3.471686818926559448e+10 5.459798744621074257e-02
3.544455673970435333e+10 5.353131221225835429e-02
3.618749812411283875e+10 5.248532790724312613e-02
3.694601205199309540e+10 5.145936978893141805e-02
3.772042493416993713e+10 5.045284796046058812e-02
3.851107002325569153e+10 4.946565643398900119e-02
3.931828755705770111e+10 4.849763119287359842e-02
4.014242490499325562e+10 4.754815524732801391e-02
4.098383671757252502e+10 4.661668121942437459e-02
4.184288507901576233e+10 4.570311187882841047e-02
4.271993966306776428e+10 4.480729597812864451e-02
4.361537789208005524e+10 4.392866086621042415e-02
4.452958509942659760e+10 4.306669863329516679e-02
4.546295469532408905e+10 4.222132008344706144e-02
4.641588833612772369e+10 4.139238574132438758e-02
4.738879609717650604e+10 4.057936412473266835e-02
4.838209664925956726e+10 3.978178396019018542e-02
4.939621743878325653e+10 3.899956342197748171e-02
5.043159487171348572e+10 3.823257388697594295e-02
5.148867450137487030e+10 3.748032209890721916e-02
5.256791122018418884e+10 3.674237079192495259e-02
5.366976945540475464e+10 3.601864490037114119e-02
5.479472336900292206e+10 3.530902580514025391e-02
5.594325706169388580e+10 3.461305574316539402e-02
5.711586478126422882e+10 3.393032901619023184e-02
5.831305113526218414e+10 3.326077675817386975e-02
5.953533130814369965e+10 3.260428957186914389e-02
6.078323128297235870e+10 3.196044265001160567e-02
6.205728806776487732e+10 3.132885959683970323e-02
6.335804992658241272e+10 3.070947723139315008e-02
6.468607661546320343e+10 3.010219465689339610e-02
6.604193962330305481e+10 2.950661766581420473e-02
6.742622241778349304e+10 2.892239706224411164e-02
6.883952069645510864e+10 2.834947487780849554e-02
7.028244264308338928e+10 2.778775805111298458e-02
7.175560918936921692e+10 2.723688078652384409e-02
7.325965428215229797e+10 2.669651913614174907e-02
7.479522515621827698e+10 2.616661991040483692e-02
7.636298261282226562e+10 2.564709726998095490e-02
7.796360130405221558e+10 2.513761179962009304e-02
7.959777002314976501e+10 2.463786298749529036e-02
8.126619200091944885e+10 2.414780202466340620e-02
8.296958520834915161e+10 2.366734972843296050e-02
8.470868266557418823e+10 2.319619117746141504e-02
8.648423275731707764e+10 2.273404761389893197e-02
8.829699955494082642e+10 2.228087424398842581e-02
9.014776314524917603e+10 2.183659802037646661e-02
9.203731996618229675e+10 2.140092676384027642e-02
9.396648314954670715e+10 2.097360190898288346e-02
9.593608287093125916e+10 2.055458234187962363e-02
9.794696670695385742e+10 2.014380066989137491e-02
1.000000000000000000e+11 1.974098582921636480e-02
1.020960662306047516e+11 1.934589799721251821e-02
1.042360673976403351e+11 1.895849943213765570e-02
1.064209244064726715e+11 1.857872795304324129e-02
1.086515774652537231e+11 1.820633210086338230e-02
1.109289864895222778e+11 1.784108944996186732e-02
1.132541315152812653e+11 1.748296534850218159e-02
1.156280131207372894e+11 1.713190241878987177e-02
1.180516528568803101e+11 1.678766740370740002e-02
1.205260936870841370e+11 1.645005402521158150e-02
1.230524004359261475e+11 1.611903046247175481e-02
1.256316602474121399e+11 1.579454376462058676e-02
1.282649830528062439e+11 1.547637757373466691e-02
1.309535020482670288e+11 1.516434059944026490e-02
1.336983741824945221e+11 1.485840361449684323e-02
1.365007806546013794e+11 1.455851774788799284e-02
1.393619274224143372e+11 1.426448233107993104e-02
1.422830457214349060e+11 1.397611998454240806e-02
1.452653925946778259e+11 1.369340385690302753e-02
1.483102514336102905e+11 1.341628883718787649e-02
1.514189325304352112e+11 1.314458882278625972e-02
1.545927736419478455e+11 1.287813934523907022e-02
1.578331405652119751e+11 1.261691572946804785e-02
1.611414277253023071e+11 1.236087632983638718e-02
1.645190587753660583e+11 1.210984856626419817e-02
1.679674872092653198e+11 1.186367995321238773e-02
1.714881969870540771e+11 1.162234780896640764e-02
1.750827031735719604e+11 1.138581368158708869e-02
1.787525525904231873e+11 1.115391754459080405e-02
1.824993244816150513e+11 1.092651803365532297e-02
1.863246311931559753e+11 1.070359429274871967e-02
1.902301188668945618e+11 1.048511081335381720e-02
1.942174681489028320e+11 1.027091922272894801e-02
1.982883949127075500e+11 1.006088847773444796e-02
2.024446509976802063e+11 9.854999394390395046e-03
2.066880249629082031e+11 9.653219176977360927e-03
2.110203428568596497e+11 9.455410270802213149e-03
2.154434690031877747e+11 9.261451211158544181e-03
2.199593068030070190e+11 9.071324345368732278e-03
2.245697995539771729e+11 8.884999377989264216e-03
2.292769312865648804e+11 8.702348796292136771e-03
2.340827276178294067e+11 8.523260024401818624e-03
2.389892566231052551e+11 8.347716812024050248e-03
2.439986297259555054e+11 8.175691168202102108e-03
2.491130026067796021e+11 8.007064901400752152e-03
2.543345761304648132e+11 7.841733684348638558e-03
2.596655972934872437e+11 7.679682551064571754e-03
2.651083601908530884e+11 7.520885634675995510e-03
2.706652070033235779e+11 7.365233395476653705e-03
2.763385290053167114e+11 7.212629160394832747e-03
2.821307675939470825e+11 7.063059139643376727e-03
2.880444153396297607e+11 6.916499424246346818e-03
2.940820170587066650e+11 6.772848504682979151e-03
3.002461709085555420e+11 6.632016810215075713e-03
3.065395295056536255e+11 6.493991628267431308e-03
3.129648010670750732e+11 6.358750854672193080e-03
3.195247505759213257e+11 6.226200432767186980e-03
3.262222009711659546e+11 6.096257381787643925e-03
3.330600343624581909e+11 5.968909975775388115e-03
3.400411932703702393e+11 5.844137774333900068e-03
3.471686818926559448e+11 5.721853637506097226e-03
3.544455673970435181e+11 5.601980698811659040e-03
3.618749812411284180e+11 5.484508136000420912e-03
3.694601205199309692e+11 5.369417042543959268e-03
3.772042493417008667e+11 5.256626697258829153e-03
3.851107002325568848e+11 5.146065906313744553e-03
3.931828755705770264e+11 5.037724675307205489e-03
4.014242490499309692e+11 4.931585511917550499e-03
4.098383671757252808e+11 4.827573651318634376e-03
4.184288507901575928e+11 4.725623162310080283e-03
4.271993966306776123e+11 4.625724808934810091e-03
4.361537789208005371e+11 4.527862402873091344e-03
4.452958509942659912e+11 4.431966706215260607e-03
4.546295469532408447e+11 4.337976669721692498e-03
4.641588833612791138e+11 4.245883752402132560e-03
4.738879609717650757e+11 4.155672968441468523e-03
4.838209664925957031e+11 4.067280208029728367e-03
4.939621743878305664e+11 3.980648950483049731e-03
5.043159487171348267e+11 3.895771291727953990e-03
5.148867450137487183e+11 3.812633354969752978e-03
5.256791122018419189e+11 3.731175788139578543e-03
5.366976945540476074e+11 3.651346271003921319e-03
5.479472336900292969e+11 3.573137483334348340e-03
5.594325706169388428e+11 3.496536571269915229e-03
5.711586478126446533e+11 3.421488596537125993e-03
5.831305113526218262e+11 3.347945134755815188e-03
5.953533130814368896e+11 3.275899401022369477e-03
6.078323128297211914e+11 3.205339485128396847e-03
6.205728806776488037e+11 3.136214543202169459e-03
6.335804992658240967e+11 3.068479763934198277e-03
6.468607661546320801e+11 3.002128853398680890e-03
6.604193962330305176e+11 2.937150772037885361e-03
6.742622241778348389e+11 2.873498473779317365e-03
6.883952069645510254e+11 2.811130497864266099e-03
7.028244264308366699e+11 2.750041000819402649e-03
7.175560918936921387e+11 2.690219746513571649e-03
7.325965428215229492e+11 2.631623211245762671e-03
7.479522515621828613e+11 2.574213041103771971e-03
7.636298261282225342e+11 2.517983806039363840e-03
7.796360130405220947e+11 2.462926011444260734e-03
7.959777002314978027e+11 2.408999400231775015e-03
8.126619200091945801e+11 2.356168499101455108e-03
8.296958520834915771e+11 2.304428257603500455e-03
8.470868266557419434e+11 2.253769865653973935e-03
8.648423275731743164e+11 2.204156095290351648e-03
8.829699955494082031e+11 2.155554143811886508e-03
9.014776314524916992e+11 2.107959309471362560e-03
9.203731996618229980e+11 2.061363414224565323e-03
9.396648314954670410e+11 2.015732038713885944e-03
9.593608287093126221e+11 1.971034855890607933e-03
9.794696670695385742e+11 1.927267484491707256e-03
1.000000000000000000e+12 1.884422330188917404e-03
1.020960662306047485e+12 1.842467577472924273e-03
1.042360673976403198e+12 1.801375193987713287e-03
1.064209244064726929e+12 1.761141093188084341e-03
1.086515774652537354e+12 1.721758219965962428e-03
1.109289864895222656e+12 1.683197172545964054e-03
1.132541315152812744e+12 1.645432045297442070e-03
1.156280131207372803e+12 1.608459022866402365e-03
1.180516528568802979e+12 1.572271548394796889e-03
1.205260936870841309e+12 1.536842457329332676e-03
1.230524004359261719e+12 1.502147814859440891e-03
1.256316602474121338e+12 1.468184055344413062e-03
1.282649830528062500e+12 1.434945082453099006e-03
1.309535020482670410e+12 1.402405804975586636e-03
1.336983741824945068e+12 1.370544114219404133e-03
1.365007806546013672e+12 1.339356674652032470e-03
1.393619274224143311e+12 1.308837815732004925e-03
1.422830457214348877e+12 1.278964367453168426e-03
1.452653925946778320e+12 1.249715912941067129e-03
1.483102514336102783e+12 1.221089328874516234e-03
1.514189325304351807e+12 1.193079338517627442e-03
1.545927736419478516e+12 1.165664551829964602e-03
1.578331405652119873e+12 1.138826119116002769e-03
1.611414277253023193e+12 1.112561112930457495e-03
1.645190587753660889e+12 1.086864620890748857e-03
1.679674872092653076e+12 1.061716901812121598e-03
1.714881969870540771e+12 1.037100557510170192e-03
1.750827031735719727e+12 1.013012841506192837e-03
1.787525525904231689e+12 9.894491786488800785e-04
1.824993244816150391e+12 9.663913549075233301e-04
1.863246311931559814e+12 9.438233162722583754e-04
1.902301188668945801e+12 9.217424836237866599e-04
1.942174681489028320e+12 9.001445940636437293e-04
1.982883949127075439e+12 8.790128477538215485e-04
2.024446509976801758e+12 8.583324352601605497e-04
2.066880249629082031e+12 8.381009324018742854e-04
2.110203428568596680e+12 8.183143655288254142e-04
2.154434690031877930e+12 7.989572441537207744e-04
2.199593068030070312e+12 7.800159110033252994e-04
2.245697995539771484e+12 7.614880854977130195e-04
2.292769312865648926e+12 7.433700620468170449e-04
2.340827276178293945e+12 7.256475622137509773e-04
2.389892566231052246e+12 7.083079951442541444e-04
2.439986297259555176e+12 6.913492135088708046e-04
2.491130026067796387e+12 6.747677602599391495e-04
2.543345761304647949e+12 6.585504787173300338e-04
2.596655972934872070e+12 6.426857649001664705e-04
2.651083601908530762e+12 6.271715952789640777e-04
2.706652070033235840e+12 6.120047433671558937e-04
2.763385290053166992e+12 5.971730904567926603e-04
2.821307675939470703e+12 5.826659456491764836e-04
2.880444153396297852e+12 5.684814005841317503e-04
2.940820170587066406e+12 5.546164427685480259e-04
3.002461709085555176e+12 5.410599137277391805e-04
3.065395295056536133e+12 5.278019671976498213e-04
3.129648010670750488e+12 5.148408021036827596e-04
3.195247505759213867e+12 5.021736046780723344e-04
3.262222009711660156e+12 4.897901045568680851e-04
3.330600343624582031e+12 4.776812366263728836e-04
3.400411932703702637e+12 4.658452998923770950e-04
3.471686818926559082e+12 4.542796652398018624e-04
3.544455673970435547e+12 4.429748835115678929e-04
3.618749812411284180e+12 4.319226118674966133e-04
3.694601205199310059e+12 4.211212428077596793e-04
3.772042493417008789e+12 4.105683188973048201e-04
3.851107002325568848e+12 4.002551501281684915e-04
3.931828755705770020e+12 3.901740613374782502e-04
4.014242490499309570e+12 3.803235324964018014e-04
4.098383671757252930e+12 3.707012658877142713e-04
4.184288507901576172e+12 3.612992730981477588e-04
4.271993966306776855e+12 3.521104960202793631e-04
4.361537789208005859e+12 3.431334965843024559e-04
4.452958509942660156e+12 3.343661257579445345e-04
4.546295469532409180e+12 3.258010433505148214e-04
4.641588833612791016e+12 3.174317613790433260e-04
4.738879609717650391e+12 3.092569186854273139e-04
4.838209664925957031e+12 3.012745047433469745e-04
4.939621743878305664e+12 2.934777780980132086e-04
5.043159487171347656e+12 2.858607773872006504e-04
5.148867450137486328e+12 2.784222137387927357e-04
5.256791122018418945e+12 2.711602057384385461e-04
5.366976945540475586e+12 2.640685647897427586e-04
5.479472336900291992e+12 2.571418158300594432e-04
5.594325706169388672e+12 2.503787380308163590e-04
5.711586478126446289e+12 2.437775704172771949e-04
5.831305113526218750e+12 2.373326347266187144e-04
5.953533130814370117e+12 2.310389048303626873e-04
6.078323128297210938e+12 2.248952240486906998e-04
6.205728806776487305e+12 2.188999438370730515e-04
6.335804992658241211e+12 2.130478568557555468e-04
6.468607661546321289e+12 2.073343512894484215e-04
6.604193962330305664e+12 2.017583310273737948e-04
6.742622241778348633e+12 1.963182525547229435e-04
6.883952069645509766e+12 1.910093429370128125e-04
7.028244264308366211e+12 1.858273725994798967e-04
7.175560918936920898e+12 1.807713027060992082e-04
7.325965428215229492e+12 1.758396879308018503e-04
7.479522515621797852e+12 1.710281559134168780e-04
7.636298261282225586e+12 1.663328296133138298e-04
7.796360130405220703e+12 1.617527244334614396e-04
7.959777002314977539e+12 1.572864869092627444e-04
8.126619200091945312e+12 1.529301139195457678e-04
8.296958520834915039e+12 1.486800534484400567e-04
8.470868266557419922e+12 1.445353723359010139e-04
8.648423275731745117e+12 1.404948031234802498e-04
8.829699955494082031e+12 1.365546829115166097e-04
9.014776314524917969e+12 1.327117592393957022e-04
9.203731996618228516e+12 1.289651477936766934e-04
9.396648314954669922e+12 1.253136617000171513e-04
9.593608287093126953e+12 1.217539514155150136e-04
9.794696670695386719e+12 1.182830404592448198e-04
1.000000000000000000e+13 1.149000909650601247e-04
1.020960662306047461e+13 1.116039916183906802e-04
1.042360673976403125e+13 1.083916813676233333e-04
1.064209244064726758e+13 1.052604378942210923e-04
1.086515774652537305e+13 1.022094675525442038e-04
1.109289864895222656e+13 9.923772992860169109e-05
1.132541315152812695e+13 9.634242945314815305e-05
1.156280131207373047e+13 9.352107778488332628e-05
1.180516528568803125e+13 9.077292342746279589e-05
1.205260936870841211e+13 8.809699254318923063e-05
1.230524004359261523e+13 8.549073376016532225e-05
1.256316602474121484e+13 8.295187404421466241e-05
1.282649830528062695e+13 8.047970211721258195e-05
1.309535020482670312e+13 7.807330670100366059e-05
1.336983741824945312e+13 7.573036093677532206e-05
1.365007806546013672e+13 7.344878983360945079e-05
1.393619274224143359e+13 7.122792052689856353e-05
1.422830457214349023e+13 6.906690056328581499e-05
1.452653925946778320e+13 6.696360939885618170e-05
1.483102514336102734e+13 6.491615412712271264e-05
1.514189325304351953e+13 6.292389860573872266e-05
1.545927736419478516e+13 6.098604572996697490e-05
1.578331405652119727e+13 5.910066445210246307e-05
1.611414277253023242e+13 5.726602920220003539e-05
1.645190587753660742e+13 5.548153897079971211e-05
1.679674872092653125e+13 5.374644876270131253e-05
1.714881969870541016e+13 5.205900148805606115e-05
1.750827031735719922e+13 5.041762528902310329e-05
1.787525525904231641e+13 4.882175279103999967e-05
1.824993244816150391e+13 4.727068808659387405e-05
1.863246311931559766e+13 4.576283369351300141e-05
1.902301188668945703e+13 4.429675888375119287e-05
1.942174681489028516e+13 4.287192850147053042e-05
1.982883949127075391e+13 4.148769290411084246e-05
2.024446509976801562e+13 4.014260096939688960e-05
2.066880249629082031e+13 3.883535148327817529e-05
2.110203428568596484e+13 3.756544016565220123e-05
2.154434690031877734e+13 3.633226099851605696e-05
2.199593068030070312e+13 3.513449699433927095e-05
2.245697995539771484e+13 3.397096573340883209e-05
2.292769312865648828e+13 3.284119253365910666e-05
2.340827276178294141e+13 3.174461252820563994e-05
2.389892566231052344e+13 3.068003158748718761e-05
2.439986297259555078e+13 2.964637619712370194e-05
2.491130026067785938e+13 2.864320005357544086e-05
2.543345761304648438e+13 2.766997712043380898e-05
2.596655972934872656e+13 2.672562572851831526e-05
2.651083601908530859e+13 2.580917214949611464e-05
2.706652070033235938e+13 2.492019729058628485e-05
2.763385290053166797e+13 2.405821176507927351e-05
2.821307675939470703e+13 2.322223678158895694e-05
2.880444153396297656e+13 2.241138999173689840e-05
2.940820170587066797e+13 2.162527839186416116e-05
3.002461709085555078e+13 2.086344719228612444e-05
3.065395295056535938e+13 2.012501165205966917e-05
3.129648010670750391e+13 1.940917305719670267e-05
3.195247505759213672e+13 1.871556341252963600e-05
3.262222009711659766e+13 1.804376058996409122e-05
3.330600343624581641e+13 1.739296577118059652e-05
3.400411932703702734e+13 1.676245674246837366e-05
3.471686818926559766e+13 1.615188947283830790e-05
3.544455673970435938e+13 1.556087266757935996e-05
3.618749812411284375e+13 1.498868595075668695e-05
3.694601205199309375e+13 1.443467704053978083e-05
3.772042493417008594e+13 1.389852485797138147e-05
3.851107002325568750e+13 1.337986721158604194e-05
3.931828755705770312e+13 1.287805528682909131e-05
4.014242490499309375e+13 1.239250068855563106e-05
4.098383671757252344e+13 1.192290430622481268e-05
4.184288507901575781e+13 1.146893141131654057e-05
4.271993966306776562e+13 1.102999842404525492e-05
4.361537789208005469e+13 1.060557527452201331e-05
4.452958509942659375e+13 1.019538386245383173e-05
4.546295469532408594e+13 9.799115364336390829e-06
4.641588833612791406e+13 9.416245621047651478e-06
4.738879609717650781e+13 9.046297773434988233e-06
4.838209664925957031e+13 8.689013795882795854e-06
4.939621743878305469e+13 8.344109287400911486e-06
5.043159487171348438e+13 8.011114168911714063e-06
5.148867450137487500e+13 7.689600090123428097e-06
5.256791122018419531e+13 7.379328184747012306e-06
5.366976945540475781e+13 7.080037061092163591e-06
5.479472336900292188e+13 6.791305816735672274e-06
5.594325706169388281e+13 6.512750289159035642e-06
5.711586478126446875e+13 6.244149874231671490e-06
5.831305113526218750e+13 5.985264839993569792e-06
5.953533130814369531e+13 5.735718960665543589e-06
6.078323128297210938e+13 5.495168291502425838e-06
6.205728806776487500e+13 5.263409609836232322e-06
6.335804992658241406e+13 5.040223552520081120e-06
6.468607661546320312e+13 4.825274442425551498e-06
6.604193962330304688e+13 4.618254906216140792e-06
6.742622241778349219e+13 4.418978237227443697e-06
6.883952069645510938e+13 4.227244204513136579e-06
7.028244264308367188e+13 4.042753894503635100e-06
7.175560918936920312e+13 3.865233157038958182e-06
7.325965428215229688e+13 3.694510950302250649e-06
7.479522515621796875e+13 3.530404989380445590e-06
7.636298261282225000e+13 3.372649654998213536e-06
7.796360130405220312e+13 3.221000946401092117e-06
7.959777002314978125e+13 3.075302649107429814e-06
8.126619200091945312e+13 2.935389285118049158e-06
8.296958520834914062e+13 2.801025350863098412e-06
8.470868266557418750e+13 2.671994173732303959e-06
8.648423275731743750e+13 2.548153542359019833e-06
8.829699955494082812e+13 2.429353690683202717e-06
9.014776314524917188e+13 2.315386319645737179e-06
9.203731996618229688e+13 2.206059495744545418e-06
9.396648314954671875e+13 2.101244199762163448e-06
9.593608287093126562e+13 2.000805324331294292e-06
9.794696670695385938e+13 1.904559109610940671e-06
1.000000000000000000e+14 1.812335985745310202e-06
1.020960662306047656e+14 1.724019328281934016e-06
1.042360673976403281e+14 1.639487675106913566e-06
1.064209244064726875e+14 1.558579366376858194e-06
1.086515774652537188e+14 1.481145016779492364e-06
1.109289864895222656e+14 1.407079613348105021e-06
1.132541315152812656e+14 1.336274363999015948e-06
1.156280131207372969e+14 1.268587477414373824e-06
1.180516528568803125e+14 1.203887754265702663e-06
1.205260936870841250e+14 1.142081024729779476e-06
1.230524004359261562e+14 1.083070228624443756e-06
1.256316602474121406e+14 1.026731402662299548e-06
1.282649830528062500e+14 9.729497010306310550e-07
1.309535020482670312e+14 9.216410447220976139e-07
1.336983741824945156e+14 8.727192036320634129e-07
1.365007806546013906e+14 8.260761775556674820e-07
1.393619274224143594e+14 7.816117945752258632e-07
1.422830457214349062e+14 7.392513314540169815e-07
1.452653925946778125e+14 6.989185221789581032e-07
1.483102514336102812e+14 6.605196261178446312e-07
1.514189325304351875e+14 6.239676064181678769e-07
1.545927736419478438e+14 5.891963793257426158e-07
1.578331405652119688e+14 5.561388126150207042e-07
1.611414277253023125e+14 5.247138702828996350e-07
1.645190587753660625e+14 4.948462415446795970e-07
1.679674872092653125e+14 4.664777862227902002e-07
1.714881969870540938e+14 4.395497113454667806e-07
1.750827031735719688e+14 4.139922674265821320e-07
1.787525525904231875e+14 3.897405806398166938e-07
1.824993244816150312e+14 3.667437805967441488e-07
1.863246311931559688e+14 3.449506551161856785e-07
1.902301188668945625e+14 3.243014492951095355e-07
1.942174681489028438e+14 3.047405480752798319e-07
1.982883949127075312e+14 2.862237010505425717e-07
2.024446509976801875e+14 2.687065549580017497e-07
2.066880249629082188e+14 2.521381741021336712e-07
2.110203428568596562e+14 2.364711268491635072e-07
2.154434690031877812e+14 2.216671588427255859e-07
2.199593068030070312e+14 2.076880910694059186e-07
2.245697995539771562e+14 1.944907394724058626e-07
2.292769312865648750e+14 1.820348760287039104e-07
2.340827276178294375e+14 1.702876462282750705e-07
2.389892566231052500e+14 1.592163985024336356e-07
2.439986297259555000e+14 1.487847327309103674e-07
2.491130026067785938e+14 1.389587336017578067e-07
2.543345761304648125e+14 1.297103797547001751e-07
2.596655972934872500e+14 1.210119387822449972e-07
2.651083601908530625e+14 1.128329194475365009e-07
2.706652070033235938e+14 1.051449111655846057e-07
2.763385290053167188e+14 9.792419018703295955e-08
2.821307675939470625e+14 9.114737410374636451e-08
2.880444153396298125e+14 8.478909157973149601e-08
2.940820170587066250e+14 7.882570622371134026e-08
3.002461709085555000e+14 7.323728898632715322e-08
3.065395295056535625e+14 6.800427790755293877e-08
3.129648010670750625e+14 6.310571261632615685e-08
3.195247505759213750e+14 5.852207281913930129e-08
3.262222009711659375e+14 5.423675511581444019e-08
3.330600343624581250e+14 5.023352836752845620e-08
3.400411932703702500e+14 4.649520871495123576e-08
3.471686818926559375e+14 4.300580165285804986e-08
3.544455673970435625e+14 3.975159518291636541e-08
3.618749812411283750e+14 3.671923937370091043e-08
3.694601205199310000e+14 3.389476172169069918e-08
3.772042493417008750e+14 3.126516661654629154e-08
3.851107002325568750e+14 2.881923461864938597e-08
3.931828755705770000e+14 2.654608721033053586e-08
4.014242490499310000e+14 2.443446249244625528e-08
4.098383671757253125e+14 2.247389610728125229e-08
4.184288507901576250e+14 2.065529796017588343e-08
4.271993966306776875e+14 1.896989047036063002e-08
4.361537789208005625e+14 1.740868133747520910e-08
4.452958509942660000e+14 1.596332505177723787e-08
4.546295469532408750e+14 1.462653311040932614e-08
4.641588833612791250e+14 1.339129687346504447e-08
4.738879609717650625e+14 1.225050789602839845e-08
4.838209664925956875e+14 1.119757843110703851e-08
4.939621743878305000e+14 1.022672869368916190e-08
5.043159487171348125e+14 9.332424282730138105e-09
5.148867450137486875e+14 8.509105768803062799e-09
5.256791122018418750e+14 7.751629537753957370e-09
5.366976945540476250e+14 7.055465536304281744e-09
5.479472336900293125e+14 6.416294661382608876e-09
5.594325706169389375e+14 5.829818299873378409e-09
5.711586478126446250e+14 5.292066965448207744e-09
5.831305113526218750e+14 4.799533858720872819e-09
5.953533130814370000e+14 4.348890136646831136e-09
6.078323128297211250e+14 3.936852261159401827e-09
6.205728806776487500e+14 3.560394685090501862e-09
6.335804992658241250e+14 3.216838154083138926e-09
6.468607661546320000e+14 2.903650793578306817e-09
6.604193962330305000e+14 2.618356745447309414e-09
6.742622241778348750e+14 2.358680242996109597e-09
6.883952069645510000e+14 2.122602582940464130e-09
7.028244264308366250e+14 1.908224905121950085e-09
7.175560918936921250e+14 1.713705952983278186e-09
7.325965428215230000e+14 1.537357866472340189e-09
7.479522515621797500e+14 1.377681906145155096e-09
7.636298261282225000e+14 1.233275007133488312e-09
7.796360130405220000e+14 1.102787828510132868e-09
7.959777002314977500e+14 9.849871530751091180e-10
8.126619200091946250e+14 8.787775309526376460e-10
8.296958520834916250e+14 7.831384778919972084e-10
8.470868266557420000e+14 6.970964856125128281e-10
8.648423275731745000e+14 6.197647572899987826e-10
8.829699955494082500e+14 5.503557653994527601e-10
9.014776314524917500e+14 4.881396077204379368e-10
9.203731996618230000e+14 4.324255099856242529e-10
9.396648314954671250e+14 3.825864932123868217e-10
9.593608287093126250e+14 3.380662498789391145e-10
9.794696670695385000e+14 2.983519025644919172e-10
1.000000000000000000e+15 2.629618874457786952e-10
1.020960662306047500e+15 2.314608297289056120e-10
1.042360673976403250e+15 2.034630003015568229e-10
1.064209244064722375e+15 1.786147386464457321e-10
1.086515774652537375e+15 1.565865804659269952e-10
1.109289864895222875e+15 1.370819301696418150e-10
1.132541315152812750e+15 1.198385579791870286e-10
1.156280131207377750e+15 1.046174140949706770e-10
1.180516528568803000e+15 9.119755236653038689e-11
1.205260936870841250e+15 7.938098539485335490e-11
1.230524004359261500e+15 6.899313215334635847e-11
1.256316602474121500e+15 5.987579764107284716e-11
1.282649830528062500e+15 5.188392313181476777e-11
1.309535020482665000e+15 4.488816929979423818e-11
1.336983741824945250e+15 3.877485771992765511e-11
1.365007806546013750e+15 3.344162605891410187e-11
1.393619274224143500e+15 2.879536285789545856e-11
1.422830457214354750e+15 2.475349118609517232e-11
1.452653925946778250e+15 2.124371066614530917e-11
1.483102514336102750e+15 1.820134641574390725e-11
1.514189325304352000e+15 1.556804704479707555e-11
1.545927736419478500e+15 1.329236074210131468e-11
1.578331405652119500e+15 1.132943748955044342e-11
1.611414277253016750e+15 9.639434832725174856e-12
1.645190587753660750e+15 8.186704633071905982e-12
1.679674872092653250e+15 6.940007956713516253e-12
1.714881969870541000e+15 5.872250242009664583e-12
1.750827031735726750e+15 4.959537004599541001e-12
1.787525525904231750e+15 4.180671561510621598e-12
1.824993244816150500e+15 3.517201915129412379e-12
1.863246311931559750e+15 2.953213535459601618e-12
1.902301188668945750e+15 2.474778938782941656e-12
1.942174681489028250e+15 2.069651737028849923e-12
1.982883949127067250e+15 1.727246821930659622e-12
2.024446509976801750e+15 1.438491293404399863e-12
2.066880249629082000e+15 1.195509139824899082e-12
2.110203428568596500e+15 9.914380002678329648e-13
2.154434690031886500e+15 8.203913792846115850e-13
2.199593068030070500e+15 6.773581215997686565e-13
2.245697995539771750e+15 5.580251867455023755e-13
2.292769312865648500e+15 4.586701150904508562e-13
2.340827276178294500e+15 3.761256669065183041e-13
2.389892566231052500e+15 3.077156671247395374e-13
2.439986297259545000e+15 2.511574893891464513e-13
2.491130026067786000e+15 2.045004444505478544e-13
2.543345761304648500e+15 1.660991573809422823e-13
2.596655972934872000e+15 1.345746282655001884e-13
2.651083601908541500e+15 1.087618395443041028e-13
2.706652070033235500e+15 8.767542059375060228e-14
2.763385290053167000e+15 7.049190527282343151e-14
2.821307675939470500e+15 5.652720313421430027e-14
2.880444153396297500e+15 4.520919561229454579e-14
2.940820170587066500e+15 3.605919425124331237e-14
3.002461709085543000e+15 2.868110705070915921e-14
3.065395295056523500e+15 2.274900526470102735e-14
3.129648010670750500e+15 1.799321572493407501e-14
3.195247505759214000e+15 1.419065449061245695e-14
3.262222009711673500e+15 1.115867191349962126e-14
3.330600343624582000e+15 8.748509869791634089e-15
3.400411932703702500e+15 6.838477707686219157e-15
3.471686818926559500e+15 5.329105380267675863e-15
3.544455673970435500e+15 4.139865784504395698e-15
3.618749812411284000e+15 3.205895493044128161e-15
3.694601205199294500e+15 2.474769795898727749e-15
3.772042493416993500e+15 1.904173875279251267e-15
3.851107002325568500e+15 1.460261281374394444e-15
3.931828755705770000e+15 1.116091242458155200e-15
4.014242490499326000e+15 8.501665655536951535e-16
4.098383671757253000e+15 6.453653877685860511e-16
4.184288507901576000e+15 4.881672183035819475e-16
4.271993966306776500e+15 3.679464919158963577e-16
4.361537789208006000e+15 2.763392577442289256e-16
4.452958509942660000e+15 2.067771349023038935e-16
4.546295469532390000e+15 1.541439305388233146e-16
4.641588833612773000e+15 1.144734765047729137e-16
4.738879609717651000e+15 8.468865018571784789e-17
4.838209664925957000e+15 6.240874549819745430e-17
4.939621743878326000e+15 4.580632551877755668e-17
5.043159487171349000e+15 3.348531309705335985e-17
5.148867450137487000e+15 2.437912086783491003e-17
5.256791122018419000e+15 1.767552051331234638e-17
5.366976945540476000e+15 1.276069887122274427e-17
5.479472336900292000e+15 9.173021588328285566e-18
5.594325706169389000e+15 6.565537738642421246e-18
5.711586478126423000e+15 4.678443695731506084e-18
5.831305113526218000e+15 3.318645602479105528e-18
5.953533130814370000e+15 2.343336678310217833e-18
6.078323128297236000e+15 1.647044353585117219e-18
6.205728806776513000e+15 1.152188050775500748e-18
6.335804992658241000e+15 8.021238740087589558e-19
6.468607661546321000e+15 5.557042361746654820e-19
6.604193962330306000e+15 3.830987008149113959e-19
6.742622241778349000e+15 2.627787498351665248e-19
6.883952069645510000e+15 1.793214062202894289e-19
7.028244264308338000e+15 1.217358793094765477e-19
7.175560918936921000e+15 8.221064428567808518e-20
7.325965428215230000e+15 5.522114349994305676e-20
7.479522515621829000e+15 3.688904165763435464e-20
7.636298261282257000e+15 2.450665879336327890e-20
7.796360130405221000e+15 1.618980988125154048e-20
7.959777002314978000e+15 1.063437581729285774e-20
8.126619200091945000e+15 6.944458810574693058e-21
8.296958520834915000e+15 4.508154401749926319e-21
8.470868266557420000e+15 2.909154834322495738e-21
8.648423275731709000e+15 1.865867697700452681e-21
8.829699955494083000e+15 1.189271230294296980e-21
9.014776314524918000e+15 7.532556175137657325e-22
9.203731996618230000e+15 4.740632575687518524e-22
9.396648314954710000e+15 2.964130252665641450e-22
9.593608287093126000e+15 1.841033823103633938e-22
9.794696670695384000e+15 1.135801407734690304e-22
