1.020960662306047603e+07 1.514437822556181743e+02
1.042360673976401053e+07 1.486140489604720756e+02
1.064209244064724632e+07 1.458371784312421084e+02
1.086515774652537145e+07 1.431128163941816922e+02
1.109289864895222709e+07 1.404398180452525935e+02
1.132541315152812563e+07 1.378165955238030165e+02
1.156280131207375228e+07 1.352423610818416932e+02
1.180516528568805568e+07 1.327167893211016576e+02
1.205260936870841496e+07 1.302388189507074685e+02
1.230524004359261692e+07 1.278069761602977508e+02
1.256316602474121563e+07 1.254205318048927467e+02
1.282649830528059974e+07 1.230791870546847804e+02
1.309535020482667536e+07 1.207819580112239350e+02
1.336983741824945062e+07 1.185274766698263704e+02
1.365007806546013802e+07 1.163150681210427422e+02
1.393619274224143475e+07 1.141444579774804851e+02
1.422830457214351930e+07 1.120147340642547533e+02
1.452653925946781226e+07 1.099246265347357081e+02
1.483102514336102828e+07 1.078735106751440043e+02
1.514189325304351933e+07 1.058611345826736141e+02
1.545927736419478431e+07 1.038866525530151108e+02
1.578331405652116425e+07 1.019488858079547384e+02
1.611414277253019996e+07 1.000472560898364947e+02
1.645190587753660791e+07 9.818153217696533375e+01
1.679674872092653066e+07 9.635092996902822904e+01
1.714881969870540872e+07 9.455435518135166717e+01
1.750827031735723466e+07 9.279127255277050779e+01
1.787525525904235244e+07 9.106146988142570819e+01
1.824993244816150516e+07 8.936422016204002716e+01
1.863246311931559816e+07 8.769850750646155291e+01
1.902301188668945804e+07 8.606383644778586017e+01
1.942174681489024311e+07 8.446001227482381069e+01
1.982883949127071351e+07 8.288636090040948545e+01
2.024446509976801649e+07 8.134193917790146600e+01
2.066880249629081786e+07 7.982628847089530666e+01
2.110203428568596393e+07 7.833923015158805470e+01
2.154434690031882003e+07 7.688013918021047743e+01
2.199593068030074611e+07 7.544813990687642047e+01
2.245697995539776236e+07 7.404280778407068908e+01
2.292769312865648791e+07 7.266397897025694874e+01
2.340827276178294048e+07 7.131107388758302079e+01
2.389892566231048107e+07 6.998327951857801565e+01
2.439986297259550542e+07 6.868020286692593857e+01
2.491130026067791134e+07 6.740169368407826767e+01
2.543345761304648221e+07 6.614721453122888306e+01
2.596655972934872285e+07 6.491601051171662107e+01
2.651083601908536255e+07 6.370771783227741736e+01
2.706652070033241063e+07 6.252219873877524492e+01
2.763385290053172782e+07 6.135895485185407239e+01
2.821307675939470530e+07 6.021728521171674231e+01
2.880444153396297619e+07 5.909685305488245177e+01
2.940820170587060601e+07 5.799753210982063223e+01
3.002461709085549042e+07 5.691886020440842486e+01
3.065395295056529716e+07 5.586018643392520033e+01
3.129648010670750216e+07 5.482119905323520470e+01
3.195247505759213492e+07 5.380178234308896634e+01
3.262222009711666778e+07 5.280150769455401871e+01
3.330600343624588847e+07 5.181977065780035474e+01
3.400411932703709602e+07 5.085628264477718830e+01
3.471686818926559389e+07 4.991093763122674432e+01
3.544455673970435560e+07 4.898333812223475547e+01
3.618749812411276251e+07 4.807292278309993350e+01
3.694601205199302733e+07 4.717942445981238819e+01
3.772042493417001516e+07 4.630274603546624945e+01
3.851107002325568348e+07 4.544251885854507833e+01
3.931828755705770105e+07 4.459822161112517591e+01
4.014242490499317646e+07 4.376960697960491586e+01
4.098383671757261455e+07 4.295658602830545902e+01
4.184288507901584357e+07 4.215881684550114983e+01
4.271993966306776553e+07 4.137581525631271262e+01
4.361537789208005369e+07 4.060735231180480298e+01
4.452958509942659736e+07 3.985334659004250568e+01
4.546295469532398880e+07 3.911348096964024279e+01
4.641588833612781763e+07 3.838730575227466346e+01
4.738879609717650712e+07 3.767460898804629466e+01
4.838209664925957471e+07 3.697531615494321500e+01
4.939621743878325820e+07 3.628913311482198623e+01
5.043159487171358615e+07 3.561564217237581431e+01
5.148867450137497485e+07 3.495464711289751136e+01
5.256791122018418461e+07 3.430607974918627434e+01
5.366976945540475845e+07 3.366966725207159783e+01
5.479472336900292337e+07 3.304502163418897709e+01
5.594325706169377267e+07 3.243196124622477328e+01
5.711586478126434237e+07 3.183042371608629750e+01
5.831305113526218385e+07 3.124015597175674230e+01
5.953533130814369768e+07 3.066079760443545155e+01
6.078323128297235817e+07 3.009218044754091892e+01
6.205728806776500493e+07 2.953424746626632214e+01
6.335804992658253759e+07 2.898676390717562512e+01
6.468607661546321213e+07 2.844939496444141014e+01
6.604193962330305576e+07 2.792198495228994304e+01
6.742622241778348386e+07 2.740448173350081618e+01
6.883952069645495713e+07 2.689666754011307503e+01
7.028244264308351278e+07 2.639823133609357697e+01
7.175560918936920166e+07 2.590902898896282736e+01
7.325965428215231001e+07 2.542901285505355702e+01
7.479522515621829033e+07 2.495798091609279723e+01
7.636298261282241344e+07 2.449564420491660854e+01
7.796360130405236781e+07 2.404186928384725874e+01
7.959777002314977348e+07 2.359661263104607087e+01
8.126619200091944635e+07 2.315968683284414809e+01
8.296958520834915340e+07 2.273082341227771153e+01
8.470868266557401419e+07 2.230989883196626522e+01
8.648423275731725991e+07 2.189687335041698191e+01
8.829699955494081974e+07 2.149157309675289795e+01
9.014776314524917305e+07 2.109374861950507807e+01
9.203731996618229151e+07 2.070328554619372596e+01
9.396648314954690635e+07 2.032014760159785283e+01
9.593608287093147635e+07 1.994417347351053138e+01
9.794696670695386827e+07 1.957513137670261472e+01
1.000000000000000000e+08 1.921291542291579191e+01
1.020960662306047529e+08 1.885749251445408703e+01
1.042360673976403177e+08 1.850871298565116163e+01
1.064209244064722359e+08 1.816636145597674101e+01
1.086515774652537256e+08 1.783033989125815566e+01
1.109289864895222783e+08 1.750061810621797065e+01
1.132541315152812600e+08 1.717705723601362422e+01
1.156280131207377762e+08 1.685945713402298551e+01
1.180516528568803072e+08 1.654772703698408520e+01
1.205260936870841384e+08 1.624183942827738747e+01
1.230524004359261543e+08 1.594166545999554074e+01
1.256316602474121451e+08 1.564701913278324241e+01
1.282649830528062433e+08 1.535781641445815104e+01
1.309535020482665002e+08 1.507403223312640606e+01
1.336983741824945360e+08 1.479554703109620384e+01
1.365007806546013653e+08 1.452218794775488497e+01
1.393619274224143326e+08 1.425387718225940326e+01
1.422830457214354575e+08 1.399059190178037859e+01
1.452653925946778059e+08 1.373222116506137347e+01
1.483102514336102903e+08 1.347860431415367799e+01
1.514189325304352045e+08 1.322966931702119275e+01
1.545927736419478357e+08 1.298539539094732653e+01
1.578331405652119517e+08 1.274567958650986910e+01
1.611414277253016531e+08 1.251037257943997894e+01
1.645190587753660679e+08 1.227940767837099934e+01
1.679674872092653215e+08 1.205276597725998755e+01
1.714881969870540798e+08 1.183035193934955842e+01
1.750827031735726893e+08 1.161202676750318830e+01
1.787525525904231668e+08 1.139772871468143656e+01
1.824993244816150367e+08 1.118744059217152476e+01
1.863246311931559741e+08 1.098107373902113082e+01
1.902301188668946028e+08 1.077849913646348945e+01
1.942174681489028633e+08 1.057965961485279394e+01
1.982883949127075374e+08 1.038453955661928418e+01
2.024446509976801872e+08 1.019305667876018262e+01
2.066880249629082084e+08 1.000509104579569986e+01
2.110203428568596542e+08 9.820589725873146492e+00
2.154434690031886399e+08 9.639538538342785401e+00
2.199593068030070364e+08 9.461861116517654935e+00
2.245697995539771616e+08 9.287445962937439958e+00
2.292769312865648568e+08 9.116244069166294040e+00
2.340827276178294122e+08 8.948242568256150165e+00
2.389892566231052577e+08 8.783370581860980408e+00
2.439986297259555161e+08 8.621524451416551216e+00
2.491130026067785919e+08 8.462658800894839572e+00
2.543345761304648221e+08 8.306761964029417911e+00
2.596655972934872508e+08 8.153768153909284777e+00
2.651083601908541918e+08 8.003580994688366701e+00
2.706652070033235550e+08 7.856158473287892186e+00
2.763385290053166747e+08 7.711490020439994986e+00
2.821307675939470530e+08 7.569514572681457665e+00
2.880444153396297693e+08 7.430142520424794839e+00
2.940820170587067008e+08 7.293334964117752506e+00
3.002461709085555673e+08 7.159082336403212565e+00
3.065395295056523085e+08 7.027327955994818964e+00
3.129648010670750141e+08 6.897988500025008740e+00
3.195247505759213567e+08 6.771027951608201256e+00
3.262222009711673260e+08 6.646437658087655187e+00
3.330600343624581695e+08 6.524165003844371036e+00
3.400411932703702450e+08 6.404132507498631277e+00
3.471686818926559091e+08 6.286306821068683881e+00
3.544455673970435262e+08 6.170680126648717234e+00
3.618749812411283851e+08 6.057203580793541597e+00
3.694601205199309587e+08 5.945805130129543592e+00
3.772042493416993618e+08 5.836453897734167562e+00
3.851107002325568795e+08 5.729142827129506621e+00
3.931828755705770254e+08 5.623826574871954698e+00
4.014242490499325991e+08 5.520438131652056768e+00
4.098383671757252812e+08 5.418948908382047236e+00
4.184288507901575565e+08 5.319352542874328904e+00
4.271993966306776404e+08 5.221606939248498058e+00
4.361537789208005667e+08 5.125649775680404474e+00
4.452958509942659736e+08 5.031454581323301589e+00
4.546295469532408714e+08 4.939015626745600684e+00
4.641588833612772226e+08 4.848293829513676378e+00
4.738879609717651010e+08 4.759231224129477411e+00
4.838209664925957322e+08 4.671803300981431484e+00
4.939621743878325820e+08 4.586004907044962664e+00
5.043159487171348333e+08 4.501799756164180266e+00
5.148867450137487054e+08 4.419133931614217303e+00
5.256791122018419504e+08 4.337984739675461832e+00
5.366976945540476441e+08 4.258347552097163202e+00
5.479472336900292635e+08 4.180188677602288294e+00
5.594325706169389486e+08 4.103457962579208917e+00
5.711586478126422167e+08 4.028134394631303294e+00
5.831305113526217937e+08 3.954213823024907093e+00
5.953533130814369917e+08 3.881664964545247898e+00
6.078323128297235966e+08 3.810441163380203111e+00
6.205728806776486635e+08 3.740522963843494253e+00
6.335804992658240795e+08 3.671906649486416985e+00
6.468607661546320915e+08 3.604563171873323757e+00
6.604193962330304384e+08 3.538449126525888833e+00
6.742622241778348684e+08 3.473546499127140752e+00
6.883952069645509720e+08 3.409851967934370176e+00
7.028244264308338165e+08 3.347338558553574650e+00
7.175560918936921358e+08 3.285965888902198095e+00
7.325965428215229511e+08 3.225717279241145707e+00
7.479522515621827841e+08 3.166589766350633717e+00
7.636298261282258034e+08 3.108558300753670789e+00
7.796360130405220985e+08 3.051585310095694226e+00
7.959777002314977646e+08 2.995655350343198187e+00
8.126619200091946125e+08 2.940765783699719638e+00
8.296958520834914446e+08 2.886893347280633737e+00
8.470868266557419300e+08 2.834003080888455983e+00
8.648423275731709003e+08 2.782080684658932324e+00
8.829699955494083166e+08 2.731123815952583911e+00
9.014776314524917603e+08 2.681110870164911564e+00
9.203731996618230343e+08 2.632009315702854568e+00
9.396648314954710007e+08 2.583805912105686886e+00
9.593608287093126774e+08 2.536498584259257338e+00
9.794696670695385933e+08 2.490067266781994082e+00
1.000000000000000000e+09 2.444481686148633148e+00
1.020960662306047559e+09 2.399729582835377517e+00
1.042360673976403356e+09 2.355809123994228038e+00
1.064209244064726830e+09 2.312701673016762438e+00
1.086515774652537346e+09 2.270379056001858853e+00
1.109289864895222664e+09 2.228829921706015238e+00
1.132541315152812481e+09 2.188052656486589864e+00
1.156280131207372904e+09 2.148029950038905955e+00
1.180516528568803072e+09 2.108735580855535918e+00
1.205260936870841503e+09 2.070159038700983167e+00
1.230524004359261513e+09 2.032298908095443668e+00
1.256316602474121332e+09 1.995139109955787582e+00
1.282649830528062582e+09 1.958655238366287854e+00
1.309535020482670307e+09 1.922837561819020991e+00
1.336983741824945211e+09 1.887684843784414701e+00
1.365007806546013832e+09 1.853182148188440737e+00
1.393619274224143505e+09 1.819306757580417599e+00
1.422830457214349031e+09 1.786049661509542918e+00
1.452653925946778297e+09 1.753409784886094114e+00
1.483102514336102724e+09 1.721373252784793140e+00
1.514189325304351807e+09 1.689918918082949029e+00
1.545927736419478655e+09 1.659038437988635151e+00
1.578331405652119875e+09 1.628730882888392406e+00
1.611414277253023148e+09 1.598983363050442641e+00
1.645190587753660679e+09 1.569776191886344652e+00
1.679674872092653036e+09 1.541101644825585204e+00
1.714881969870540857e+09 1.512958923183512772e+00
1.750827031735726833e+09 1.485336051938783042e+00
1.787525525904231787e+09 1.458214702997367773e+00
1.824993244816150427e+09 1.431587724231918823e+00
1.863246311931559801e+09 1.405454434638500727e+00
1.902301188668945789e+09 1.379803708498505532e+00
1.942174681489028454e+09 1.354618481375722494e+00
1.982883949127075434e+09 1.329892131198963323e+00
2.024446509976801872e+09 1.305624082584424750e+00
2.066880249629082203e+09 1.281803998420840918e+00
2.110203428568596601e+09 1.258415989775308441e+00
2.154434690031886578e+09 1.235453925387483443e+00
2.199593068030070305e+09 1.212917324524843465e+00
2.245697995539771557e+09 1.190796582349945121e+00
2.292769312865648746e+09 1.169076903496144126e+00
2.340827276178294182e+09 1.147752611171319659e+00
2.389892566231052876e+09 1.126823309322752653e+00
2.439986297259555340e+09 1.106280073106480577e+00
2.491130026067785740e+09 1.086109124551849936e+00
2.543345761304647923e+09 1.066305207687423984e+00
2.596655972934872150e+09 1.046868002078640503e+00
2.651083601908541679e+09 1.027789214354791980e+00
2.706652070033235550e+09 1.009056013129783214e+00
2.763385290053166866e+09 9.906635320968963931e-01
2.821307675939470768e+09 9.726115182118585389e-01
2.880444153396297932e+09 9.548922645393469466e-01
2.940820170587066650e+09 9.374938204534489783e-01
3.002461709085555077e+09 9.204116804599737911e-01
3.065395295056523800e+09 9.036456514372153137e-01
3.129648010670750618e+09 8.871885710877186471e-01
3.195247505759213448e+09 8.710293083410083348e-01
3.262222009711673260e+09 8.551636918017103683e-01
3.330600343624581814e+09 8.395915815030343676e-01
3.400411932703702450e+09 8.243063209830995275e-01
3.471686818926559448e+09 8.092975418233500084e-01
3.544455673970435619e+09 7.945613819916058640e-01
3.618749812411283970e+09 7.800977485424570590e-01
3.694601205199309826e+09 7.659004548327683626e-01
3.772042493416993618e+09 7.519598421867833560e-01
3.851107002325568676e+09 7.382723350292925701e-01
3.931828755705770016e+09 7.248378818851209937e-01
4.014242490499325752e+09 7.116507324979712834e-01
4.098383671757252693e+09 6.987018887326109651e-01
4.184288507901576042e+09 6.859880402624319862e-01
4.271993966306777000e+09 6.735091720623911371e-01
4.361537789208005905e+09 6.612599392235657403e-01
4.452958509942660332e+09 6.492319584025665336e-01
4.546295469532408714e+09 6.374221648810490803e-01
4.641588833612771988e+09 6.258305755454468544e-01
4.738879609717651367e+09 6.144522220230529408e-01
4.838209664925957680e+09 6.032792932141330944e-01
4.939621743878325462e+09 5.923089518228601413e-01
5.043159487171347618e+09 5.815412425525161577e-01
5.148867450137486458e+09 5.709715468156068008e-01
5.256791122018419266e+09 5.605925861869958116e-01
5.366976945540475845e+09 5.504017339531521724e-01
5.479472336900292397e+09 5.403990589420617496e-01
5.594325706169388771e+09 5.305802675156919834e-01
5.711586478126422882e+09 5.209385771214524175e-01
5.831305113526218414e+09 5.114715560339624378e-01
5.953533130814370155e+09 5.021792938808223861e-01
6.078323128297236443e+09 4.930577989153172025e-01
6.205728806776488304e+09 4.841007502256113870e-01
6.335804992658241272e+09 4.753058966356299431e-01
6.468607661546320915e+09 4.666733455818531939e-01
6.604193962330305099e+09 4.581993857974899220e-01
6.742622241778348923e+09 4.498781261724813518e-01
6.883952069645509720e+09 4.417074827087631439e-01
7.028244264308338165e+09 4.336875779641509721e-01
7.175560918936921120e+09 4.258149612725705135e-01
7.325965428215229988e+09 4.180841417072166388e-01
7.479522515621828079e+09 4.104931900664134936e-01
7.636298261282225609e+09 4.030422416196701163e-01
7.796360130405220985e+09 3.957280878411226221e-01
7.959777002314977646e+09 3.885456104345496042e-01
8.126619200091945648e+09 3.814930235287420923e-01
8.296958520834915161e+09 3.745704729473076644e-01
8.470868266557419777e+09 3.677749751625659091e-01
8.648423275731708527e+09 3.611017588749501628e-01
8.829699955494083405e+09 3.545491709267991065e-01
9.014776314524917603e+09 3.481173657672007593e-01
9.203731996618228912e+09 3.418035689476275341e-01
9.396648314954671860e+09 3.356033323157685544e-01
9.593608287093128204e+09 3.295151255963614800e-01
9.794696670695384979e+09 3.235391101432816829e-01
1.000000000000000000e+10 3.176727058026789785e-01
1.020960662306047440e+10 3.119117653804286960e-01
1.042360673976403236e+10 3.062548723793392935e-01
1.064209244064726830e+10 3.007021935255314027e-01
1.086515774652537155e+10 2.952513292302221815e-01
1.109289864895222664e+10 2.898984126098398950e-01
1.132541315152812576e+10 2.846421325151738957e-01
1.156280131207373047e+10 2.794826596834704691e-01
1.180516528568803024e+10 2.744177623388289744e-01
1.205260936870841217e+10 2.694438346952515162e-01
1.230524004359261703e+10 2.645596631446502367e-01
1.256316602474121475e+10 2.597654212297862975e-01
1.282649830528062630e+10 2.550590331435164670e-01
1.309535020482670403e+10 2.504371363175883491e-01
1.336983741824945259e+10 2.458986074558809354e-01
1.365007806546013641e+10 2.414436218416789459e-01
1.393619274224143410e+10 2.370702486354496763e-01
1.422830457214348984e+10 2.327753518462058469e-01
1.452653925946778107e+10 2.285578917960889578e-01
1.483102514336102867e+10 2.244180445708928717e-01
1.514189325304351997e+10 2.203540140794547075e-01
1.545927736419478416e+10 2.163628754216464223e-01
1.578331405652119637e+10 2.124436663386774782e-01
1.611414277253023148e+10 2.085965628955639695e-01
1.645190587753660774e+10 2.048198942574750991e-01
1.679674872092653275e+10 2.011109322000582955e-01
1.714881969870541000e+10 1.974687861437664227e-01
1.750827031735726929e+10 1.938936314134456496e-01
1.787525525904231644e+10 1.903839136121896203e-01
1.824993244816150284e+10 1.869370877741463877e-01
1.863246311931559753e+10 1.835523296834488394e-01
1.902301188668945694e+10 1.802298132991436985e-01
1.942174681489028549e+10 1.769680924703210534e-01
1.982883949127075195e+10 1.737647929994413087e-01
2.024446509976801682e+10 1.706191521120853649e-01
2.066880249629082108e+10 1.675313418603978366e-01
2.110203428568596649e+10 1.645000167288026005e-01
2.154434690031886673e+10 1.615229616602367468e-01
2.199593068030070114e+10 1.585994707640915047e-01
2.245697995539771652e+10 1.557297137203561832e-01
2.292769312865648651e+10 1.529124385776583495e-01
2.340827276178294373e+10 1.501455785942719945e-01
2.389892566231052399e+10 1.474284805427967804e-01
2.439986297259555435e+10 1.447613113340111279e-01
2.491130026067786026e+10 1.421429060110704912e-01
2.543345761304648209e+10 1.395713360686391402e-01
2.596655972934872437e+10 1.370459970343314571e-01
2.651083601908541489e+10 1.345670527139561923e-01
2.706652070033235550e+10 1.321334190407856546e-01
2.763385290053166962e+10 1.297432963612688839e-01
2.821307675939470673e+10 1.273961253390737403e-01
2.880444153396297836e+10 1.250920663942740318e-01
2.940820170587066650e+10 1.228301106779891155e-01
3.002461709085555267e+10 1.206085786497830409e-01
3.065395295056523514e+10 1.184269527581112980e-01
3.129648010670750427e+10 1.162853898058361368e-01
3.195247505759213638e+10 1.141829508910597035e-01
3.262222009711672974e+10 1.121180684484357343e-01
3.330600343624581909e+10 1.100902636082918135e-01
3.400411932703702927e+10 1.080996893685352567e-01
3.471686818926559448e+10 1.061454718760412447e-01
3.544455673970435333e+10 1.042261479618148412e-01
3.618749812411283875e+10 1.023412745646719857e-01
3.694601205199309540e+10 1.004910007290336638e-01
3.772042493416993713e+10 9.867451309844350871e-02
3.851107002325569153e+10 9.689044584178897745e-02
3.931828755705770111e+10 9.513838904575892819e-02
4.014242490499325562e+10 9.341848768739333120e-02
4.098383671757252502e+10 9.172998467645845921e-02
4.184288507901576233e+10 9.007160494521312954e-02
4.271993966306776428e+10 8.844296926454967012e-02
4.361537789208005524e+10 8.684421846131246125e-02
4.452958509942659760e+10 8.527464777945138741e-02
4.546295469532408905e+10 8.373306679068084901e-02
4.641588833612772369e+10 8.221912466881238502e-02
4.738879609717650604e+10 8.073295803494770495e-02
4.838209664925956726e+10 7.927391081263415740e-02
4.939621743878325653e+10 7.784087150819959944e-02
5.043159487171348572e+10 7.643351558615096852e-02
5.148867450137487030e+10 7.505197543035468932e-02
5.256791122018418884e+10 7.369564024700282767e-02
5.366976945540475464e+10 7.236347216239578939e-02
5.479472336900292206e+10 7.105517097588362474e-02
5.594325706169388580e+10 6.977086482384600719e-02
5.711586478126422882e+10 6.850998503742462831e-02
5.831305113526218414e+10 6.727156241144248427e-02
5.953533130814369965e+10 6.605531926913928153e-02
6.078323128297235870e+10 6.486137950766232563e-02
6.205728806776487732e+10 6.368921364779128735e-02
6.335804992658241272e+10 6.253791653934046013e-02
6.468607661546320343e+10 6.140723135266412669e-02
6.604193962330305481e+10 6.029727777017625939e-02
6.742622241778349304e+10 5.920756277342093671e-02
6.883952069645510864e+10 5.813724096845179073e-02
7.028244264308338928e+10 5.708607482009383366e-02
7.175560918936921692e+10 5.605417983456805614e-02
7.325965428215229797e+10 5.504109691730644377e-02
7.479522515621827698e+10 5.404603642454567508e-02
7.636298261282226562e+10 5.306877867814587674e-02
7.796360130405221558e+10 5.210943505878626314e-02
7.959777002314976501e+10 5.116757803708499308e-02
8.126619200091944885e+10 5.024246998618404902e-02
8.296958520834915161e+10 4.933390775403997952e-02
8.470868266557418823e+10 4.844199865681548395e-02
8.648423275731707764e+10 4.756634453725071959e-02
8.829699955494082642e+10 4.670625630602896067e-02
9.014776314524917603e+10 4.586154610489625444e-02
9.203731996618229675e+10 4.503231725534124347e-02
9.396648314954670715e+10 4.421819893310630772e-02
9.593608287093125916e+10 4.341854734335165444e-02
9.794696670695385742e+10 4.263318878070100626e-02
1.000000000000000000e+11 4.186222264928402687e-02
1.020960662306047516e+11 4.110530356169072447e-02
1.042360673976403351e+11 4.036182999463002602e-02
1.064209244064726715e+11 3.963164133927056521e-02
1.086515774652537231e+11 3.891483316587158320e-02
1.109289864895222778e+11 3.821108376063826750e-02
1.132541315152812653e+11 3.751983105377523775e-02
1.156280131207372894e+11 3.684092655510756709e-02
1.180516528568803101e+11 3.617446208955245324e-02
1.205260936870841370e+11 3.552013797713594184e-02
1.230524004359261475e+11 3.487742897444806589e-02
1.256316602474121399e+11 3.424619780457888868e-02
1.282649830528062439e+11 3.362653263970409590e-02
1.309535020482670288e+11 3.301815430866486545e-02
1.336983741824945221e+11 3.242057194507001749e-02
1.365007806546013794e+11 3.183365864708127824e-02
1.393619274224143372e+11 3.125749902989607282e-02
1.422830457214349060e+11 3.069183301282616197e-02
1.452653925946778259e+11 3.013620182267695222e-02
1.483102514336102905e+11 2.959048815672109256e-02
1.514189325304352112e+11 2.905477317134020840e-02
1.545927736419478455e+11 2.852881455708749028e-02
1.578331405652119751e+11 2.801218350435851975e-02
1.611414277253023071e+11 2.750477159118652412e-02
1.645190587753660583e+11 2.700665661498285672e-02
1.679674872092653198e+11 2.651761281045547300e-02
1.714881969870540771e+11 2.603723934561794073e-02
1.750827031735719604e+11 2.556543601428091367e-02
1.787525525904231873e+11 2.510227735579652342e-02
1.824993244816150513e+11 2.464755300758170523e-02
1.863246311931559753e+11 2.420088826310819521e-02
1.902301188668945618e+11 2.376219051638851776e-02
1.942174681489028320e+11 2.333153115015098450e-02
1.982883949127075500e+11 2.290871414267010506e-02
2.024446509976802063e+11 2.249338918540499943e-02
2.066880249629082031e+11 2.208547070273643789e-02
2.110203428568596497e+11 2.168502702224399045e-02
2.154434690031877747e+11 2.129187547521196183e-02
2.199593068030070190e+11 2.090568853975382363e-02
2.245697995539771729e+11 2.052638714316889004e-02
2.292769312865648804e+11 2.015403665897663732e-02
2.340827276178294067e+11 1.978846685242749773e-02
2.389892566231052551e+11 1.942937148519091953e-02
2.439986297259555054e+11 1.907667749923052519e-02
2.491130026067796021e+11 1.873044741438657096e-02
2.543345761304648132e+11 1.839052257478554844e-02
2.596655972934872437e+11 1.805661662337545645e-02
2.651083601908530884e+11 1.772866206488617896e-02
2.706652070033235779e+11 1.740671866479202162e-02
2.763385290053167114e+11 1.709063855046053307e-02
2.821307675939470825e+11 1.678015393783352863e-02
2.880444153396297607e+11 1.647520247613685693e-02
2.940820170587066650e+11 1.617584127447042885e-02
3.002461709085555420e+11 1.588193250309217000e-02
3.065395295056536255e+11 1.559322573023838587e-02
3.129648010670750732e+11 1.530966336250325771e-02
3.195247505759213257e+11 1.503129994904617989e-02
3.262222009711659546e+11 1.475800701407583432e-02
3.330600343624581909e+11 1.448955033904355053e-02
3.400411932703702393e+11 1.422587672962257951e-02
3.471686818926559448e+11 1.396703826972278510e-02
3.544455673970435181e+11 1.371291519636228494e-02
3.618749812411284180e+11 1.346328844121495900e-02
3.694601205199309692e+11 1.321810887743942592e-02
3.772042493417008667e+11 1.297742621647532055e-02
3.851107002325568848e+11 1.274112881145789133e-02
3.931828755705770264e+11 1.250901175220475205e-02
4.014242490499309692e+11 1.228102967250194709e-02
4.098383671757252808e+11 1.205723000204496353e-02
4.184288507901575928e+11 1.183750865472679888e-02
4.271993966306776123e+11 1.162167395255310487e-02
4.361537789208005371e+11 1.140968400595546682e-02
4.452958509942659912e+11 1.120158405145855497e-02
4.546295469532408447e+11 1.099727704680547070e-02
4.641588833612791138e+11 1.079658368185775277e-02
4.738879609717650757e+11 1.059946528091849915e-02
4.838209664925957031e+11 1.040596497366338968e-02
4.939621743878305664e+11 1.021599228052284640e-02
5.043159487171348267e+11 1.002937945236095224e-02
5.148867450137487183e+11 9.846090784191012524e-03
5.256791122018419189e+11 9.666167382856461626e-03
5.366976945540476074e+11 9.489524883569040031e-03
5.479472336900292969e+11 9.316006344921676230e-03
5.594325706169388428e+11 9.145578807645979302e-03
5.711586478126446533e+11 8.978281437402920589e-03
5.831305113526218262e+11 8.814035567214877076e-03
5.953533130814368896e+11 8.652694360090921327e-03
6.078323128297211914e+11 8.494227394311493207e-03
6.205728806776488037e+11 8.338671973612632113e-03
6.335804992658240967e+11 8.185954740627051501e-03
6.468607661546320801e+11 8.035938306062574005e-03
6.604193962330305176e+11 7.888594593147368536e-03
6.742622241778348389e+11 7.743959120540221813e-03
6.883952069645510254e+11 7.601963479045105443e-03
7.028244264308366699e+11 7.462479113811214954e-03
7.175560918936921387e+11 7.325480114832137388e-03
7.325965428215229492e+11 7.191000290107467906e-03
7.479522515621828613e+11 7.058975842077710831e-03
7.636298261282225342e+11 6.929286477604031623e-03
7.796360130405220947e+11 6.801908288607382523e-03
7.959777002314978027e+11 6.676873444434740582e-03
8.126619200091945801e+11 6.554122445792133142e-03
8.296958520834915771e+11 6.433542726330200405e-03
8.470868266557419434e+11 6.315112227409874247e-03
8.648423275731743164e+11 6.198861549330437863e-03
8.829699955494082031e+11 6.084735199242108025e-03
9.014776314524916992e+11 5.972627837929490001e-03
9.203731996618229980e+11 5.862519115146844380e-03
9.396648314954670410e+11 5.754438129363517902e-03
9.593608287093126221e+11 5.648333122411716353e-03
9.794696670695385742e+11 5.544105515451860575e-03
1.000000000000000000e+12 5.441736536171156054e-03
1.020960662306047485e+12 5.341253846074774277e-03
1.042360673976403198e+12 5.242609168569834811e-03
1.064209244064726929e+12 5.145710249134576204e-03
1.086515774652537354e+12 5.050539772726960266e-03
1.109289864895222656e+12 4.957124026432238595e-03
1.132541315152812744e+12 4.865417979492315734e-03
1.156280131207372803e+12 4.775335294283119050e-03
1.180516528568802979e+12 4.686860001441849402e-03
1.205260936870841309e+12 4.600017073900346427e-03
1.230524004359261719e+12 4.514764507150341791e-03
1.256316602474121338e+12 4.431021499772876994e-03
1.282649830528062500e+12 4.348773324889384714e-03
1.309535020482670410e+12 4.268043699305961239e-03
1.336983741824945068e+12 4.188793440220496891e-03
1.365007806546013672e+12 4.110946926663510553e-03
1.393619274224143311e+12 4.034490578816276977e-03
1.422830457214348877e+12 3.959446913199521356e-03
1.452653925946778320e+12 3.885779378168320239e-03
1.483102514336102783e+12 3.813417200723871921e-03
1.514189325304351807e+12 3.742347859874141976e-03
1.545927736419478516e+12 3.672592725556969671e-03
1.578331405652119873e+12 3.604117699762360467e-03
1.611414277253023193e+12 3.536856546706220773e-03
1.645190587753660889e+12 3.470797722649240653e-03
1.679674872092653076e+12 3.405961502561328375e-03
1.714881969870540771e+12 3.342316076669273918e-03
1.750827031735719727e+12 3.279799455927113680e-03
1.787525525904231689e+12 3.218400998432356056e-03
1.824993244816150391e+12 3.158139933772284667e-03
1.863246311931559814e+12 3.098986586300132764e-03
1.902301188668945801e+12 3.040882942159375650e-03
1.942174681489028320e+12 2.983819191569587852e-03
1.982883949127075439e+12 2.927813566345235496e-03
2.024446509976801758e+12 2.872838381362614185e-03
2.066880249629082031e+12 2.818839344076624898e-03
2.110203428568596680e+12 2.765807412390634129e-03
2.154434690031877930e+12 2.713759866038536941e-03
2.199593068030070312e+12 2.662670876597331409e-03
2.245697995539771484e+12 2.612489635454151929e-03
2.292769312865648926e+12 2.563207808639922456e-03
2.340827276178293945e+12 2.514841767638901094e-03
2.389892566231052246e+12 2.467367416014217257e-03
2.439986297259555176e+12 2.420737207110499820e-03
2.491130026067796387e+12 2.374943460046232031e-03
2.543345761304647949e+12 2.330001680085859103e-03
2.596655972934872070e+12 2.285889386541432259e-03
2.651083601908530762e+12 2.242562087125838689e-03
2.706652070033235840e+12 2.200012703184655357e-03
2.763385290053166992e+12 2.158255914047220708e-03
2.821307675939470703e+12 2.117270746434662433e-03
2.880444153396297852e+12 2.077015568270627367e-03
2.940820170587066406e+12 2.037483856134597766e-03
3.002461709085555176e+12 1.998689502021516913e-03
3.065395295056536133e+12 1.960612939071224459e-03
3.129648010670750488e+12 1.923215213807391751e-03
3.195247505759213867e+12 1.886490314629396536e-03
3.262222009711660156e+12 1.850451383168332485e-03
3.330600343624582031e+12 1.815080164839520454e-03
3.400411932703702637e+12 1.780340214874180996e-03
3.471686818926559082e+12 1.746225993386012242e-03
3.544455673970435547e+12 1.712749927041456576e-03
3.618749812411284180e+12 1.679894985764364586e-03
3.694601205199310059e+12 1.647627074545030337e-03
3.772042493417008789e+12 1.615941088168185722e-03
3.851107002325568848e+12 1.584848772219669532e-03
3.931828755705770020e+12 1.554334239301231489e-03
4.014242490499309570e+12 1.524365595438664268e-03
4.098383671757252930e+12 1.494938135877024168e-03
4.184288507901576172e+12 1.466062957544847197e-03
4.271993966306776855e+12 1.437725239421485182e-03
4.361537789208005859e+12 1.409895149396957464e-03
4.452958509942660156e+12 1.382568351584882770e-03
4.546295469532409180e+12 1.355755325273401250e-03
4.641588833612791016e+12 1.329442244670765759e-03
4.738879609717650391e+12 1.303601209283012079e-03
4.838209664925957031e+12 1.278228222923918651e-03
4.939621743878305664e+12 1.253333176905912800e-03
5.043159487171347656e+12 1.228903174314874324e-03
5.148867450137486328e+12 1.204912124363740266e-03
5.256791122018418945e+12 1.181356343638393942e-03
5.366976945540475586e+12 1.158245163839329711e-03
5.479472336900291992e+12 1.135566555049059845e-03
5.594325706169388672e+12 1.113296122068997002e-03
5.711586478126446289e+12 1.091430469402274433e-03
5.831305113526218750e+12 1.069978396251209003e-03
5.953533130814370117e+12 1.048928681977098244e-03
6.078323128297210938e+12 1.028258520134139094e-03
6.205728806776487305e+12 1.007964780203489136e-03
6.335804992658241211e+12 9.880557548033121369e-04
6.468607661546321289e+12 9.685209787360754248e-04
6.604193962330305664e+12 9.493391342776583272e-04
6.742622241778348633e+12 9.305073347208839447e-04
6.883952069645509766e+12 9.120333908625693348e-04
7.028244264308366211e+12 8.939075427228012618e-04
7.175560918936920898e+12 8.761098676292298788e-04
7.325965428215229492e+12 8.586377031585134970e-04
7.479522515621797852e+12 8.414984019439474038e-04
7.636298261282225586e+12 8.246828623681338013e-04
7.796360130405220703e+12 8.081724690852601237e-04
7.959777002314977539e+12 7.919647659431469427e-04
8.126619200091945312e+12 7.760666700101843301e-04
8.296958520834915039e+12 7.604696943146504236e-04
8.470868266557419922e+12 7.451564486699925084e-04
8.648423275731745117e+12 7.301246665827996639e-04
8.829699955494082031e+12 7.153808511403770892e-04
9.014776314524917969e+12 7.009170892233865030e-04
9.203731996618228516e+12 6.867171388324230883e-04
9.396648314954669922e+12 6.727789078145856184e-04
9.593608287093126953e+12 6.591085058872499973e-04
9.794696670695386719e+12 6.456985557155505047e-04
1.000000000000000000e+13 6.325338913719231147e-04
1.020960662306047461e+13 6.196125809224023754e-04
1.042360673976403125e+13 6.069403603950054371e-04
1.064209244064726758e+13 5.945103527111011282e-04
1.086515774652537305e+13 5.823084004413375554e-04
1.109289864895222656e+13 5.703327188553575103e-04
1.132541315152812695e+13 5.585886890818845965e-04
1.156280131207373047e+13 5.470699011374727640e-04
1.180516528568803125e+13 5.357631427639699979e-04
1.205260936870841211e+13 5.246667644410079115e-04
1.230524004359261523e+13 5.137858103359576245e-04
1.256316602474121484e+13 5.031143066053443387e-04
1.282649830528062695e+13 4.926399268054786193e-04
1.309535020482670312e+13 4.823611455766107147e-04
1.336983741824945312e+13 4.722826872476053165e-04
1.365007806546013672e+13 4.623989852158846641e-04
1.393619274224143359e+13 4.526985432088632207e-04
1.422830457214349023e+13 4.431799498503783980e-04
1.452653925946778320e+13 4.338476259752054899e-04
1.483102514336102734e+13 4.246963852394618189e-04
1.514189325304351953e+13 4.157155093712325169e-04
1.545927736419478516e+13 4.069036916071392513e-04
1.578331405652119727e+13 3.982650648882504491e-04
1.611414277253023242e+13 3.897947979340759118e-04
1.645190587753660742e+13 3.814829015507321171e-04
1.679674872092653125e+13 3.733281649617059984e-04
1.714881969870541016e+13 3.653344481040968336e-04
1.750827031735719922e+13 3.574972512309895940e-04
1.787525525904231641e+13 3.498072683422677248e-04
1.824993244816150391e+13 3.422633767098467875e-04
1.863246311931559766e+13 3.348691774779946574e-04
1.902301188668945703e+13 3.276204804564730386e-04
1.942174681489028516e+13 3.205086197959828762e-04
1.982883949127075391e+13 3.135325535136527651e-04
2.024446509976801562e+13 3.066956375244053409e-04
2.066880249629082031e+13 2.999939706653566578e-04
2.110203428568596484e+13 2.934194868537280177e-04
2.154434690031877734e+13 2.869712181352376975e-04
2.199593068030070312e+13 2.806522881408986692e-04
2.245697995539771484e+13 2.744590655558981759e-04
2.292769312865648828e+13 2.683840461666702425e-04
2.340827276178294141e+13 2.624263298727477810e-04
2.389892566231052344e+13 2.565888203773276791e-04
2.439986297259555078e+13 2.508681382931798702e-04
2.491130026067785938e+13 2.452573057057624894e-04
2.543345761304648438e+13 2.397554846938145955e-04
2.596655972934872656e+13 2.343653708268055112e-04
2.651083601908530859e+13 2.290838198983653350e-04
2.706652070033235938e+13 2.239043469004615115e-04
2.763385290053166797e+13 2.188261708785901492e-04
2.821307675939470703e+13 2.138517905270328145e-04
2.880444153396297656e+13 2.089782811690045461e-04
2.940820170587066797e+13 2.041996193485670489e-04
3.002461709085555078e+13 1.995150762924979707e-04
3.065395295056535938e+13 1.949269645683203683e-04
3.129648010670750391e+13 1.904325643988914285e-04
3.195247505759213672e+13 1.860262844336424892e-04
3.262222009711659766e+13 1.817074436892379111e-04
3.330600343624581641e+13 1.774781788687183773e-04
3.400411932703702734e+13 1.733359614177570039e-04
3.471686818926559766e+13 1.692756044299981665e-04
3.544455673970435938e+13 1.652964706847343500e-04
3.618749812411284375e+13 1.614005308197826534e-04
3.694601205199309375e+13 1.575854347159395591e-04
3.772042493417008594e+13 1.538463739218819462e-04
3.851107002325568750e+13 1.501827512885078387e-04
3.931828755705770312e+13 1.465963807468257274e-04
4.014242490499309375e+13 1.430850786549753176e-04
4.098383671757252344e+13 1.396443905931548995e-04
4.184288507901575781e+13 1.362737561034250565e-04
4.271993966306776562e+13 1.329748413487129798e-04
4.361537789208005469e+13 1.297456179812992024e-04
4.452958509942659375e+13 1.265819626556760255e-04
4.546295469532408594e+13 1.234833485115394754e-04
4.641588833612791406e+13 1.204513024827279818e-04
4.738879609717650781e+13 1.174839410553639511e-04
4.838209664925957031e+13 1.145774503745197531e-04
4.939621743878305469e+13 1.117313343487117669e-04
5.043159487171348438e+13 1.089469888409061541e-04
5.148867450137487500e+13 1.062226653856955440e-04
5.256791122018419531e+13 1.035548393222438998e-04
5.366976945540475781e+13 1.009430427440074156e-04
5.479472336900292188e+13 9.838854823926783367e-05
5.594325706169388281e+13 9.588973323676251530e-05
5.711586478126446875e+13 9.344334318037339395e-05
5.831305113526218750e+13 9.104893599150112903e-05
5.953533130814369531e+13 8.870766843565840317e-05
6.078323128297210938e+13 8.641803527125233421e-05
6.205728806776487500e+13 8.417703408976352742e-05
6.335804992658241406e+13 8.198424649339738229e-05
6.468607661546320312e+13 7.984072054901283867e-05
6.604193962330304688e+13 7.774506033151985861e-05
6.742622241778349219e+13 7.569449868506143643e-05
6.883952069645510938e+13 7.368863893952500314e-05
7.028244264308367188e+13 7.172842727490716180e-05
7.175560918936920312e+13 6.981256958515417673e-05
7.325965428215229688e+13 6.793851806947233049e-05
7.479522515621796875e+13 6.610589601240819495e-05
7.636298261282225000e+13 6.431555422215044218e-05
7.796360130405220312e+13 6.256629339755246603e-05
7.959777002314978125e+13 6.085577013290476060e-05
8.126619200091945312e+13 5.918362606178529853e-05
8.296958520834914062e+13 5.755062285318855020e-05
8.470868266557418750e+13 5.595564944957323735e-05
8.648423275731743750e+13 5.439655276190749362e-05
8.829699955494082812e+13 5.287299132265644100e-05
9.014776314524917188e+13 5.138564362530232294e-05
9.203731996618229688e+13 4.993348071942503921e-05
9.396648314954671875e+13 4.851452658411642990e-05
9.593608287093126562e+13 4.712845534523249405e-05
9.794696670695385938e+13 4.577586802809519760e-05
1.000000000000000000e+14 4.445581205141850654e-05
1.020960662306047656e+14 4.316647599534404470e-05
1.042360673976403281e+14 4.190754840801212791e-05
1.064209244064726875e+14 4.067955830932832223e-05
1.086515774652537188e+14 3.948162412360276501e-05
1.109289864895222656e+14 3.831208730224962592e-05
1.132541315152812656e+14 3.717064977029788141e-05
1.156280131207372969e+14 3.605777377190917340e-05
1.180516528568803125e+14 3.497264372609929764e-05
1.205260936870841250e+14 3.391374292232107957e-05
1.230524004359261562e+14 3.288078573473938147e-05
1.256316602474121406e+14 3.187417263901957585e-05
1.282649830528062500e+14 3.089314937025856362e-05
1.309535020482670312e+14 2.993633068149267567e-05
1.336983741824945156e+14 2.900344257834665848e-05
1.365007806546013906e+14 2.809482856240090915e-05
1.393619274224143594e+14 2.720979131952558171e-05
1.422830457214349062e+14 2.634706731560326686e-05
1.452653925946778125e+14 2.550639347296039338e-05
1.483102514336102812e+14 2.468806090929387255e-05
1.514189325304351875e+14 2.389142519151003080e-05
1.545927736419478438e+14 2.311533533896949154e-05
1.578331405652119688e+14 2.235953857236245527e-05
1.611414277253023125e+14 2.162427801976582090e-05
1.645190587753660625e+14 2.090895833910508779e-05
1.679674872092653125e+14 2.021253250580518665e-05
1.714881969870540938e+14 1.953475751111394485e-05
1.750827031735719688e+14 1.887583269905343582e-05
1.787525525904231875e+14 1.823520829309482601e-05
1.824993244816150312e+14 1.761193316171690603e-05
1.863246311931559688e+14 1.700577362365874305e-05
1.902301188668945625e+14 1.641688926236583830e-05
1.942174681489028438e+14 1.584477259226454364e-05
1.982883949127075312e+14 1.528856082137948909e-05
2.024446509976801875e+14 1.474802923250441260e-05
2.066880249629082188e+14 1.422330149574217945e-05
2.110203428568596562e+14 1.371390937972876040e-05
2.154434690031877812e+14 1.321907136449179504e-05
2.199593068030070312e+14 1.273857140757136399e-05
2.245697995539771562e+14 1.227250094138378104e-05
2.292769312865648750e+14 1.182042817744717620e-05
2.340827276178294375e+14 1.138164626433969972e-05
2.389892566231052500e+14 1.095594761384228303e-05
2.439986297259555000e+14 1.054339492864654020e-05
2.491130026067785938e+14 1.014359026541308644e-05
2.543345761304648125e+14 9.755895281346124115e-06
2.596655972934872500e+14 9.380110685147431901e-06
2.651083601908530625e+14 9.016273792709559692e-06
2.706652070033235938e+14 8.664018109804136569e-06
2.763385290053167188e+14 8.322768065825142918e-06
2.821307675939470625e+14 7.992332565942682429e-06
2.880444153396298125e+14 7.672726718593463440e-06
2.940820170587066250e+14 7.363613272802877937e-06
3.002461709085555000e+14 7.064474098533353497e-06
3.065395295056535625e+14 6.775126247974255355e-06
3.129648010670750625e+14 6.495565639184032823e-06
3.195247505759213750e+14 6.225482237869443520e-06
3.262222009711659375e+14 5.964410409833924244e-06
3.330600343624581250e+14 5.712175349356246351e-06
3.400411932703702500e+14 5.468756638889564684e-06
3.471686818926559375e+14 5.233869602148469245e-06
3.544455673970435625e+14 5.007096525031987230e-06
3.618749812411283750e+14 4.788270776339734159e-06
3.694601205199310000e+14 4.577358294336710115e-06
3.772042493417008750e+14 4.374098058263875878e-06
3.851107002325568750e+14 4.178116049339395039e-06
3.931828755705770000e+14 3.989253872672253238e-06
4.014242490499310000e+14 3.807466348198055653e-06
4.098383671757253125e+14 3.632514552148974258e-06
4.184288507901576250e+14 3.464064268985452089e-06
4.271993966306776875e+14 3.301965422684417904e-06
4.361537789208005625e+14 3.146164072334098756e-06
4.452958509942660000e+14 2.996441964150952270e-06
4.546295469532408750e+14 2.852501108088457347e-06
4.641588833612791250e+14 2.714199841196351499e-06
4.738879609717650625e+14 2.581477647232508525e-06
4.838209664925956875e+14 2.454135633862241760e-06
4.939621743878305000e+14 2.331908754059513654e-06
5.043159487171348125e+14 2.214663853996068190e-06
5.148867450137486875e+14 2.102335851629992509e-06
5.256791122018418750e+14 1.994744012709665513e-06
5.366976945540476250e+14 1.891653226667077599e-06
5.479472336900293125e+14 1.792938936558109180e-06
5.594325706169389375e+14 1.698533323761428397e-06
5.711586478126446250e+14 1.608272700109727389e-06
5.831305113526218750e+14 1.521949140743327683e-06
5.953533130814370000e+14 1.439446754533707750e-06
6.078323128297211250e+14 1.360696630875068050e-06
6.205728806776487500e+14 1.285551093152040682e-06
6.335804992658241250e+14 1.213826886870169272e-06
6.468607661546320000e+14 1.145416826362859302e-06
6.604193962330305000e+14 1.080252365114313824e-06
6.742622241778348750e+14 1.018200867119880064e-06
6.883952069645510000e+14 9.591014475957918712e-07
7.028244264308366250e+14 9.028556264962213760e-07
7.175560918936921250e+14 8.493964857737328637e-07
7.325965428215230000e+14 7.986055090542283629e-07
7.479522515621797500e+14 7.503420744358150614e-07
7.636298261282225000e+14 7.045163584927833690e-07
7.796360130405220000e+14 6.610641422560732619e-07
7.959777002314977500e+14 6.198801450167886819e-07
8.126619200091946250e+14 5.808420743513686006e-07
8.296958520834916250e+14 5.438686569974829466e-07
8.470868266557420000e+14 5.088992498422878022e-07
8.648423275731745000e+14 4.758409493395624385e-07
8.829699955494082500e+14 4.445880130882603877e-07
9.014776314524917500e+14 4.150675474125431280e-07
9.203731996618230000e+14 3.872231700480887145e-07
9.396648314954671250e+14 3.609735114783153362e-07
9.593608287093126250e+14 3.362277354498964973e-07
9.794696670695385000e+14 3.129210884785420119e-07
1.000000000000000000e+15 2.910019469438741349e-07
1.020960662306047500e+15 2.703996394929384999e-07
1.042360673976403250e+15 2.510367111061540174e-07
1.064209244064722375e+15 2.328562381665031397e-07
1.086515774652537375e+15 2.158116739764651721e-07
1.109289864895222875e+15 1.998422111758145738e-07
1.132541315152812750e+15 1.848823556539176589e-07
1.156280131207377750e+15 1.708826331787553991e-07
1.180516528568803000e+15 1.578017236310961118e-07
1.205260936870841250e+15 1.455878483183724716e-07
1.230524004359261500e+15 1.341861465125036986e-07
1.256316602474121500e+15 1.235541466363394534e-07
1.282649830528062500e+15 1.136557504623210135e-07
1.309535020482665000e+15 1.044473716583058453e-07
1.336983741824945250e+15 9.588353929606384507e-08
1.365007806546013750e+15 8.792827861686470829e-08
1.393619274224143500e+15 8.055057178745103180e-08
1.422830457214354750e+15 7.371419069056654155e-08
1.452653925946778250e+15 6.738188866548321885e-08
1.483102514336102750e+15 6.152363297417327162e-08
1.514189325304352000e+15 5.611322824082086449e-08
1.545927736419478500e+15 5.112097846916346750e-08
1.578331405652119500e+15 4.651677076187806985e-08
1.611414277253016750e+15 4.227592344958236355e-08
1.645190587753660750e+15 3.837671191546860100e-08
1.679674872092653250e+15 3.479516252095021057e-08
1.714881969870541000e+15 3.150728023750132377e-08
1.750827031735726750e+15 2.849312224520640484e-08
1.787525525904231750e+15 2.573501340488325690e-08
1.824993244816150500e+15 2.321391903866794998e-08
1.863246311931559750e+15 2.091102234736446438e-08
1.902301188668945750e+15 1.881050200990037477e-08
1.942174681489028250e+15 1.689826615883914100e-08
1.982883949127067250e+15 1.515947301329789997e-08
2.024446509976801750e+15 1.357962360390345435e-08
2.066880249629082000e+15 1.214641202935506070e-08
2.110203428568596500e+15 1.084884257181556550e-08
2.154434690031886500e+15 9.675568579575186713e-09
2.199593068030070500e+15 8.615631234280817097e-09
2.245697995539771750e+15 7.659660861839780896e-09
2.292769312865648500e+15 6.799272058166158685e-09
2.340827276178294500e+15 6.025973824683326315e-09
2.389892566231052500e+15 5.331655643514783674e-09
2.439986297259545000e+15 4.709345576976523995e-09
2.491130026067786000e+15 4.152803325573160680e-09
2.543345761304648500e+15 3.655820497644575961e-09
2.596655972934872000e+15 3.212530766847559045e-09
2.651083601908541500e+15 2.817873258820211685e-09
2.706652070033235500e+15 2.467323786582932445e-09
2.763385290053167000e+15 2.156455483859728903e-09
2.821307675939470500e+15 1.881129888541304443e-09
2.880444153396297500e+15 1.637770082941049938e-09
2.940820170587066500e+15 1.423186469419941369e-09
3.002461709085543000e+15 1.234307045183769567e-09
3.065395295056523500e+15 1.068290406036703894e-09
3.129648010670750500e+15 9.226800870202069029e-10
3.195247505759214000e+15 7.952937180494929966e-10
3.262222009711673500e+15 6.840611385209229219e-10
3.330600343624582000e+15 5.870880280584885042e-10
3.400411932703702500e+15 5.027388107009332429e-10
3.471686818926559500e+15 4.295674448108036196e-10
3.544455673970435500e+15 3.662224000563263394e-10
3.618749812411284000e+15 3.114803601307615846e-10
3.694601205199294500e+15 2.642880123282322872e-10
3.772042493416993500e+15 2.237196428327343461e-10
3.851107002325568500e+15 1.889225524689663568e-10
3.931828755705770000e+15 1.591335117719223513e-10
4.014242490499326000e+15 1.336980954401681944e-10
4.098383671757253000e+15 1.120451991332172351e-10
4.184288507901576000e+15 9.365632887404476552e-11
4.271993966306776500e+15 7.807272025113911808e-11
4.361537789208006000e+15 6.490318671445981297e-11
4.452958509942660000e+15 5.380911371119510929e-11
4.546295469532390000e+15 4.448752225748784160e-11
4.641588833612773000e+15 3.667353577085805226e-11
4.738879609717651000e+15 3.014284784159588993e-11
4.838209664925957000e+15 2.470307913083524111e-11
4.939621743878326000e+15 2.018461975012562274e-11
5.043159487171349000e+15 1.644104185707932414e-11
5.148867450137487000e+15 1.334936204151134932e-11
5.256791122018419000e+15 1.080518515336443633e-11
5.366976945540476000e+15 8.717853118409330874e-12
5.479472336900292000e+15 7.010127292152961010e-12
5.594325706169389000e+15 5.617753170097661779e-12
5.711586478126423000e+15 4.486808893167849339e-12
5.831305113526218000e+15 3.571193050479818066e-12
5.953533130814370000e+15 2.832173676874013360e-12
6.078323128297236000e+15 2.237879401322223783e-12
6.205728806776513000e+15 1.761899297345338908e-12
6.335804992658241000e+15 1.382016164206777948e-12
6.468607661546321000e+15 1.079839239443936170e-12
6.604193962330306000e+15 8.404199793780312612e-13
6.742622241778349000e+15 6.515410448597936192e-13
6.883952069645510000e+15 5.030979130755515569e-13
7.028244264308338000e+15 3.868574647111386753e-13
7.175560918936921000e+15 2.962185254706712017e-13
7.325965428215230000e+15 2.258668500109118775e-13
7.479522515621829000e+15 1.714849087851748596e-13
7.636298261282257000e+15 1.296136360284344767e-13
7.796360130405221000e+15 9.752127772422765165e-14
7.959777002314978000e+15 7.304450569049113706e-14
8.126619200091945000e+15 5.445853470892759978e-14
8.296958520834915000e+15 4.040623398897571728e-14
8.470868266557420000e+15 2.983352715822898199e-14
8.648423275731709000e+15 2.192044707322666158e-14
8.829699955494083000e+15 1.602617609809475531e-14
9.014776314524918000e+15 1.165615101618511728e-14
9.203731996618230000e+15 8.433191277445286424e-15
9.396648314954710000e+15 6.069516621589122313e-15
9.593608287093126000e+15 4.344950393252939392e-15
9.794696670695384000e+15 3.093058162772770499e-15
