1.020960662306047603e+07 9.313308248178665849e+01
1.042360673976401053e+07 9.137381157084939787e+01
1.064209244064724632e+07 8.964812646306110366e+01
1.086515774652537145e+07 8.795509456043207308e+01
1.109289864895222709e+07 8.629386897811443191e+01
1.132541315152812563e+07 8.466412978088808927e+01
1.156280131207375228e+07 8.306549767778928128e+01
1.180516528568805568e+07 8.149710804362537431e+01
1.205260936870841496e+07 7.995817587041609897e+01
1.230524004359261692e+07 7.844840593463986522e+01
1.256316602474121563e+07 7.696744780901981642e+01
1.282649830528059974e+07 7.551449986510782253e+01
1.309535020482667536e+07 7.408883443171889382e+01
1.336983741824945062e+07 7.269017909769783614e+01
1.365007806546013802e+07 7.131821010555643170e+01
1.393619274224143475e+07 6.997218421377455400e+01
1.422830457214351930e+07 6.865142688280074879e+01
1.452653925946781226e+07 6.735568675915770598e+01
1.483102514336102828e+07 6.608466472815020154e+01
1.514189325304351933e+07 6.483767166393359105e+01
1.545927736419478431e+07 6.361408226415681355e+01
1.578331405652116425e+07 6.241366461213256400e+01
1.611414277253019996e+07 6.123614236206388739e+01
1.645190587753660791e+07 6.008087654757684959e+01
1.679674872092653066e+07 5.894728749433888026e+01
1.714881969870540872e+07 5.783516122634492973e+01
1.750827031735723466e+07 5.674424243620723729e+01
1.787525525904235244e+07 5.567393865001572806e+01
1.824993244816150516e+07 5.462371247922317252e+01
1.863246311931559816e+07 5.359336650530809720e+01
1.902301188668945804e+07 5.258266486130679596e+01
1.942174681489024311e+07 5.159105816822877699e+01
1.982883949127071351e+07 5.061804822513008162e+01
2.024446509976801649e+07 4.966345289619859216e+01
2.066880249629081786e+07 4.872705427734447170e+01
2.110203428568596393e+07 4.780834293558015702e+01
2.154434690031882003e+07 4.690685698807683224e+01
2.199593068030074611e+07 4.602242840490039555e+01
2.245697995539776236e+07 4.515485587848164073e+01
2.292769312865648791e+07 4.430366700457975782e+01
2.340827276178294048e+07 4.346843356082492704e+01
2.389892566231048107e+07 4.264900053506341493e+01
2.439986297259550542e+07 4.184518195455957112e+01
2.491130026067791134e+07 4.105653974110252591e+01
2.543345761304648221e+07 4.028267686805718029e+01
2.596655972934872285e+07 3.952345033862265211e+01
2.651083601908536255e+07 3.877868834893481420e+01
2.706652070033241063e+07 3.804798464068920083e+01
2.763385290053172782e+07 3.733097110199763335e+01
2.821307675939470530e+07 3.662751582387119242e+01
2.880444153396297619e+07 3.593746009411960074e+01
2.940820170587060601e+07 3.526042715312565434e+01
3.002461709085549042e+07 3.459607568848409187e+01
3.065395295056529716e+07 3.394428402395852373e+01
3.129648010670750216e+07 3.330490554349801613e+01
3.195247505759213492e+07 3.267759083449987401e+01
3.262222009711666778e+07 3.206202342463741672e+01
3.330600343624588847e+07 3.145809108098816154e+01
3.400411932703709602e+07 3.086565836379270067e+01
3.471686818926559389e+07 3.028440121318742939e+01
3.544455673970435560e+07 2.971402618134505502e+01
3.618749812411276251e+07 2.915442975005935011e+01
3.694601205199302733e+07 2.860548680548097167e+01
3.772042493417001516e+07 2.806689679265690174e+01
3.851107002325568348e+07 2.753838760607357727e+01
3.931828755705770105e+07 2.701986376921444943e+01
4.014242490499317646e+07 2.651120970848166181e+01
4.098383671757261455e+07 2.601214666129469677e+01
4.184288507901584357e+07 2.552242230562486824e+01
4.271993966306776553e+07 2.504194858534172141e+01
4.361537789208005369e+07 2.457061874153719927e+01
4.452958509942659736e+07 2.410817421647301018e+01
4.546295469532398880e+07 2.365438102687572908e+01
4.641588833612781763e+07 2.320915796386407948e+01
4.738879609717650712e+07 2.277240641235402308e+01
4.838209664925957471e+07 2.234388654846829780e+01
4.939621743878325820e+07 2.192338138880872833e+01
5.043159487171358615e+07 2.151081604240194523e+01
5.148867450137497485e+07 2.110609941867413042e+01
5.256791122018418461e+07 2.070900906355162618e+01
5.366976945540475845e+07 2.031934375300015816e+01
5.479472336900292337e+07 1.993703442576585161e+01
5.594325706169377267e+07 1.956199694276853052e+01
5.711586478126434237e+07 1.919402495589115887e+01
5.831305113526218385e+07 1.883293185102180090e+01
5.953533130814369768e+07 1.847865394555972429e+01
6.078323128297235817e+07 1.813111352266145104e+01
6.205728806776500493e+07 1.779011916875453636e+01
6.335804992658253759e+07 1.745549781417368607e+01
6.468607661546321213e+07 1.712719073867470954e+01
6.604193962330305576e+07 1.680512615896116202e+01
6.742622241778348386e+07 1.648912650992156514e+01
6.883952069645495713e+07 1.617903127880081016e+01
7.028244264308351278e+07 1.587478632371132647e+01
7.175560918936920166e+07 1.557632534308014272e+01
7.325965428215231001e+07 1.528348361359112317e+01
7.479522515621829033e+07 1.499611226426431543e+01
7.636298261282241344e+07 1.471416137705980987e+01
7.796360130405236781e+07 1.443756971475579931e+01
7.959777002314977348e+07 1.416618446254381958e+01
8.126619200091944635e+07 1.389986754310989525e+01
8.296958520834915340e+07 1.363857293510731594e+01
8.470868266557401419e+07 1.338224407981149433e+01
8.648423275731725991e+07 1.313073920601095601e+01
8.829699955494081974e+07 1.288393024394489927e+01
9.014776314524917305e+07 1.264177476691955704e+01
9.203731996618229151e+07 1.240422053833330551e+01
9.396648314954690635e+07 1.217113602862249877e+01
9.593608287093147635e+07 1.194240244700013420e+01
9.794696670695386827e+07 1.171798068266720350e+01
1.000000000000000000e+08 1.149782249196062978e+01
1.020960662306047529e+08 1.128180584344815429e+01
1.042360673976403177e+08 1.106982054997807374e+01
1.064209244064722359e+08 1.086183055949123144e+01
1.086515774652537256e+08 1.065779131691356696e+01
1.109289864895222783e+08 1.045758959985272263e+01
1.132541315152812600e+08 1.026112319870483525e+01
1.156280131207377762e+08 1.006835888276943791e+01
1.180516528568803072e+08 9.879255504589265158e+00
1.205260936870841384e+08 9.693708011677770742e+00
1.230524004359261543e+08 9.511621591799130471e+00
1.256316602474121451e+08 9.332965616627532768e+00
1.282649830528062433e+08 9.157702086479091008e+00
1.309535020482665002e+08 8.985733526400261795e+00
1.336983741824945360e+08 8.816971983682583058e+00
1.365007806546013653e+08 8.651389230241500528e+00
1.393619274224143326e+08 8.488950174139430871e+00
1.422830457214354575e+08 8.329564368716733114e+00
1.452653925946778059e+08 8.173150222255586073e+00
1.483102514336102903e+08 8.019681720308412309e+00
1.514189325304352045e+08 7.869126457025126697e+00
1.545927736419478357e+08 7.721400504770348228e+00
1.578331405652119517e+08 7.576428170591281486e+00
1.611414277253016531e+08 7.434185481595103617e+00
1.645190587753660679e+08 7.294642513146468943e+00
1.679674872092653215e+08 7.157721384439783563e+00
1.714881969870540798e+08 7.023351872828587972e+00
1.750827031735726893e+08 6.891511888167236144e+00
1.787525525904231668e+08 6.762173797795077768e+00
1.824993244816150367e+08 6.635265329867977790e+00
1.863246311931559741e+08 6.510721334859794318e+00
1.902301188668946028e+08 6.388521458861822211e+00
1.942174681489028633e+08 6.268640186257612434e+00
1.982883949127075374e+08 6.151010448214900173e+00
2.024446509976801872e+08 6.035571800123911146e+00
2.066880249629082084e+08 5.922305489090072150e+00
2.110203428568596542e+08 5.811187954977306447e+00
2.154434690031886399e+08 5.702156955510791825e+00
2.199593068030070364e+08 5.595156409624591376e+00
2.245697995539771616e+08 5.490169040668644307e+00
2.292769312865648568e+08 5.387173094747713442e+00
2.340827276178294122e+08 5.286110807060521388e+00
2.389892566231052577e+08 5.186930143555403383e+00
2.439986297259555161e+08 5.089615188765771236e+00
2.491130026067785919e+08 4.994145857124580701e+00
2.543345761304648221e+08 4.900468537571775585e+00
2.596655972934872508e+08 4.808534949662893077e+00
2.651083601908541918e+08 4.718330432900435412e+00
2.706652070033235550e+08 4.629836442653401996e+00
2.763385290053166747e+08 4.543003221409720460e+00
2.821307675939470530e+08 4.457785970248020035e+00
2.880444153396297693e+08 4.374171185717081300e+00
2.940820170587067008e+08 4.292141746393837387e+00
3.002461709085555673e+08 4.211651469909452494e+00
3.065395295056523085e+08 4.132658786627937175e+00
3.129648010670750141e+08 4.055151259772158845e+00
3.195247505759213567e+08 3.979113082372436772e+00
3.262222009711673260e+08 3.904501389026968639e+00
3.330600343624581695e+08 3.831277605499958216e+00
3.400411932703702450e+08 3.759430278306579165e+00
3.471686818926559091e+08 3.688944814486270207e+00
3.544455673970435262e+08 3.619781426165555427e+00
3.618749812411283851e+08 3.551904317604125172e+00
3.694601205199309587e+08 3.485302941723981807e+00
3.772042493416993618e+08 3.419963826789929051e+00
3.851107002325568795e+08 3.355850040336116447e+00
3.931828755705770254e+08 3.292928364051053602e+00
4.014242490499325991e+08 3.231189086326328841e+00
4.098383671757252812e+08 3.170619770899179013e+00
4.184288507901575565e+08 3.111186134761913191e+00
4.271993966306776404e+08 3.052857350541167580e+00
4.361537789208005667e+08 2.995624476681696180e+00
4.452958509942659736e+08 2.939476033184989845e+00
4.546295469532408714e+08 2.884380195462795893e+00
4.641588833612772226e+08 2.830308354147834216e+00
4.738879609717651010e+08 2.777252277404490322e+00
4.838209664925957322e+08 2.725201368336926055e+00
4.939621743878325820e+08 2.674126083562891942e+00
5.043159487171348333e+08 2.623999871386347049e+00
5.148867450137487054e+08 2.574815154014571394e+00
5.256791122018419504e+08 2.526562150076685054e+00
5.366976945540476441e+08 2.479213433046749238e+00
5.479472336900292635e+08 2.432744360167761855e+00
5.594325706169389486e+08 2.387147956374837676e+00
5.711586478126422167e+08 2.342415193392060502e+00
5.831305113526217937e+08 2.298520609076358134e+00
5.953533130814369917e+08 2.255441331714346020e+00
6.078323128297235966e+08 2.213170941622986554e+00
6.205728806776486635e+08 2.171701105948049104e+00
6.335804992658240795e+08 2.131008185512847319e+00
6.468607661546320915e+08 2.091070951742107553e+00
6.604193962330304384e+08 2.051883496689389297e+00
6.742622241778348684e+08 2.013438129643328800e+00
6.883952069645509720e+08 1.975712903203945103e+00
7.028244264308338165e+08 1.938688113314705364e+00
7.175560918936921358e+08 1.902358323511707860e+00
7.325965428215229511e+08 1.866716436022502812e+00
7.479522515621827841e+08 1.831742073519096792e+00
7.636298261282258034e+08 1.797416946450587583e+00
7.796360130405220985e+08 1.763736052713670732e+00
7.959777002314977646e+08 1.730692842027710565e+00
8.126619200091946125e+08 1.698268394235792567e+00
8.296958520834914446e+08 1.666445732248454492e+00
8.470868266557419300e+08 1.635220254105724136e+00
8.648423275731709003e+08 1.604585915034332011e+00
8.829699955494083166e+08 1.574525147301633954e+00
9.014776314524917603e+08 1.545022191647485554e+00
9.203731996618230343e+08 1.516072814692789317e+00
9.396648314954710007e+08 1.487671438393349810e+00
9.593608287093126774e+08 1.459801750273722387e+00
9.794696670695385933e+08 1.432449121115554336e+00
1.000000000000000000e+09 1.405609657030012061e+00
1.020960662306047559e+09 1.379278210887985079e+00
1.042360673976403356e+09 1.353439635313297362e+00
1.064209244064726830e+09 1.328080349697985385e+00
1.086515774652537346e+09 1.303196772831288763e+00
1.109289864895222664e+09 1.278784155417057589e+00
1.132541315152812481e+09 1.254828431529222188e+00
1.156280131207372904e+09 1.231316993651129454e+00
1.180516528568803072e+09 1.208246548513974394e+00
1.205260936870841503e+09 1.185612714103519760e+00
1.230524004359261513e+09 1.163402428339512351e+00
1.256316602474121332e+09 1.141603986725980846e+00
1.282649830528062582e+09 1.120214361152214844e+00
1.309535020482670307e+09 1.099229508667562083e+00
1.336983741824945211e+09 1.078637299022140672e+00
1.365007806546013832e+09 1.058426865753816504e+00
1.393619274224143505e+09 1.038595424894271924e+00
1.422830457214349031e+09 1.019139246502077878e+00
1.452653925946778297e+09 1.000047065339334740e+00
1.483102514336102724e+09 9.813087926806867145e-01
1.514189325304351807e+09 9.629218693437872068e-01
1.545927736419478655e+09 9.448828543243148470e-01
1.578331405652119875e+09 9.271812853964632728e-01
1.611414277253023148e+09 9.098077956364919450e-01
1.645190587753660679e+09 8.927600328042480937e-01
1.679674872092653036e+09 8.760348226062344423e-01
1.714881969870540857e+09 8.596224482925985955e-01
1.750827031735726833e+09 8.435142128562729269e-01
1.787525525904231787e+09 8.277079545464304244e-01
1.824993244816150427e+09 8.122007452564599106e-01
1.863246311931559801e+09 7.969835603244606048e-01
1.902301188668945789e+09 7.820483245149937312e-01
1.942174681489028454e+09 7.673930514139384318e-01
1.982883949127075434e+09 7.530150401455493192e-01
2.024446509976801872e+09 7.389059085890590239e-01
2.066880249629082203e+09 7.250581586186761740e-01
2.110203428568596601e+09 7.114699651870421970e-01
2.154434690031886578e+09 6.981388371492255329e-01
2.199593068030070305e+09 6.850569889449779071e-01
2.245697995539771557e+09 6.722174581154037876e-01
2.292769312865648746e+09 6.596185681158167613e-01
2.340827276178294182e+09 6.472580213663918780e-01
2.389892566231052876e+09 6.351285861964603985e-01
2.439986297259555340e+09 6.232237973627497984e-01
2.491130026067785740e+09 6.115421149680680957e-01
2.543345761304647923e+09 6.000814200743219695e-01
2.596655972934872150e+09 5.888349952943502386e-01
2.651083601908541679e+09 5.777968369286570205e-01
2.706652070033235550e+09 5.669655308017466089e-01
2.763385290053166866e+09 5.563391228361486140e-01
2.821307675939470768e+09 5.459113731741187525e-01
2.880444153396297932e+09 5.356767065536766070e-01
2.940820170587066650e+09 5.256338244610061494e-01
3.002461709085555077e+09 5.157809249547790076e-01
3.065395295056523800e+09 5.061122115898495366e-01
3.129648010670750618e+09 4.966225068273301679e-01
3.195247505759213448e+09 4.873106185436910653e-01
3.262222009711673260e+09 4.781748851868562467e-01
3.330600343624581814e+09 4.692099220593807796e-01
3.400411932703702450e+09 4.604109208403214248e-01
3.471686818926559448e+09 4.517767872613125402e-01
3.544455673970435619e+09 4.433059893116884087e-01
3.618749812411283970e+09 4.349935246503316422e-01
3.694601205199309826e+09 4.268349277226161642e-01
3.772042493416993618e+09 4.188291942536566115e-01
3.851107002325568676e+09 4.109749117596272483e-01
3.931828755705770016e+09 4.032674329725030038e-01
4.014242490499325752e+09 3.957026105607885924e-01
4.098383671757252693e+09 3.882795229996269804e-01
4.184288507901576042e+09 3.809968680863851098e-01
4.271993966306777000e+09 3.738503283031556212e-01
4.361537789208005905e+09 3.668360517593896031e-01
4.452958509942660332e+09 3.599531930142234049e-01
4.546295469532408714e+09 3.532005516116464849e-01
4.641588833612771988e+09 3.465741162724486069e-01
4.738879609717651367e+09 3.400703094090769540e-01
4.838209664925957680e+09 3.336883555234383958e-01
4.939621743878325462e+09 3.274271480269165813e-01
5.043159487171347618e+09 3.212829600562066568e-01
5.148867450137486458e+09 3.152524687051062036e-01
5.256791122018419266e+09 3.093349627669520485e-01
5.366976945540475845e+09 3.035294222462850411e-01
5.479472336900292397e+09 2.978323844356456918e-01
5.594325706169388771e+09 2.922407629003702101e-01
5.711586478126422882e+09 2.867539055214353150e-01
5.831305113526218414e+09 2.813708721827484771e-01
5.953533130814370155e+09 2.760884455225950940e-01
6.078323128297236443e+09 2.709037586779265427e-01
6.205728806776488304e+09 2.658162138267028407e-01
6.335804992658241272e+09 2.608249445340847239e-01
6.468607661546320915e+09 2.559269613223065787e-01
6.604193962330305099e+09 2.511196012124403132e-01
6.742622241778348923e+09 2.464023162703712355e-01
6.883952069645509720e+09 2.417743080222968521e-01
7.028244264308338165e+09 2.372327986611553197e-01
7.175560918936921120e+09 2.327753145317787986e-01
7.325965428215229988e+09 2.284013535297410857e-01
7.479522515621828079e+09 2.241101798630532327e-01
7.636298261282225609e+09 2.198992123415386413e-01
7.796360130405220985e+09 2.157661531182487880e-01
7.959777002314977646e+09 2.117105421849009017e-01
8.126619200091945648e+09 2.077317015575950720e-01
8.296958520834915161e+09 2.038272326865017969e-01
8.470868266557419777e+09 1.999950009867802470e-01
8.648423275731708527e+09 1.962345851103384220e-01
8.829699955494083405e+09 1.925453603842599004e-01
9.014776314524917603e+09 1.889250979206589243e-01
9.203731996618228912e+09 1.853718147513994940e-01
9.396648314954671860e+09 1.818851250268387343e-01
9.593608287093128204e+09 1.784644532344308587e-01
9.794696670695384979e+09 1.751077280977166306e-01
1.000000000000000000e+10 1.718131074539497316e-01
1.020960662306047440e+10 1.685802380437836923e-01
1.042360673976403236e+10 1.654085896850598369e-01
1.064209244064726830e+10 1.622962375220552977e-01
1.086515774652537155e+10 1.592414701613866501e-01
1.109289864895222664e+10 1.562439642585440880e-01
1.132541315152812576e+10 1.533032314277519848e-01
1.156280131207373047e+10 1.504174828423449350e-01
1.180516528568803024e+10 1.475851285606668561e-01
1.205260936870841217e+10 1.448058726930513962e-01
1.230524004359261703e+10 1.420792653883692358e-01
1.256316602474121475e+10 1.394036441990639252e-01
1.282649830528062630e+10 1.367775319847978066e-01
1.309535020482670403e+10 1.342006580481991396e-01
1.336983741824945259e+10 1.316726080638662422e-01
1.365007806546013641e+10 1.291918370010073924e-01
1.393619274224143410e+10 1.267569724898636174e-01
1.422830457214348984e+10 1.243677669446901363e-01
1.452653925946778107e+10 1.220238387892187970e-01
1.483102514336102867e+10 1.197237520864890964e-01
1.514189325304351997e+10 1.174662317808774920e-01
1.545927736419478416e+10 1.152510514853781337e-01
1.578331405652119637e+10 1.130778598114644540e-01
1.611414277253023148e+10 1.109453221859001970e-01
1.645190587753660774e+10 1.088522539439944342e-01
1.679674872092653275e+10 1.067984481390299029e-01
1.714881969870541000e+10 1.047835812071882117e-01
1.750827031735726929e+10 1.028064127594789795e-01
1.787525525904231644e+10 1.008658420938457617e-01
1.824993244816150284e+10 9.896168008780849290e-02
1.863246311931559753e+10 9.709362882200675560e-02
1.902301188668945694e+10 9.526053542355213122e-02
1.942174681489028549e+10 9.346137718403743633e-02
1.982883949127075195e+10 9.169598131988743184e-02
2.024446509976801682e+10 8.996407354545303547e-02
2.066880249629082108e+10 8.826458230990553988e-02
2.110203428568596649e+10 8.659655735615892636e-02
2.154434690031886673e+10 8.495984087473015811e-02
2.199593068030070114e+10 8.335418035853811580e-02
2.245697995539771652e+10 8.177857982582692475e-02
2.292769312865648651e+10 8.023215632404946673e-02
2.340827276178294373e+10 7.871476576378431955e-02
2.389892566231052399e+10 7.722617570576582879e-02
2.439986297259555435e+10 7.576546039312877234e-02
2.491130026067786026e+10 7.433179939844426765e-02
2.543345761304648209e+10 7.292506120047237417e-02
2.596655972934872437e+10 7.154503184986164832e-02
2.651083601908541489e+10 7.019085085035087213e-02
2.706652070033235550e+10 6.886175586116666247e-02
2.763385290053166962e+10 6.755762687136879219e-02
2.821307675939470673e+10 6.627826696622425573e-02
2.880444153396297836e+10 6.502287629852490647e-02
2.940820170587066650e+10 6.379074649207837344e-02
3.002461709085555267e+10 6.258176807486844073e-02
3.065395295056523514e+10 6.139575982486255440e-02
3.129648010670750427e+10 6.023197825956120438e-02
3.195247505759213638e+10 5.908976513951860049e-02
3.262222009711672974e+10 5.796902063956160811e-02
3.330600343624581909e+10 5.686957799275502157e-02
3.400411932703702927e+10 5.579074610140585117e-02
3.471686818926559448e+10 5.473191330741756372e-02
3.544455673970435333e+10 5.369298861369351666e-02
3.618749812411283875e+10 5.267381856737062690e-02
3.694601205199309540e+10 5.167376075785944101e-02
3.772042493416993713e+10 5.069224680641462588e-02
3.851107002325569153e+10 4.972919379235127973e-02
3.931828755705770111e+10 4.878446052496358126e-02
4.014242490499325562e+10 4.785744984531174750e-02
4.098383671757252502e+10 4.694763358698290229e-02
4.184288507901576233e+10 4.605493621618776678e-02
4.271993966306776428e+10 4.517922783434449863e-02
4.361537789208005524e+10 4.431995334229176658e-02
4.452958509942659760e+10 4.347662193730850166e-02
4.546295469532408905e+10 4.264916483970658534e-02
4.641588833612772369e+10 4.183746254899788075e-02
4.738879609717650604e+10 4.104099905999414322e-02
4.838209664925956726e+10 4.025931828766116799e-02
4.939621743878325653e+10 3.949235762607675865e-02
5.043159487171348572e+10 3.874000714853678695e-02
5.148867450137487030e+10 3.800178718820525908e-02
5.256791122018418884e+10 3.727727391988736039e-02
5.366976945540475464e+10 3.656641037913362785e-02
5.479472336900292206e+10 3.586909545333172300e-02
5.594325706169388580e+10 3.518488325339950984e-02
5.711586478126422882e+10 3.451337993088508804e-02
5.831305113526218414e+10 3.385453367469058034e-02
5.953533130814369965e+10 3.320825148616886324e-02
6.078323128297235870e+10 3.257411887460218147e-02
6.205728806776487732e+10 3.195176984734722503e-02
6.335804992658241272e+10 3.134115729932222816e-02
6.468607661546320343e+10 3.074219570047961522e-02
6.604193962330305481e+10 3.015449974743455996e-02
6.742622241778349304e+10 2.957772933307857913e-02
6.883952069645510864e+10 2.901184164830842085e-02
7.028244264308338928e+10 2.845675803706770174e-02
7.175560918936921692e+10 2.791212032851737856e-02
7.325965428215229797e+10 2.737761247074863361e-02
7.479522515621827698e+10 2.685319557493113726e-02
7.636298261282226562e+10 2.633879731101904792e-02
7.796360130405221558e+10 2.583408473123647783e-02
7.959777002314976501e+10 2.533876413841783942e-02
8.126619200091944885e+10 2.485280021981367549e-02
8.296958520834915161e+10 2.437612646656324433e-02
8.470868266557418823e+10 2.390843337933453924e-02
8.648423275731707764e+10 2.344944803585938611e-02
8.829699955494082642e+10 2.299913838427568996e-02
9.014776314524917603e+10 2.255744327181010908e-02
9.203731996618229675e+10 2.212407499827586527e-02
9.396648314954670715e+10 2.169877994852036085e-02
9.593608287093125916e+10 2.128152904296834111e-02
9.794696670695385742e+10 2.087226605645253752e-02
1.000000000000000000e+11 2.047072355509396008e-02
1.020960662306047516e+11 2.007666586705978556e-02
1.042360673976403351e+11 1.969006662093783500e-02
1.064209244064726715e+11 1.931087412452970817e-02
1.086515774652537231e+11 1.893883978549024127e-02
1.109289864895222778e+11 1.857374460824342405e-02
1.132541315152812653e+11 1.821556468779680568e-02
1.156280131207372894e+11 1.786425250139242124e-02
1.180516528568803101e+11 1.751957697402898445e-02
1.205260936870841370e+11 1.718133460901001552e-02
1.230524004359261475e+11 1.684950374662519401e-02
1.256316602474121399e+11 1.652404069882376300e-02
1.282649830528062439e+11 1.620473067705383019e-02
1.309535020482670288e+11 1.589138458948923319e-02
1.336983741824945221e+11 1.558398281948043806e-02
1.365007806546013794e+11 1.528248520542404253e-02
1.393619274224143372e+11 1.498669210107423690e-02
1.422830457214349060e+11 1.469642780293059676e-02
1.452653925946778259e+11 1.441167455249439677e-02
1.483102514336102905e+11 1.413239543076201879e-02
1.514189325304352112e+11 1.385840487028686119e-02
1.545927736419478455e+11 1.358953961121532605e-02
1.578331405652119751e+11 1.332578358423117983e-02
1.611414277253023071e+11 1.306710285163815120e-02
1.645190587753660583e+11 1.281332493610694810e-02
1.679674872092653198e+11 1.256429814360422899e-02
1.714881969870540771e+11 1.232000793962457694e-02
1.750827031735719604e+11 1.208042312718928500e-02
1.787525525904231873e+11 1.184538340004030917e-02
1.824993244816150513e+11 1.161474781419760335e-02
1.863246311931559753e+11 1.138850322894329435e-02
1.902301188668945618e+11 1.116662096660769876e-02
1.942174681489028320e+11 1.094895203760192989e-02
1.982883949127075500e+11 1.073536548986459005e-02
2.024446509976802063e+11 1.052584944773154833e-02
2.066880249629082031e+11 1.032037754906144772e-02
2.110203428568596497e+11 1.011881132661673899e-02
2.154434690031877747e+11 9.921029115696146719e-03
2.199593068030070190e+11 9.727020188201162404e-03
2.245697995539771729e+11 9.536760309965239268e-03
2.292769312865648804e+11 9.350120797650832496e-03
2.340827276178294067e+11 9.166988619094129306e-03
2.389892566231052551e+11 8.987354086587498805e-03
2.439986297259555054e+11 8.811194921384444059e-03
2.491130026067796021e+11 8.638391537465718237e-03
2.543345761304648132e+11 8.468838926626363547e-03
2.596655972934872437e+11 8.302528343813951259e-03
2.651083601908530884e+11 8.139439306924772105e-03
2.706652070033235779e+11 7.979460688927892884e-03
2.763385290053167114e+11 7.822494939943212822e-03
2.821307675939470825e+11 7.668534168479557850e-03
2.880444153396297607e+11 7.517559543025324406e-03
2.940820170587066650e+11 7.369467802029416176e-03
3.002461709085555420e+11 7.224168328198336125e-03
3.065395295056536255e+11 7.081654002429122602e-03
3.129648010670750732e+11 6.941907509471173347e-03
3.195247505759213257e+11 6.804832901401433772e-03
3.262222009711659546e+11 6.670346004856288723e-03
3.330600343624581909e+11 6.538440399205529274e-03
3.400411932703702393e+11 6.409100161899837327e-03
3.471686818926559448e+11 6.282236145527842451e-03
3.544455673970435181e+11 6.157770166444813571e-03
3.618749812411284180e+11 6.035696435213316023e-03
3.694601205199309692e+11 5.916000308374474645e-03
3.772042493417008667e+11 5.798598961897836850e-03
3.851107002325568848e+11 5.683419779659648792e-03
3.931828755705770264e+11 5.570457542208351147e-03
4.014242490499309692e+11 5.459698780706494052e-03
4.098383671757252808e+11 5.351066550841175433e-03
4.184288507901575928e+11 5.244493411558236520e-03
4.271993966306776123e+11 5.139974657731022703e-03
4.361537789208005371e+11 5.037497899112673358e-03
4.452958509942659912e+11 4.936991658543661392e-03
4.546295469532408447e+11 4.838393305220680188e-03
4.641588833612791138e+11 4.741698597762698635e-03
4.738879609717650757e+11 4.646896136245105662e-03
4.838209664925957031e+11 4.553919527003531982e-03
4.939621743878305664e+11 4.462710610362395983e-03
5.043159487171348267e+11 4.373265562747737610e-03
5.148867450137487183e+11 4.285573893424095976e-03
5.256791122018419189e+11 4.199573935451987421e-03
5.366976945540476074e+11 4.115211685021088160e-03
5.479472336900292969e+11 4.032483694672393294e-03
5.594325706169388428e+11 3.951380308311068512e-03
5.711586478126446533e+11 3.871844253926988097e-03
5.831305113526218262e+11 3.793825390506275989e-03
5.953533130814368896e+11 3.717320608881479176e-03
6.078323128297211914e+11 3.642321019099774293e-03
6.205728806776488037e+11 3.568773435524994885e-03
6.335804992658240967e+11 3.496631307480999908e-03
6.468607661546320801e+11 3.425891829806136917e-03
6.604193962330305176e+11 3.356546815770144760e-03
6.742622241778348389e+11 3.288546879146494149e-03
6.883952069645510254e+11 3.221848806300876139e-03
7.028244264308366699e+11 3.156450065021047455e-03
7.175560918936921387e+11 3.092343114006788820e-03
7.325965428215229492e+11 3.029482099557049245e-03
7.479522515621828613e+11 2.967826909594239570e-03
7.636298261282225342e+11 2.907375256744787126e-03
7.796360130405220947e+11 2.848120192061628312e-03
7.959777002314978027e+11 2.790019146157554728e-03
8.126619200091945801e+11 2.733034889578386285e-03
8.296958520834915771e+11 2.677165354363899349e-03
8.470868266557419434e+11 2.622404135187435519e-03
8.648423275731743164e+11 2.568711716120677079e-03
8.829699955494082031e+11 2.516053546784996920e-03
9.014776314524916992e+11 2.464427755658554330e-03
9.203731996618229980e+11 2.413828436294396251e-03
9.396648314954670410e+11 2.364218911510489012e-03
9.593608287093126221e+11 2.315567120756900719e-03
9.794696670695385742e+11 2.267871368203562988e-03
1.000000000000000000e+12 2.221126205219030487e-03
1.020960662306047485e+12 2.175297593663356836e-03
1.042360673976403198e+12 2.130355786861197302e-03
1.064209244064726929e+12 2.086299245960859979e-03
1.086515774652537354e+12 2.043122942459389690e-03
1.109289864895222656e+12 2.000795291511351173e-03
1.132541315152812744e+12 1.959288696721019421e-03
1.156280131207372803e+12 1.918601759349799433e-03
1.180516528568802979e+12 1.878729836442716294e-03
1.205260936870841309e+12 1.839643623681281280e-03
1.230524004359261719e+12 1.801317522840358660e-03
1.256316602474121338e+12 1.763750260112116434e-03
1.282649830528062500e+12 1.726937546366495452e-03
1.309535020482670410e+12 1.690852197112199893e-03
1.336983741824945068e+12 1.655470470865827697e-03
1.365007806546013672e+12 1.620791205098980883e-03
1.393619274224143311e+12 1.586810435406227045e-03
1.422830457214348877e+12 1.553502947651201225e-03
1.452653925946778320e+12 1.520846725589931198e-03
1.483102514336102783e+12 1.488840705710137418e-03
1.514189325304351807e+12 1.457481221646743331e-03
1.545927736419478516e+12 1.426744890583857717e-03
1.578331405652119873e+12 1.396611299244818021e-03
1.611414277253023193e+12 1.367079472132136332e-03
1.645190587753660889e+12 1.338146016454405457e-03
1.679674872092653076e+12 1.309789251390688003e-03
1.714881969870540771e+12 1.281990252940386297e-03
1.750827031735719727e+12 1.254748123765430171e-03
1.787525525904231689e+12 1.228059722218989135e-03
1.824993244816150391e+12 1.201904949179600753e-03
1.863246311931559814e+12 1.176266264209503698e-03
1.902301188668945801e+12 1.151142839314565946e-03
1.942174681489028320e+12 1.126531763434228004e-03
1.982883949127075439e+12 1.102414407250331676e-03
2.024446509976801758e+12 1.078774515593507134e-03
2.066880249629082031e+12 1.055611321938244212e-03
2.110203428568596680e+12 1.032922126971950886e-03
2.154434690031877930e+12 1.010689667096123512e-03
2.199593068030070312e+12 9.888988810111657042e-04
2.245697995539771484e+12 9.675490566377223465e-04
2.292769312865648926e+12 9.466376891524783121e-04
2.340827276178293945e+12 9.261487838587446333e-04
2.389892566231052246e+12 9.060683883415509730e-04
2.439986297259555176e+12 8.863958387163396518e-04
2.491130026067796387e+12 8.671288088402357786e-04
2.543345761304647949e+12 8.482524828600408739e-04
2.596655972934872070e+12 8.297539382232315503e-04
2.651083601908530762e+12 8.116325536858446342e-04
2.706652070033235840e+12 7.938861673069276927e-04
2.763385290053166992e+12 7.765010583064962122e-04
2.821307675939470703e+12 7.594652605171698691e-04
2.880444153396297852e+12 7.427781904109203573e-04
2.940820170587066406e+12 7.264378369917741992e-04
3.002461709085555176e+12 7.104314966308155482e-04
3.065395295056536133e+12 6.947480912243873341e-04
3.129648010670750488e+12 6.793870706040931479e-04
3.195247505759213867e+12 6.643465625819961915e-04
3.262222009711660156e+12 6.496148081987197179e-04
3.330600343624582031e+12 6.351815538885530405e-04
3.400411932703702637e+12 6.210462789967548334e-04
3.471686818926559082e+12 6.072072390343958084e-04
3.544455673970435547e+12 5.936535522932125499e-04
3.618749812411284180e+12 5.803757306771048117e-04
3.694601205199310059e+12 5.673732796606669425e-04
3.772042493417008789e+12 5.546445722887007740e-04
3.851107002325568848e+12 5.421795413936415613e-04
3.931828755705770020e+12 5.299694094285332122e-04
4.014242490499309570e+12 5.180137050273393544e-04
4.098383671757252930e+12 5.063109094674997325e-04
4.184288507901576172e+12 4.948517117939556275e-04
4.271993966306776855e+12 4.836279939448903512e-04
4.361537789208005859e+12 4.726393051156283593e-04
4.452958509942660156e+12 4.618842263078739413e-04
4.546295469532409180e+12 4.513541485266882379e-04
4.641588833612791016e+12 4.410415657182003473e-04
4.738879609717650391e+12 4.309460453744862630e-04
4.838209664925957031e+12 4.210662604391477836e-04
4.939621743878305664e+12 4.113942534176764226e-04
5.043159487171347656e+12 4.019230861227124168e-04
5.148867450137486328e+12 3.926523423763607227e-04
5.256791122018418945e+12 3.835807799472241660e-04
5.366976945540475586e+12 3.747010459103006967e-04
5.479472336900291992e+12 3.660067289057266759e-04
5.594325706169388672e+12 3.574974273858996972e-04
5.711586478126446289e+12 3.491719774373774096e-04
5.831305113526218750e+12 3.410235870573380488e-04
5.953533130814370117e+12 3.330463335606567796e-04
6.078323128297210938e+12 3.252398285683724493e-04
6.205728806776487305e+12 3.176029805362290338e-04
6.335804992658241211e+12 3.101295177917532927e-04
6.468607661546321289e+12 3.028139708561614443e-04
6.604193962330305664e+12 2.956559632692425566e-04
6.742622241778348633e+12 2.886544704180075038e-04
6.883952069645509766e+12 2.818037032116461524e-04
7.028244264308366211e+12 2.750986124061826645e-04
7.175560918936920898e+12 2.685388323982506112e-04
7.325965428215229492e+12 2.621234005359033377e-04
7.479522515621797852e+12 2.558469752070185489e-04
7.636298261282225586e+12 2.497048967536262239e-04
7.796360130405220703e+12 2.436968095339475866e-04
7.959777002314977539e+12 2.378218083144583209e-04
8.126619200091945312e+12 2.320749663209685564e-04
8.296958520834915039e+12 2.264519849933331716e-04
8.470868266557419922e+12 2.209525179030618887e-04
8.648423275731745117e+12 2.155757130837499479e-04
8.829699955494082031e+12 2.103170282497068128e-04
9.014776314524917969e+12 2.051724994604390651e-04
9.203731996618228516e+12 2.001417888822695475e-04
9.396648314954669922e+12 1.952240940222728773e-04
9.593608287093126953e+12 1.904152288664349036e-04
9.794696670695386719e+12 1.857115394858166945e-04
1.000000000000000000e+13 1.811126961368498081e-04
1.020960662306047461e+13 1.766179423332036626e-04
1.042360673976403125e+13 1.722234221006644196e-04
1.064209244064726758e+13 1.679257686535944711e-04
1.086515774652537305e+13 1.637246599333429644e-04
1.109289864895222656e+13 1.596193822919304568e-04
1.132541315152812695e+13 1.556063854104967577e-04
1.156280131207373047e+13 1.516825683971081236e-04
1.180516528568803125e+13 1.478476165594139256e-04
1.205260936870841211e+13 1.441008561919381275e-04
1.230524004359261523e+13 1.404390199662639005e-04
1.256316602474121484e+13 1.368592531406604231e-04
1.282649830528062695e+13 1.333612481453258470e-04
1.309535020482670312e+13 1.299443685704583344e-04
1.336983741824945312e+13 1.266056090140111354e-04
1.365007806546013672e+13 1.233423425424696757e-04
1.393619274224143359e+13 1.201542685296425885e-04
1.422830457214349023e+13 1.170407854416067374e-04
1.452653925946778320e+13 1.139991302287339964e-04
1.483102514336102734e+13 1.110268867278591665e-04
1.514189325304351953e+13 1.081237611325661075e-04
1.545927736419478516e+13 1.052891845719222409e-04
1.578331405652119727e+13 1.025206181619646103e-04
1.611414277253023242e+13 9.981584068551786911e-05
1.645190587753660742e+13 9.717456507876936871e-05
1.679674872092653125e+13 9.459625310949389490e-05
1.714881969870541016e+13 9.207857316398119682e-05
1.750827031735719922e+13 8.961948427591123929e-05
1.787525525904231641e+13 8.721870608600817477e-05
1.824993244816150391e+13 8.487572914807013159e-05
1.863246311931559766e+13 8.258841342549849598e-05
1.902301188668945703e+13 8.035488455856349169e-05
1.942174681489028516e+13 7.817486888670955789e-05
1.982883949127075391e+13 7.604788405333138006e-05
2.024446509976801562e+13 7.397196702510246407e-05
2.066880249629082031e+13 7.194539738262556081e-05
2.110203428568596484e+13 6.996790818443792087e-05
2.154434690031877734e+13 6.803904260907477368e-05
2.199593068030070312e+13 6.615700109478697775e-05
2.245697995539771484e+13 6.432020540640645035e-05
2.292769312865648828e+13 6.252839536256039356e-05
2.340827276178294141e+13 6.078113825138659580e-05
2.389892566231052344e+13 5.907678542129466781e-05
2.439986297259555078e+13 5.741388991220728672e-05
2.491130026067785938e+13 5.579219835954330614e-05
2.543345761304648438e+13 5.421130085237620778e-05
2.596655972934872656e+13 5.266968799105040783e-05
2.651083601908530859e+13 5.116603396957446545e-05
2.706652070033235938e+13 4.970009230808493118e-05
2.763385290053166797e+13 4.827147469385922494e-05
2.821307675939470703e+13 4.687880016209093782e-05
2.880444153396297656e+13 4.552085467358414785e-05
2.940820170587066797e+13 4.419739870873109415e-05
3.002461709085555078e+13 4.290806444639558390e-05
3.065395295056535938e+13 4.165158932289629416e-05
3.129648010670750391e+13 4.042686236152696390e-05
3.195247505759213672e+13 3.923365108274092547e-05
3.262222009711659766e+13 3.807160713734375203e-05
3.330600343624581641e+13 3.693957705851739137e-05
3.400411932703702734e+13 3.583654486338525225e-05
3.471686818926559766e+13 3.476228519336117909e-05
3.544455673970435938e+13 3.371646822999483647e-05
3.618749812411284375e+13 3.269804097814360549e-05
3.694601205199309375e+13 3.170607497153842870e-05
3.772042493417008594e+13 3.074035205175845308e-05
3.851107002325568750e+13 2.980056006048341539e-05
3.931828755705770312e+13 2.888573848122156644e-05
4.014242490499309375e+13 2.799503943744898534e-05
4.098383671757252344e+13 2.712825204602029391e-05
4.184288507901575781e+13 2.628508100175414237e-05
4.271993966306776562e+13 2.546465086262746438e-05
4.361537789208005469e+13 2.466618792739762626e-05
4.452958509942659375e+13 2.388948865736233737e-05
4.546295469532408594e+13 2.313427385082217545e-05
4.641588833612791406e+13 2.239974628424518617e-05
4.738879609717650781e+13 2.168520049392343141e-05
4.838209664925957031e+13 2.099044034683471058e-05
4.939621743878305469e+13 2.031520204628711529e-05
5.043159487171348438e+13 1.965876024151397178e-05
5.148867450137487500e+13 1.902047221208595250e-05
5.256791122018419531e+13 1.840014928236091403e-05
5.366976945540475781e+13 1.779754240802091912e-05
5.479472336900292188e+13 1.721199224033180094e-05
5.594325706169388281e+13 1.664291372043191157e-05
5.711586478126446875e+13 1.609012567073530301e-05
5.831305113526218750e+13 1.555339318731357073e-05
5.953533130814369531e+13 1.503211749453020766e-05
6.078323128297210938e+13 1.452576649681097594e-05
6.205728806776487500e+13 1.403416654284927271e-05
6.335804992658241406e+13 1.355709629309398781e-05
6.468607661546320312e+13 1.309401252712965674e-05
6.604193962330304688e+13 1.264443177097042559e-05
6.742622241778349219e+13 1.220818791441019207e-05
6.883952069645510938e+13 1.178507263816509360e-05
7.028244264308367188e+13 1.137459364161177084e-05
7.175560918936920312e+13 1.097631206213245327e-05
7.325965428215229688e+13 1.059006933118747578e-05
7.479522515621796875e+13 1.021566963374289166e-05
7.636298261282225000e+13 9.852667309166777843e-06
7.796360130405220312e+13 9.500664403957136310e-06
7.959777002314978125e+13 9.159509876708665847e-06
8.126619200091945312e+13 8.829019925096174499e-06
8.296958520834914062e+13 8.508791579110348710e-06
8.470868266557418750e+13 8.198464377993715545e-06
8.648423275731743750e+13 7.897894777087851101e-06
8.829699955494082812e+13 7.606910516388766516e-06
9.014776314524917188e+13 7.325147674018675704e-06
9.203731996618229688e+13 7.052280130811676030e-06
9.396648314954671875e+13 6.788171791976480256e-06
9.593608287093126562e+13 6.532661487597104753e-06
9.794696670695385938e+13 6.285420986373477679e-06
1.000000000000000000e+14 6.046155605653522787e-06
1.020960662306047656e+14 5.814736636848732850e-06
1.042360673976403281e+14 5.591013563502023394e-06
1.064209244064726875e+14 5.374690751791675518e-06
1.086515774652537188e+14 5.165502278551913046e-06
1.109289864895222656e+14 4.963326740525526764e-06
1.132541315152812656e+14 4.768023851114063298e-06
1.156280131207372969e+14 4.579327725959473207e-06
1.180516528568803125e+14 4.396998735499567925e-06
1.205260936870841250e+14 4.220922683548610447e-06
1.230524004359261562e+14 4.050969100703709025e-06
1.256316602474121406e+14 3.886899231247517712e-06
1.282649830528062500e+14 3.728497468806851069e-06
1.309535020482670312e+14 3.575656708588230501e-06
1.336983741824945156e+14 3.428255894718061331e-06
1.365007806546013906e+14 3.286080989579084387e-06
1.393619274224143594e+14 3.148938320233511445e-06
1.422830457214349062e+14 3.016727740162148889e-06
1.452653925946778125e+14 2.889337210596072438e-06
1.483102514336102812e+14 2.766575195939392813e-06
1.514189325304351875e+14 2.648268033772602145e-06
1.545927736419478438e+14 2.534322385443582070e-06
1.578331405652119688e+14 2.424634838618868953e-06
1.611414277253023125e+14 2.319034323311210326e-06
1.645190587753660625e+14 2.217365418592329145e-06
1.679674872092653125e+14 2.119541426213162112e-06
1.714881969870540938e+14 2.025467174031265320e-06
1.750827031735719688e+14 1.934990186997759791e-06
1.787525525904231875e+14 1.847971658361487221e-06
1.824993244816150312e+14 1.764331346038250932e-06
1.863246311931559688e+14 1.683981935094073491e-06
1.902301188668945625e+14 1.606787827475136153e-06
1.942174681489028438e+14 1.532625333715823565e-06
1.982883949127075312e+14 1.461420467485768227e-06
2.024446509976801875e+14 1.393093390632917634e-06
2.066880249629082188e+14 1.327523804952532754e-06
2.110203428568596562e+14 1.264601761435737111e-06
2.154434690031877812e+14 1.204259313714297122e-06
2.199593068030070312e+14 1.146423722014655807e-06
2.245697995539771562e+14 1.090988540414183178e-06
2.292769312865648750e+14 1.037856293860194360e-06
2.340827276178294375e+14 9.869648456448894781e-07
2.389892566231052500e+14 9.382481776488373278e-07
2.439986297259555000e+14 8.916123678064780005e-07
2.491130026067785938e+14 8.469712498198827861e-07
2.543345761304648125e+14 8.042682528416482530e-07
2.596655972934872500e+14 7.634437052235321062e-07
2.651083601908530625e+14 7.244149897779501628e-07
2.706652070033235938e+14 6.871061767145850673e-07
2.763385290053167188e+14 6.514660049288006968e-07
2.821307675939470625e+14 6.174407756970967940e-07
2.880444153396298125e+14 5.849580582215035772e-07
2.940820170587066250e+14 5.539511722592162457e-07
3.002461709085555000e+14 5.243738993858203164e-07
3.065395295056535625e+14 4.961781422530816094e-07
3.129648010670750625e+14 4.693006302570716499e-07
3.195247505759213750e+14 4.436830240535557468e-07
3.262222009711659375e+14 4.192838714575532149e-07
3.330600343624581250e+14 3.960603075406468526e-07
3.400411932703702500e+14 3.739572804938552291e-07
3.471686818926559375e+14 3.529239552109466335e-07
3.544455673970435625e+14 3.329233616988257482e-07
3.618749812411283750e+14 3.139175019440392189e-07
3.694601205199310000e+14 2.958586795327784061e-07
3.772042493417008750e+14 2.787027932184447094e-07
3.851107002325568750e+14 2.624170654536049739e-07
3.931828755705770000e+14 2.469680041060591191e-07
4.014242490499310000e+14 2.323144765542987092e-07
4.098383671757253125e+14 2.184184061566958620e-07
4.184288507901576250e+14 2.052509143939760094e-07
4.271993966306776875e+14 1.927826596539435485e-07
4.361537789208005625e+14 1.809783477249091224e-07
4.452958509942660000e+14 1.698052738650866225e-07
4.546295469532408750e+14 1.592381636792263454e-07
4.641588833612791250e+14 1.492514777808535226e-07
4.738879609717650625e+14 1.398150962292716910e-07
4.838209664925956875e+14 1.309010859823446666e-07
4.939621743878305000e+14 1.224874826445471586e-07
5.043159487171348125e+14 1.145522093311714291e-07
5.148867450137486875e+14 1.070697130139409543e-07
5.256791122018418750e+14 1.000162810671916038e-07
5.366976945540476250e+14 9.337296805152276569e-08
5.479472336900293125e+14 8.712083000992826687e-08
5.594325706169389375e+14 8.123832627871168542e-08
5.711586478126446250e+14 7.570545914891246782e-08
5.831305113526218750e+14 7.050601651954380607e-08
5.953533130814370000e+14 6.562386960083662105e-08
6.078323128297211250e+14 6.104098486687041122e-08
6.205728806776487500e+14 5.674061708689567275e-08
6.335804992658241250e+14 5.270900962622946918e-08
6.468607661546320000e+14 4.893254456879888882e-08
6.604193962330305000e+14 4.539623650230453439e-08
6.742622241778348750e+14 4.208617088385932431e-08
6.883952069645510000e+14 3.899077863112308788e-08
7.028244264308366250e+14 3.609866345330795212e-08
7.175560918936921250e+14 3.339747242656556340e-08
7.325965428215230000e+14 3.087573840149666817e-08
7.479522515621797500e+14 2.852382395917634184e-08
7.636298261282225000e+14 2.633228169764597561e-08
7.796360130405220000e+14 2.429101642330020633e-08
7.959777002314977500e+14 2.239066164463602221e-08
8.126619200091946250e+14 2.062326962049477480e-08
8.296958520834916250e+14 1.898108691830818630e-08
8.470868266557420000e+14 1.745593985773995459e-08
8.648423275731745000e+14 1.604025063821006704e-08
8.829699955494082500e+14 1.472753474548578028e-08
9.014776314524917500e+14 1.351149670229755258e-08
9.203731996618230000e+14 1.238558448283451578e-08
9.396648314954671250e+14 1.134373007172473049e-08
9.593608287093126250e+14 1.038070259652820710e-08
9.794696670695385000e+14 9.491448243943608751e-09
1.000000000000000000e+15 8.670771038044532948e-09
1.020960662306047500e+15 7.913865222565001360e-09
1.042360673976403250e+15 7.216561841727226401e-09
1.064209244064722375e+15 6.574852692079336521e-09
1.086515774652537375e+15 5.984664424767322009e-09
1.109289864895222875e+15 5.442235692285912017e-09
1.132541315152812750e+15 4.944286216016962612e-09
1.156280131207377750e+15 4.487677765733385597e-09
1.180516528568803000e+15 4.069256292696952784e-09
1.205260936870841250e+15 3.686114918165203592e-09
1.230524004359261500e+15 3.335707530207409967e-09
1.256316602474121500e+15 3.015610490827623157e-09
1.282649830528062500e+15 2.723413697865916359e-09
1.309535020482665000e+15 2.456900867081007844e-09
1.336983741824945250e+15 2.214124138365209907e-09
1.365007806546013750e+15 1.993238840122734823e-09
1.393619274224143500e+15 1.792429257137452770e-09
1.422830457214354750e+15 1.610029947915312182e-09
1.452653925946778250e+15 1.444573481442857449e-09
1.483102514336102750e+15 1.294677453687101057e-09
1.514189325304352000e+15 1.158994528251855377e-09
1.545927736419478500e+15 1.036292439086980434e-09
1.578331405652119500e+15 9.254836151591705061e-10
1.611414277253016750e+15 8.255490292819066523e-10
1.645190587753660750e+15 7.355049755219157363e-10
1.679674872092653250e+15 6.544546645273198890e-10
1.714881969870541000e+15 5.816059405627274851e-10
1.750827031735726750e+15 5.162207055828313968e-10
1.787525525904231750e+15 4.575930761884534168e-10
1.824993244816150500e+15 4.050818443039456711e-10
1.863246311931559750e+15 3.581205881848936886e-10
1.902301188668945750e+15 3.161845819857959737e-10
1.942174681489028250e+15 2.787765849917094066e-10
1.982883949127067250e+15 2.454467018504582424e-10
2.024446509976801750e+15 2.157977983407072182e-10
2.066880249629082000e+15 1.894641773233004777e-10
2.110203428568596500e+15 1.661024213787756915e-10
2.154434690031886500e+15 1.454031612497050367e-10
2.199593068030070500e+15 1.270937124096876371e-10
2.245697995539771750e+15 1.109245420722276547e-10
2.292769312865648500e+15 9.666341844693241970e-11
2.340827276178294500e+15 8.410212730118106778e-11
2.389892566231052500e+15 7.305755067179662012e-11
2.439986297259545000e+15 6.336320929195666634e-11
2.491130026067786000e+15 5.486555310677930288e-11
2.543345761304648500e+15 4.742762379567352509e-11
2.596655972934872000e+15 4.092932468992217003e-11
2.651083601908541500e+15 3.526221594412216852e-11
2.706652070033235500e+15 3.032717949229059000e-11
2.763385290053167000e+15 2.603630337639750626e-11
2.821307675939470500e+15 2.231278060637328537e-11
2.880444153396297500e+15 1.908775532083298837e-11
2.940820170587066500e+15 1.629886361569119086e-11
3.002461709085543000e+15 1.389112831109429363e-11
3.065395295056523500e+15 1.181672656182322682e-11
3.129648010670750500e+15 1.003310856264169732e-11
3.195247505759214000e+15 8.502093179562555785e-12
3.262222009711673500e+15 7.190242525836448539e-12
3.330600343624582000e+15 6.068617728197741251e-12
3.400411932703702500e+15 5.111674666634745529e-12
3.471686818926559500e+15 4.296709077738073695e-12
3.544455673970435500e+15 3.603977946923057541e-12
3.618749812411284000e+15 3.016493610627097767e-12
3.694601205199294500e+15 2.519386447815875033e-12
3.772042493416993500e+15 2.099568745057636830e-12
3.851107002325568500e+15 1.745746484594779423e-12
3.931828755705770000e+15 1.448265171106118240e-12
4.014242490499326000e+15 1.198748620411976827e-12
4.098383671757253000e+15 9.898986406204630027e-13
4.184288507901576000e+15 8.154688655991707091e-13
4.271993966306776500e+15 6.701584267077567268e-13
4.361537789208006000e+15 5.494112555433289567e-13
4.452958509942660000e+15 4.492991174025510147e-13
4.546295469532390000e+15 3.664895072052543178e-13
4.641588833612773000e+15 2.981770012784110018e-13
4.738879609717651000e+15 2.419741957604727534e-13
4.838209664925957000e+15 1.958450857848478006e-13
4.939621743878326000e+15 1.580787469825489312e-13
5.043159487171349000e+15 1.272475154467261876e-13
5.148867450137487000e+15 1.021491939637034295e-13
5.256791122018419000e+15 8.177020729114591239e-14
5.366976945540476000e+15 6.526744168174632572e-14
5.479472336900292000e+15 5.194411623211088721e-14
5.594325706169389000e+15 4.122002070402398527e-14
5.711586478126423000e+15 3.261182052199292117e-14
5.831305113526218000e+15 2.572183327527269848e-14
5.953533130814370000e+15 2.022482614217186978e-14
6.078323128297236000e+15 1.585317972420546031e-14
6.205728806776513000e+15 1.238675890063850672e-14
6.335804992658241000e+15 9.646546247889859022e-15
6.468607661546321000e+15 7.487792070577920838e-15
6.604193962330306000e+15 5.792885987464924561e-15
6.742622241778349000e+15 4.466367234943247516e-15
6.883952069645510000e+15 3.431573025111212934e-15
7.028244264308338000e+15 2.627272698742242637e-15
7.175560918936921000e+15 2.004381486924205466e-15
7.325965428215230000e+15 1.523616667431840548e-15
7.479522515621829000e+15 1.153852008802514310e-15
7.636298261282257000e+15 8.705545975403206295e-16
7.796360130405221000e+15 6.543381634842255962e-16
7.959777002314978000e+15 4.899178589411116835e-16
8.126619200091945000e+15 3.653555603590577278e-16
8.296958520834915000e+15 2.713755093321689982e-16
8.470868266557420000e+15 2.007591568154290812e-16
8.648423275731709000e+15 1.479046457603507810e-16
8.829699955494083000e+15 1.085036087707974959e-16
9.014776314524918000e+15 7.925962225707917030e-17
9.203731996618230000e+15 5.764888431527409713e-17
9.396648314954710000e+15 4.174555241125172455e-17
9.593608287093126000e+15 3.009272005666499084e-17
9.794696670695384000e+15 2.159396986144516399e-17
