1.020960662306047603e+07 1.138444303256482186e+02
1.042360673976401053e+07 1.116599235432747435e+02
1.064209244064724632e+07 1.095176197857311422e+02
1.086515774652537145e+07 1.074163497358279216e+02
1.109289864895222709e+07 1.053550498581317356e+02
1.132541315152812563e+07 1.033333007918173081e+02
1.156280131207375228e+07 1.013506109836188074e+02
1.180516528568805568e+07 9.940589722736886813e+01
1.205260936870841496e+07 9.749817446956460287e+01
1.230524004359261692e+07 9.562705566286214776e+01
1.256316602474121563e+07 9.379208670281978755e+01
1.282649830528059974e+07 9.199226414006533048e+01
1.309535020482667536e+07 9.022667560027925049e+01
1.336983741824945062e+07 8.849496386746881171e+01
1.365007806546013802e+07 8.679670943493316315e+01
1.393619274224143475e+07 8.513098272641413189e+01
1.422830457214351930e+07 8.349693867462181629e+01
1.452653925946781226e+07 8.189424760194313535e+01
1.483102514336102828e+07 8.032252196559393553e+01
1.514189325304351933e+07 7.878090061361403684e+01
1.545927736419478431e+07 7.726860081289707693e+01
1.578331405652116425e+07 7.578531830619233745e+01
1.611414277253019996e+07 7.433069508016966154e+01
1.645190587753660791e+07 7.290393336274995306e+01
1.679674872092653066e+07 7.150430814876362717e+01
1.714881969870540872e+07 7.013153864634554679e+01
1.750827031735723466e+07 6.878529412370146190e+01
1.787525525904235244e+07 6.746483551546062074e+01
1.824993244816150516e+07 6.616949128089332532e+01
1.863246311931559816e+07 6.489900228628378898e+01
1.902301188668945804e+07 6.365306300578657073e+01
1.942174681489024311e+07 6.243098875323121888e+01
1.982883949127071351e+07 6.123215750228093412e+01
2.024446509976801649e+07 6.005633011160016821e+01
2.066880249629081786e+07 5.890322434249395656e+01
2.110203428568596393e+07 5.777220587935773466e+01
2.154434690031882003e+07 5.666269855361978358e+01
2.199593068030074611e+07 5.557448167853534926e+01
2.245697995539776236e+07 5.450729452851852130e+01
2.292769312865648791e+07 5.346054944678693488e+01
2.340827276178294048e+07 5.243371273757281159e+01
2.389892566231048107e+07 5.142658074704360871e+01
2.439986297259550542e+07 5.043891262474009807e+01
2.491130026067791134e+07 4.947016393578984150e+01
2.543345761304648221e+07 4.851984031983859325e+01
2.596655972934872285e+07 4.758775384600852476e+01
2.651083601908536255e+07 4.667368202549246092e+01
2.706652070033241063e+07 4.577712046030796245e+01
2.763385290053172782e+07 4.489761122341124633e+01
2.821307675939470530e+07 4.403498089498771861e+01
2.880444153396297619e+07 4.318902394981409998e+01
2.940820170587060601e+07 4.235927307838140621e+01
3.002461709085549042e+07 4.154530409731529517e+01
3.065395295056529716e+07 4.074695698053910320e+01
3.129648010670750216e+07 3.996404187453911305e+01
3.195247505759213492e+07 3.919612582684587920e+01
3.262222009711666778e+07 3.844281590766244960e+01
3.330600343624588847e+07 3.770396445306507616e+01
3.400411932703709602e+07 3.697939608776046327e+01
3.471686818926559389e+07 3.626870968620497138e+01
3.544455673970435560e+07 3.557154126618739554e+01
3.618749812411276251e+07 3.488775457381682088e+01
3.694601205199302733e+07 3.421718760886628274e+01
3.772042493417001516e+07 3.355946872978086049e+01
3.851107002325568348e+07 3.291426076660027178e+01
3.931828755705770105e+07 3.228143799599123298e+01
4.014242490499317646e+07 3.166085077373972112e+01
4.098383671757261455e+07 3.105215477220817988e+01
4.184288507901584357e+07 3.045503765611308467e+01
4.271993966306776553e+07 2.986938342077245423e+01
4.361537789208005369e+07 2.929505383697807375e+01
4.452958509942659736e+07 2.873172988061682531e+01
4.546295469532398880e+07 2.817912221937658046e+01
4.641588833612781763e+07 2.763712381819437525e+01
4.738879609717650712e+07 2.710560699296942389e+01
4.838209664925957471e+07 2.658427616146098416e+01
4.939621743878325820e+07 2.607286329786942503e+01
5.043159487171358615e+07 2.557126964496048416e+01
5.148867450137497485e+07 2.507937726074460372e+01
5.256791122018418461e+07 2.459691227968071203e+01
5.366976945540475845e+07 2.412362641162323484e+01
5.479472336900292337e+07 2.365942853907913346e+01
5.594325706169377267e+07 2.320420971939150334e+01
5.711586478126434237e+07 2.275771620629509684e+01
5.831305113526218385e+07 2.231971799066784712e+01
5.953533130814369768e+07 2.189013100521291832e+01
6.078323128297235817e+07 2.146885462062899208e+01
6.205728806776500493e+07 2.105565373031287990e+01
6.335804992658253759e+07 2.065031525867974693e+01
6.468607661546321213e+07 2.025276164449184790e+01
6.604193962330305576e+07 1.986289993845879920e+01
6.742622241778348386e+07 1.948051230275094881e+01
6.883952069645495713e+07 1.910540134722605998e+01
7.028244264308351278e+07 1.873749551472077357e+01
7.175560918936920166e+07 1.837670895050382214e+01
7.325965428215231001e+07 1.802283981574069571e+01
7.479522515621829033e+07 1.767570524990192737e+01
7.636298261282241344e+07 1.733523923644267839e+01
7.796360130405236781e+07 1.700136247444373794e+01
7.959777002314977348e+07 1.667388794767690641e+01
8.126619200091944635e+07 1.635264625476984079e+01
8.296958520834915340e+07 1.603757649206191260e+01
8.470868266557401419e+07 1.572860541262900114e+01
8.648423275731725991e+07 1.542555973340207132e+01
8.829699955494081974e+07 1.512828252064624479e+01
9.014776314524917305e+07 1.483671758866427304e+01
9.203731996618229151e+07 1.455079728294445651e+01
9.396648314954690635e+07 1.427036104417842388e+01
9.593608287093147635e+07 1.399526348795468600e+01
9.794696670695386827e+07 1.372545278202610319e+01
1.000000000000000000e+08 1.346086643797460525e+01
1.020960662306047529e+08 1.320135568509568635e+01
1.042360673976403177e+08 1.294678583770019742e+01
1.064209244064722359e+08 1.269710908067784416e+01
1.086515774652537256e+08 1.245226769762617280e+01
1.109289864895222783e+08 1.221212384037055720e+01
1.132541315152812600e+08 1.197655273395583109e+01
1.156280131207377762e+08 1.174551026992940805e+01
1.180516528568803072e+08 1.151894314011581422e+01
1.205260936870841384e+08 1.129672361621893373e+01
1.230524004359261543e+08 1.107873610433096978e+01
1.256316602474121451e+08 1.086493991619398081e+01
1.282649830528062433e+08 1.065528581550232978e+01
1.309535020482665002e+08 1.044965545047096711e+01
1.336983741824945360e+08 1.024794173231156158e+01
1.365007806546013653e+08 1.005010712851335519e+01
1.393619274224143326e+08 9.856106163969460709e+00
1.422830457214354575e+08 9.665829174710259153e+00
1.452653925946778059e+08 9.479176951007611152e+00
1.483102514336102903e+08 9.296114871944151758e+00
1.514189325304352045e+08 9.116600936737491168e+00
1.545927736419478357e+08 8.940533531169142734e+00
1.578331405652119517e+08 8.767820744567583091e+00
1.611414277253016531e+08 8.598430642405954671e+00
1.645190587753660679e+08 8.432324433120557572e+00
1.679674872092653215e+08 8.269407961112470673e+00
1.714881969870540798e+08 8.109596077553984372e+00
1.750827031735726893e+08 7.952859326447659249e+00
1.787525525904231668e+08 7.799161880595705476e+00
1.824993244816150367e+08 7.648416495316711305e+00
1.863246311931559741e+08 7.500544286021409768e+00
1.902301188668946028e+08 7.355518083439731569e+00
1.942174681489028633e+08 7.213304798441915189e+00
1.982883949127075374e+08 7.073823589908592169e+00
2.024446509976801872e+08 6.937001376566897193e+00
2.066880249629082084e+08 6.802813098822434235e+00
2.110203428568596542e+08 6.671228196624803708e+00
2.154434690031886399e+08 6.542171762329677343e+00
2.199593068030070364e+08 6.415576091001367054e+00
2.245697995539771616e+08 6.291418069325165341e+00
2.292769312865648568e+08 6.169669473301659934e+00
2.340827276178294122e+08 6.050260893232259463e+00
2.389892566231052577e+08 5.933129604949299640e+00
2.439986297259555161e+08 5.818254290695596076e+00
2.491130026067785919e+08 5.705608884169642181e+00
2.543345761304648221e+08 5.595129070078584732e+00
2.596655972934872508e+08 5.486756738657809329e+00
2.651083601908541918e+08 5.380472228552933167e+00
2.706652070033235550e+08 5.276251466427561709e+00
2.763385290053166747e+08 5.174034857532042508e+00
2.821307675939470530e+08 5.073768567065884305e+00
2.880444153396297693e+08 4.975434461744268511e+00
2.940820170587067008e+08 4.879010308981439614e+00
3.002461709085555673e+08 4.784440888163303818e+00
3.065395295056523085e+08 4.691676325049106033e+00
3.129648010670750141e+08 4.600699895962115704e+00
3.195247505759213567e+08 4.511491068468179044e+00
3.262222009711673260e+08 4.423998675148719251e+00
3.330600343624581695e+08 4.338176511057626250e+00
3.400411932703702450e+08 4.254009152801326188e+00
3.471686818926559091e+08 4.171477638250348896e+00
3.544455673970435262e+08 4.090534555816728535e+00
3.618749812411283851e+08 4.011137099982324372e+00
3.694601205199309587e+08 3.933271046795457249e+00
3.772042493416993618e+08 3.856918884496973732e+00
3.851107002325568795e+08 3.782036681744709750e+00
3.931828755705770254e+08 3.708584782513750788e+00
4.014242490499325991e+08 3.636550069229780302e+00
4.098383671757252812e+08 3.565916369673797881e+00
4.184288507901575565e+08 3.496642977472673941e+00
4.271993966306776404e+08 3.428693154503704932e+00
4.361537789208005667e+08 3.362054803718349749e+00
4.452958509942659736e+08 3.296712990073315197e+00
4.546295469532408714e+08 3.232629995608785389e+00
4.641588833612772226e+08 3.169771785558239241e+00
4.738879609717651010e+08 3.108127204190874959e+00
4.838209664925957322e+08 3.047682459094791074e+00
4.939621743878325820e+08 2.988402601512743395e+00
5.043159487171348333e+08 2.930256101308823080e+00
5.148867450137487054e+08 2.873232670955642387e+00
5.256791122018419504e+08 2.817319573349378548e+00
5.366976945540476441e+08 2.762484425844596192e+00
5.479472336900292635e+08 2.708698018780954619e+00
5.594325706169389486e+08 2.655950865416194517e+00
5.711586478126422167e+08 2.604231203289269825e+00
5.831305113526217937e+08 2.553509027653273034e+00
5.953533130814369917e+08 2.503757278755583293e+00
6.078323128297235966e+08 2.454967208415240520e+00
6.205728806776486635e+08 2.407127954300046113e+00
6.335804992658240795e+08 2.360211715182158887e+00
6.468607661546320915e+08 2.314193423172085318e+00
6.604193962330304384e+08 2.269065011262856313e+00
6.742622241778348684e+08 2.224816448419424830e+00
6.883952069645509720e+08 2.181421975341625963e+00
7.028244264308338165e+08 2.138858369586850827e+00
7.175560918936921358e+08 2.097118192371988599e+00
7.325965428215229511e+08 2.056192180392979907e+00
7.479522515621827841e+08 2.016056466536281455e+00
7.636298261282258034e+08 1.976689538158470150e+00
7.796360130405220985e+08 1.938084535848505041e+00
7.959777002314977646e+08 1.900232905322472687e+00
8.126619200091946125e+08 1.863112532901105789e+00
8.296958520834914446e+08 1.826703490056895918e+00
8.470868266557419300e+08 1.790999451697333766e+00
8.648423275731709003e+08 1.755992518323932439e+00
8.829699955494083166e+08 1.721662201109765311e+00
9.014776314524917603e+08 1.687990039216705096e+00
9.203731996618230343e+08 1.654970200294678895e+00
9.396648314954710007e+08 1.622595389538561639e+00
9.593608287093126774e+08 1.590846623834825557e+00
9.794696670695385933e+08 1.559706802153091543e+00
1.000000000000000000e+09 1.529170546543244802e+00
1.020960662306047559e+09 1.499231120630688530e+00
1.042360673976403356e+09 1.469870936603624001e+00
1.064209244064726830e+09 1.441074153284586101e+00
1.086515774652537346e+09 1.412835811762480631e+00
1.109289864895222664e+09 1.385149691360297641e+00
1.132541315152812481e+09 1.357999497251926257e+00
1.156280131207372904e+09 1.331370555521739663e+00
1.180516528568803072e+09 1.305258293659836921e+00
1.205260936870841503e+09 1.279656967222424502e+00
1.230524004359261513e+09 1.254551479563335237e+00
1.256316602474121332e+09 1.229928238222987691e+00
1.282649830528062582e+09 1.205783027007777619e+00
1.309535020482670307e+09 1.182110541255970704e+00
1.336983741824945211e+09 1.158896794635525529e+00
1.365007806546013832e+09 1.136129196657357010e+00
1.393619274224143505e+09 1.113803859679421304e+00
1.422830457214349031e+09 1.091915885163871280e+00
1.452653925946778297e+09 1.070452315672075994e+00
1.483102514336102724e+09 1.049401489028869872e+00
1.514189325304351807e+09 1.028759820550261272e+00
1.545927736419478655e+09 1.008522786725924769e+00
1.578331405652119875e+09 9.886783835599571857e-01
1.611414277253023148e+09 9.692158089487583617e-01
1.645190587753660679e+09 9.501317575568963836e-01
1.679674872092653036e+09 9.314220521873000092e-01
1.714881969870540857e+09 9.130755723620682662e-01
1.750827031735726833e+09 8.950823128283330599e-01
1.787525525904231787e+09 8.774392258157833746e-01
1.824993244816150427e+09 8.601424539235877909e-01
1.863246311931559801e+09 8.431816953958690686e-01
1.902301188668945789e+09 8.265476832447038458e-01
1.942174681489028454e+09 8.102376071847164907e-01
1.982883949127075434e+09 7.942479051189311745e-01
2.024446509976801872e+09 7.785690339629622869e-01
2.066880249629082203e+09 7.631924107179159922e-01
2.110203428568596601e+09 7.481154440570185749e-01
2.154434690031886578e+09 7.333348445728922194e-01
2.199593068030070305e+09 7.188417722027271584e-01
2.245697995539771557e+09 7.046282776420742522e-01
2.292769312865648746e+09 6.906919714459655024e-01
2.340827276178294182e+09 6.770298160059469161e-01
2.389892566231052876e+09 6.636336227102827001e-01
2.439986297259555340e+09 6.504960293492231260e-01
2.491130026067785740e+09 6.376148326085361306e-01
2.543345761304647923e+09 6.249872273903044340e-01
2.596655972934872150e+09 6.126056287379439969e-01
2.651083601908541679e+09 6.004632183650115973e-01
2.706652070033235550e+09 5.885579645589769093e-01
2.763385290053166866e+09 5.768872769184408833e-01
2.821307675939470768e+09 5.654441298529575555e-01
2.880444153396297932e+09 5.542222089915325167e-01
2.940820170587066650e+09 5.432196408307922164e-01
3.002461709085555077e+09 5.324340332152212030e-01
3.065395295056523800e+09 5.218588788723363958e-01
3.129648010670750618e+09 5.114883302825000699e-01
3.195247505759213448e+09 5.013206597972587053e-01
3.262222009711673260e+09 4.913536583172420924e-01
3.330600343624581814e+09 4.815812988484172719e-01
3.400411932703702450e+09 4.719981663762635726e-01
3.471686818926559448e+09 4.626026677202589865e-01
3.544455673970435619e+09 4.533927628079855721e-01
3.618749812411283970e+09 4.443628696710930082e-01
3.694601205199309826e+09 4.355079739765371771e-01
3.772042493416993618e+09 4.268266065113657248e-01
3.851107002325568676e+09 4.183168832757723776e-01
3.931828755705770016e+09 4.099736346555527544e-01
4.014242490499325752e+09 4.017922175164253540e-01
4.098383671757252693e+09 3.937712769278179370e-01
4.184288507901576042e+09 3.859090730001804581e-01
4.271993966306777000e+09 3.782008181983237405e-01
4.361537789208005905e+09 3.706422132634958899e-01
4.452958509942660332e+09 3.632320086218426280e-01
4.546295469532408714e+09 3.559685974487986626e-01
4.641588833612771988e+09 3.488475462264505333e-01
4.738879609717651367e+09 3.418648742600265966e-01
4.838209664925957680e+09 3.350194290996830748e-01
4.939621743878325462e+09 3.283097267861338486e-01
5.043159487171347618e+09 3.217316618160365183e-01
5.148867450137486458e+09 3.152815486018639146e-01
5.256791122018419266e+09 3.089583242304010935e-01
5.366976945540475845e+09 3.027606181886118297e-01
5.479472336900292397e+09 2.966846288889743999e-01
5.594325706169388771e+09 2.907269441182873670e-01
5.711586478126422882e+09 2.848865835037374117e-01
5.831305113526218414e+09 2.791622812822169841e-01
5.953533130814370155e+09 2.735505174476003942e-01
6.078323128297236443e+09 2.680481330253942640e-01
6.205728806776488304e+09 2.626542237328262641e-01
6.335804992658241272e+09 2.573676205259272098e-01
6.468607661546320915e+09 2.521850642834068124e-01
6.604193962330305099e+09 2.471036306110661052e-01
6.742622241778348923e+09 2.421224853700837953e-01
6.883952069645509720e+09 2.372405488211342672e-01
7.028244264308338165e+09 2.324548035464363838e-01
7.175560918936921120e+09 2.277625424446760027e-01
7.325965428215229988e+09 2.231629960391075251e-01
7.479522515621828079e+09 2.186551670493611377e-01
7.636298261282225609e+09 2.142362619848434124e-01
7.796360130405220985e+09 2.099037750191299900e-01
7.959777002314977646e+09 2.056569962851556299e-01
8.126619200091945648e+09 2.014950046394100025e-01
8.296958520834915161e+09 1.974152140455134874e-01
8.470868266557419777e+09 1.934153051101805687e-01
8.648423275731708527e+09 1.894946229181190822e-01
8.829699955494083405e+09 1.856523166262369628e-01
9.014776314524917603e+09 1.818859923856665506e-01
9.203731996618228912e+09 1.781935034855834099e-01
9.396648314954671860e+09 1.745742456683657962e-01
9.593608287093128204e+09 1.710274330021344102e-01
9.794696670695384979e+09 1.675508496782368850e-01
1.000000000000000000e+10 1.641425089270015514e-01
1.020960662306047440e+10 1.608018531907694781e-01
1.042360673976403236e+10 1.575281564733342909e-01
1.064209244064726830e+10 1.543193678950711967e-01
1.086515774652537155e+10 1.511736488227138075e-01
1.109289864895222664e+10 1.480904847501553490e-01
1.132541315152812576e+10 1.450692050232410268e-01
1.156280131207373047e+10 1.421079115413459992e-01
1.180516528568803024e+10 1.392049028696958624e-01
1.205260936870841217e+10 1.363597041915771690e-01
1.230524004359261703e+10 1.335716959529758829e-01
1.256316602474121475e+10 1.308391215731089241e-01
1.282649830528062630e+10 1.281604066815556497e-01
1.309535020482670403e+10 1.255351130517930458e-01
1.336983741824945259e+10 1.229626683141734206e-01
1.365007806546013641e+10 1.204414469734066406e-01
1.393619274224143410e+10 1.179699923345220863e-01
1.422830457214348984e+10 1.155478999044649568e-01
1.452653925946778107e+10 1.131746408823002259e-01
1.483102514336102867e+10 1.108487111893806942e-01
1.514189325304351997e+10 1.085687631070988285e-01
1.545927736419478416e+10 1.063344232429675879e-01
1.578331405652119637e+10 1.041452030269057194e-01
1.611414277253023148e+10 1.019997108368326660e-01
1.645190587753660774e+10 9.989669987085918190e-02
1.679674872092653275e+10 9.783582541045382497e-02
1.714881969870541000e+10 9.581663603473936086e-02
1.750827031735726929e+10 9.383784427529559546e-02
1.787525525904231644e+10 9.189829677983621381e-02
1.824993244816150284e+10 8.999767526752829039e-02
1.863246311931559753e+10 8.813556262131799768e-02
1.902301188668945694e+10 8.631076783274467534e-02
1.942174681489028549e+10 8.452222408104838325e-02
1.982883949127075195e+10 8.276963746196465410e-02
2.024446509976801682e+10 8.105262253574201103e-02
2.066880249629082108e+10 7.937007762423840818e-02
2.110203428568596649e+10 7.772101602920641894e-02
2.154434690031886673e+10 7.610516632342484433e-02
2.199593068030070114e+10 7.452217231921529073e-02
2.245697995539771652e+10 7.297101506269562665e-02
2.292769312865648651e+10 7.145078204040346270e-02
2.340827276178294373e+10 6.996122255146203228e-02
2.389892566231052399e+10 6.850200742157847023e-02
2.439986297259555435e+10 6.707219429970534552e-02
2.491130026067786026e+10 6.567093935633651347e-02
2.543345761304648209e+10 6.429801100359253119e-02
2.596655972934872437e+10 6.295310501372568257e-02
2.651083601908541489e+10 6.163534996655693071e-02
2.706652070033235550e+10 6.034396562051200230e-02
2.763385290053166962e+10 5.907873801394977753e-02
2.821307675939470673e+10 5.783938595748101819e-02
2.880444153396297836e+10 5.662510370638607071e-02
2.940820170587066650e+10 5.543516988600317996e-02
3.002461709085555267e+10 5.426938679085215045e-02
3.065395295056523514e+10 5.312749450838780835e-02
3.129648010670750427e+10 5.200874809972660245e-02
3.195247505759213638e+10 5.091248068405505173e-02
3.262222009711672974e+10 4.983850954925733712e-02
3.330600343624581909e+10 4.878659443325092382e-02
3.400411932703702927e+10 4.775604669144155323e-02
3.471686818926559448e+10 4.674624988559953481e-02
3.544455673970435333e+10 4.575703513336802641e-02
3.618749812411283875e+10 4.478818032177495079e-02
3.694601205199309540e+10 4.383904892039125478e-02
3.772042493416993713e+10 4.290907118090803857e-02
3.851107002325569153e+10 4.199809097824486886e-02
3.931828755705770111e+10 4.110590296260140108e-02
4.014242490499325562e+10 4.023191884491610082e-02
4.098383671757252502e+10 3.937561209059065731e-02
4.184288507901576233e+10 3.853683834368146210e-02
4.271993966306776428e+10 3.771540773787684930e-02
4.361537789208005524e+10 3.691077663754513405e-02
4.452958509942659760e+10 3.612245850193873675e-02
4.546295469532408905e+10 3.535031983346772350e-02
4.641588833612772369e+10 3.459418506809909533e-02
4.738879609717650604e+10 3.385355189957307831e-02
4.838209664925956726e+10 3.312797079856746180e-02
4.939621743878325653e+10 3.241731828660201348e-02
5.043159487171348572e+10 3.172143201127913120e-02
5.148867450137487030e+10 3.103984791640328200e-02
5.256791122018418884e+10 3.037215072167128577e-02
5.366976945540475464e+10 2.971822619423133624e-02
5.479472336900292206e+10 2.907792418652811739e-02
5.594325706169388580e+10 2.845081603979323498e-02
5.711586478126422882e+10 2.783651816423991787e-02
5.831305113526218414e+10 2.723492485976927724e-02
5.953533130814369965e+10 2.664589725423701511e-02
6.078323128297235870e+10 2.606903944379635601e-02
6.205728806776487732e+10 2.550399715952578195e-02
6.335804992658241272e+10 2.495067257719636028e-02
6.468607661546320343e+10 2.440893724190481076e-02
6.604193962330305481e+10 2.387842555699798766e-02
6.742622241778349304e+10 2.335881037982046743e-02
6.883952069645510864e+10 2.285000115657029665e-02
7.028244264308338928e+10 2.235187905739233552e-02
7.175560918936921692e+10 2.186410652549985664e-02
7.325965428215229797e+10 2.138638151212777366e-02
7.479522515621827698e+10 2.091862017590185099e-02
7.636298261282226562e+10 2.046071258057184997e-02
7.796360130405221558e+10 2.001234710921001234e-02
7.959777002314976501e+10 1.957324492481698000e-02
8.126619200091944885e+10 1.914332838413624130e-02
8.296958520834915161e+10 1.872249576927234940e-02
8.470868266557418823e+10 1.831045945811893630e-02
8.648423275731707764e+10 1.790696208253026583e-02
8.829699955494082642e+10 1.751193172334832363e-02
9.014776314524917603e+10 1.712527425759329328e-02
9.203731996618229675e+10 1.674672425658596184e-02
9.396648314954670715e+10 1.637604420714811049e-02
9.593608287093125916e+10 1.601316747728859929e-02
9.794696670695385742e+10 1.565800696331172415e-02
1.000000000000000000e+11 1.531031776171521384e-02
1.020960662306047516e+11 1.496988071987900501e-02
1.042360673976403351e+11 1.463663409025735447e-02
1.064209244064726715e+11 1.431049725699392802e-02
1.086515774652537231e+11 1.399124429679711110e-02
1.109289864895222778e+11 1.367867303400782143e-02
1.132541315152812653e+11 1.337272623425021442e-02
1.156280131207372894e+11 1.307332927877325086e-02
1.180516528568803101e+11 1.278027379391394325e-02
1.205260936870841370e+11 1.249337329992417610e-02
1.230524004359261475e+11 1.221257473333789596e-02
1.256316602474121399e+11 1.193780901943437139e-02
1.282649830528062439e+11 1.166888400947555145e-02
1.309535020482670288e+11 1.140562773363168123e-02
1.336983741824945221e+11 1.114799098381797499e-02
1.365007806546013794e+11 1.089590981097227421e-02
1.393619274224143372e+11 1.064920706473986532e-02
1.422830457214349060e+11 1.040772418730292852e-02
1.452653925946778259e+11 1.017141553502035750e-02
1.483102514336102905e+11 9.940221898152518457e-03
1.514189325304352112e+11 9.713979989166956000e-03
1.545927736419478455e+11 9.492543645893677939e-03
1.578331405652119751e+11 9.275870520892863860e-03
1.611414277253023071e+11 9.063905787015580015e-03
1.645190587753660583e+11 8.856498968220999010e-03
1.679674872092653198e+11 8.653515357233024924e-03
1.714881969870540771e+11 8.454915655457412652e-03
1.750827031735719604e+11 8.260649088865895662e-03
1.787525525904231873e+11 8.070577019700311480e-03
1.824993244816150513e+11 7.884575324839040653e-03
1.863246311931559753e+11 7.702607526391519986e-03
1.902301188668945618e+11 7.524626599211229651e-03
1.942174681489028320e+11 7.350504842951748226e-03
1.982883949127075500e+11 7.180127912752897260e-03
2.024446509976802063e+11 7.013461941019966291e-03
2.066880249629082031e+11 6.850463370501060599e-03
2.110203428568596497e+11 6.691014604422370997e-03
2.154434690031877747e+11 6.535010330386597371e-03
2.199593068030070190e+11 6.382419097008586346e-03
2.245697995539771729e+11 6.233200555392686207e-03
2.292769312865648804e+11 6.087246440622949735e-03
2.340827276178294067e+11 5.944459782607816253e-03
2.389892566231052551e+11 5.804811367124250270e-03
2.439986297259555054e+11 5.668263813921139462e-03
2.491130026067796021e+11 5.534717475749125620e-03
2.543345761304648132e+11 5.404083086229448558e-03
2.596655972934872437e+11 5.276333503099529289e-03
2.651083601908530884e+11 5.151434093312031587e-03
2.706652070033235779e+11 5.029293166414964059e-03
2.763385290053167114e+11 4.909828568897888629e-03
2.821307675939470825e+11 4.793015078008041295e-03
2.880444153396297607e+11 4.678820603345758972e-03
2.940820170587066650e+11 4.567160799769327817e-03
3.002461709085555420e+11 4.457960080015338500e-03
3.065395295056536255e+11 4.351195000140259742e-03
3.129648010670750732e+11 4.246835823416180745e-03
3.195247505759213257e+11 4.144804984269893217e-03
3.262222009711659546e+11 4.045032956030860868e-03
3.330600343624581909e+11 3.947497943691085677e-03
3.400411932703702393e+11 3.852172389583232923e-03
3.471686818926559448e+11 3.758984984346807560e-03
3.544455673970435181e+11 3.667871794186275836e-03
3.618749812411284180e+11 3.578812553124013397e-03
3.694601205199309692e+11 3.491781721217200336e-03
3.772042493417008667e+11 3.406713761212673639e-03
3.851107002325568848e+11 3.323549899609234189e-03
3.931828755705770264e+11 3.242271288738059198e-03
4.014242490499309692e+11 3.162854257284469870e-03
4.098383671757252808e+11 3.085238592363941448e-03
4.184288507901575928e+11 3.009370280728180212e-03
4.271993966306776123e+11 2.935231790749834053e-03
4.361537789208005371e+11 2.862801181954426240e-03
4.452958509942659912e+11 2.792023151764198678e-03
4.546295469532408447e+11 2.722848077269413459e-03
4.641588833612791138e+11 2.655259648411094874e-03
4.738879609717650757e+11 2.589237528199804083e-03
4.838209664925957031e+11 2.524730941491304826e-03
4.939621743878305664e+11 2.461694313707284056e-03
5.043159487171348267e+11 2.400112469061482616e-03
5.148867450137487183e+11 2.339966556317124059e-03
5.256791122018419189e+11 2.281209973783838909e-03
5.366976945540476074e+11 2.223800879037729061e-03
5.479472336900292969e+11 2.167725149884901920e-03
5.594325706169388428e+11 2.112965311999662719e-03
5.711586478126446533e+11 2.059478609911245209e-03
5.831305113526218262e+11 2.007226641099647303e-03
5.953533130814368896e+11 1.956196262371844626e-03
6.078323128297211914e+11 1.906371275671747169e-03
6.205728806776488037e+11 1.857712469292459355e-03
6.335804992658240967e+11 1.810184610510768080e-03
6.468607661546320801e+11 1.763775466155648348e-03
6.604193962330305176e+11 1.718470021373921883e-03
6.742622241778348389e+11 1.674232328702264083e-03
6.883952069645510254e+11 1.631030075611568982e-03
7.028244264308366699e+11 1.588851875145327148e-03
7.175560918936921387e+11 1.547683809574426162e-03
7.325965428215229492e+11 1.507492937398005172e-03
7.479522515621828613e+11 1.468249635660050668e-03
7.636298261282225342e+11 1.429943304575660842e-03
7.796360130405220947e+11 1.392561043910292562e-03
7.959777002314978027e+11 1.356072679509671237e-03
8.126619200091945801e+11 1.320451064939299644e-03
8.296958520834915771e+11 1.285686332932920893e-03
8.470868266557419434e+11 1.251766527077270794e-03
8.648423275731743164e+11 1.218664020151652210e-03
8.829699955494082031e+11 1.186353945454273915e-03
9.014776314524916992e+11 1.154827117631223319e-03
9.203731996618229980e+11 1.124072455913484748e-03
9.396648314954670410e+11 1.094064676452996326e-03
9.593608287093126221e+11 1.064781010543632911e-03
9.794696670695385742e+11 1.036212907864937204e-03
1.000000000000000000e+12 1.008350100191239074e-03
1.020960662306047485e+12 9.811694590839610021e-04
1.042360673976403198e+12 9.546501460251184592e-04
1.064209244064726929e+12 9.287842022862465539e-04
1.086515774652537354e+12 9.035621137684616720e-04
1.109289864895222656e+12 8.789627339160932138e-04
1.132541315152812744e+12 8.549669994830925079e-04
1.156280131207372803e+12 8.315675030588921390e-04
1.180516528568802979e+12 8.087554305801329408e-04
1.205260936870841309e+12 7.865114572084937672e-04
1.230524004359261719e+12 7.648181519805538012e-04
1.256316602474121338e+12 7.436686214503077270e-04
1.282649830528062500e+12 7.230547014926954133e-04
1.309535020482670410e+12 7.029587411836731936e-04
1.336983741824945068e+12 6.833648098891376317e-04
1.365007806546013672e+12 6.642664934675959407e-04
1.393619274224143311e+12 6.456562313212107617e-04
1.422830457214348877e+12 6.275179100776990355e-04
1.452653925946778320e+12 6.098369776875441984e-04
1.483102514336102783e+12 5.926074671359464474e-04
1.514189325304351807e+12 5.758223783472847393e-04
1.545927736419478516e+12 5.594670097212221067e-04
1.578331405652119873e+12 5.435280754918688775e-04
1.611414277253023193e+12 5.280000258833156051e-04
1.645190587753660889e+12 5.128763814813286229e-04
1.679674872092653076e+12 4.981437364678383646e-04
1.714881969870540771e+12 4.837899677940139137e-04
1.750827031735719727e+12 4.698099151476871913e-04
1.787525525904231689e+12 4.561975828189462445e-04
1.824993244816150391e+12 4.429407538375443191e-04
1.863246311931559814e+12 4.300283723826511871e-04
1.902301188668945801e+12 4.174556417800568938e-04
1.942174681489028320e+12 4.052170157486383755e-04
1.982883949127075439e+12 3.933013676060473081e-04
2.024446509976801758e+12 3.816986207398100615e-04
2.066880249629082031e+12 3.704043180859160184e-04
2.110203428568596680e+12 3.594133309940498728e-04
2.154434690031877930e+12 3.487155322535401628e-04
2.199593068030070312e+12 3.383017433456202453e-04
2.245697995539771484e+12 3.281678244488820794e-04
2.292769312865648926e+12 3.183090350345695561e-04
2.340827276178293945e+12 3.087161637063786973e-04
2.389892566231052246e+12 2.993808553081413930e-04
2.439986297259555176e+12 2.902992664259849455e-04
2.491130026067796387e+12 2.814670172578115337e-04
2.543345761304647949e+12 2.728757351822467918e-04
2.596655972934872070e+12 2.645178195743971470e-04
2.651083601908530762e+12 2.563897040081549285e-04
2.706652070033235840e+12 2.484873439666567875e-04
2.763385290053166992e+12 2.408031346804260641e-04
2.821307675939470703e+12 2.333301666764838031e-04
2.880444153396297852e+12 2.260651324040998484e-04
2.940820170587066406e+12 2.190042989957261194e-04
3.002461709085555176e+12 2.121407642621445219e-04
3.065395295056536133e+12 2.054682515400529388e-04
3.129648010670750488e+12 1.989836952499450876e-04
3.195247505759213867e+12 1.926836522062190700e-04
3.262222009711660156e+12 1.865618627494721154e-04
3.330600343624582031e+12 1.806126293371711059e-04
3.400411932703702637e+12 1.748331125732494398e-04
3.471686818926559082e+12 1.692201385293515194e-04
3.544455673970435547e+12 1.637680348485596473e-04
3.618749812411284180e+12 1.584716337171440355e-04
3.694601205199310059e+12 1.533283071678038264e-04
3.772042493417008789e+12 1.483351315314273601e-04
3.851107002325568848e+12 1.434869709794588252e-04
3.931828755705770020e+12 1.387791420033265041e-04
4.014242490499309570e+12 1.342092142654304193e-04
4.098383671757252930e+12 1.297744966770292925e-04
4.184288507901576172e+12 1.254703432757075317e-04
4.271993966306776855e+12 1.212925130973718991e-04
4.361537789208005859e+12 1.172387605196094107e-04
4.452958509942660156e+12 1.133066105756316285e-04
4.546295469532409180e+12 1.094918643018015009e-04
4.641588833612791016e+12 1.057906848984571641e-04
4.738879609717650391e+12 1.022009993631032480e-04
4.838209664925957031e+12 9.872053352172437525e-05
4.939621743878305664e+12 9.534549604390740924e-05
5.043159487171347656e+12 9.207241903353501175e-05
5.148867450137486328e+12 8.889939077189147945e-05
5.256791122018418945e+12 8.582432359393253032e-05
5.366976945540475586e+12 8.284379766722118114e-05
5.479472336900291992e+12 7.995468161545011784e-05
5.594325706169388672e+12 7.715521437176965994e-05
5.711586478126446289e+12 7.444348146439972607e-05
5.831305113526218750e+12 7.181640140263872605e-05
5.953533130814370117e+12 6.927114959957387998e-05
6.078323128297210938e+12 6.680610566187226084e-05
6.205728806776487305e+12 6.441951589208933665e-05
6.335804992658241211e+12 6.210860673138490979e-05
6.468607661546321289e+12 5.987083309778431562e-05
6.604193962330305664e+12 5.770470590016962489e-05
6.742622241778348633e+12 5.560862062761682401e-05
6.883952069645509766e+12 5.358008377428966865e-05
7.028244264308366211e+12 5.161680473286634445e-05
7.175560918936920898e+12 4.971741690753411509e-05
7.325965428215229492e+12 4.788045415683314860e-05
7.479522515621797852e+12 4.610367748083941562e-05
7.636298261282225586e+12 4.438502779338771806e-05
7.796360130405220703e+12 4.272325271238186799e-05
7.959777002314977539e+12 4.111701436389225695e-05
8.126619200091945312e+12 3.956430485427723474e-05
8.296958520834915039e+12 3.806327557773489859e-05
8.470868266557419922e+12 3.661278057373898128e-05
8.648423275731745117e+12 3.521160079801426981e-05
8.829699955494082031e+12 3.385793804052416071e-05
9.014776314524917969e+12 3.255013489605423872e-05
9.203731996618228516e+12 3.128714449020797292e-05
9.396648314954669922e+12 3.006785778752691041e-05
9.593608287093126953e+12 2.889066665824057025e-05
9.794696670695386719e+12 2.775408723877409540e-05
1.000000000000000000e+13 2.665716483206167483e-05
1.020960662306047461e+13 2.559889216446423481e-05
1.042360673976403125e+13 2.457783325677600575e-05
1.064209244064726758e+13 2.359266161939342740e-05
1.086515774652537305e+13 2.264250822297785636e-05
1.109289864895222656e+13 2.172645984292127715e-05
1.132541315152812695e+13 2.084323625986793190e-05
1.156280131207373047e+13 1.999165356213557552e-05
1.180516528568803125e+13 1.917092225262282963e-05
1.205260936870841211e+13 1.838021594074269757e-05
1.230524004359261523e+13 1.761839519090815852e-05
1.256316602474121484e+13 1.688440513448769771e-05
1.282649830528062695e+13 1.617753002234922276e-05
1.309535020482670312e+13 1.549702354738341116e-05
1.336983741824945312e+13 1.484187338155870044e-05
1.365007806546013672e+13 1.421114132370646895e-05
1.393619274224143359e+13 1.360417991880116814e-05
1.422830457214349023e+13 1.302031662652160590e-05
1.452653925946778320e+13 1.245865374411013774e-05
1.483102514336102734e+13 1.191835842757138912e-05
1.514189325304351953e+13 1.139884637348325983e-05
1.545927736419478516e+13 1.089951289745548105e-05
1.578331405652119727e+13 1.041956353598190655e-05
1.611414277253023242e+13 9.958260470636712952e-06
1.645190587753660742e+13 9.515077701168412244e-06
1.679674872092653125e+13 9.089472868467024543e-06
1.714881969870541016e+13 8.680744368494938045e-06
1.750827031735719922e+13 8.288239975712257686e-06
1.787525525904231641e+13 7.911487422957694292e-06
1.824993244816150391e+13 7.550001502494795433e-06
1.863246311931559766e+13 7.203164013323124144e-06
1.902301188668945703e+13 6.870399715622971799e-06
1.942174681489028516e+13 6.551285769302366840e-06
1.982883949127075391e+13 6.245389279408706235e-06
2.024446509976801562e+13 5.952166838609441621e-06
2.066880249629082031e+13 5.671112343655066687e-06
2.110203428568596484e+13 5.401848326581266900e-06
2.154434690031877734e+13 5.143989682334682045e-06
2.199593068030070312e+13 4.897059964792916985e-06
2.245697995539771484e+13 4.660615054105660245e-06
2.292769312865648828e+13 4.434319038761484177e-06
2.340827276178294141e+13 4.217830378500287687e-06
2.389892566231052344e+13 4.010732468395054500e-06
2.439986297259555078e+13 3.812636657834657818e-06
2.491130026067785938e+13 3.623245004607379458e-06
2.543345761304648438e+13 3.442255589510656895e-06
2.596655972934872656e+13 3.269305182032217888e-06
2.651083601908530859e+13 3.104054673375978724e-06
2.706652070033235938e+13 2.946240722193026919e-06
2.763385290053166797e+13 2.795597352948272968e-06
2.821307675939470703e+13 2.651808841691809876e-06
2.880444153396297656e+13 2.514580232834009713e-06
2.940820170587066797e+13 2.383679627209890150e-06
3.002461709085555078e+13 2.258873568115687683e-06
3.065395295056535938e+13 2.139888519423175126e-06
3.129648010670750391e+13 2.026468785014788931e-06
3.195247505759213672e+13 1.918410950726478390e-06
3.262222009711659766e+13 1.815510893684410714e-06
3.330600343624581641e+13 1.717532450274391289e-06
3.400411932703702734e+13 1.624254744716031473e-06
3.471686818926559766e+13 1.535500084491084337e-06
3.544455673970435938e+13 1.451090723618100569e-06
3.618749812411284375e+13 1.370823517252546197e-06
3.694601205199309375e+13 1.294508388510448515e-06
3.772042493417008594e+13 1.221990789832212044e-06
3.851107002325568750e+13 1.153116612313090201e-06
3.931828755705770312e+13 1.087711799334692051e-06
4.014242490499309375e+13 1.025613435350134942e-06
4.098383671757252344e+13 9.666877209829742414e-07
4.184288507901575781e+13 9.108016514835269414e-07
4.271993966306776562e+13 8.578067159700327966e-07
4.361537789208005469e+13 8.075638755606935000e-07
4.452958509942659375e+13 7.599578557472252930e-07
4.546295469532408594e+13 7.148744202591302362e-07
4.641588833612791406e+13 6.721874172685695701e-07
4.738879609717650781e+13 6.317787243140228938e-07
4.838209664925957031e+13 5.935495356402415248e-07
4.939621743878305469e+13 5.574022358362007817e-07
5.043159487171348438e+13 5.232301716555406014e-07
5.148867450137487500e+13 4.909334750908024832e-07
5.256791122018419531e+13 4.604279140920743386e-07
5.366976945540475781e+13 4.316305257359649643e-07
5.479472336900292188e+13 4.044515939013777938e-07
5.594325706169388281e+13 3.788071172758747261e-07
5.711586478126446875e+13 3.546256974399406026e-07
5.831305113526218750e+13 3.318372262906150269e-07
5.953533130814369531e+13 3.103666373532489191e-07
6.078323128297210938e+13 2.901436602450379146e-07
6.205728806776487500e+13 2.711081389497968033e-07
6.335804992658241406e+13 2.532011848743334786e-07
6.468607661546320312e+13 2.363603446015860238e-07
6.604193962330304688e+13 2.205271743646614175e-07
6.742622241778349219e+13 2.056513119617500963e-07
6.883952069645510938e+13 1.916836071245828382e-07
7.028244264308367188e+13 1.785724124458763483e-07
7.175560918936920312e+13 1.662694188458660261e-07
7.325965428215229688e+13 1.547327456309260844e-07
7.479522515621796875e+13 1.439216456167037175e-07
7.636298261282225000e+13 1.337936801017769816e-07
7.796360130405220312e+13 1.243091773955507397e-07
7.959777002314978125e+13 1.154335557533208619e-07
8.126619200091945312e+13 1.071332735992298403e-07
8.296958520834914062e+13 9.937369496948098506e-08
8.470868266557418750e+13 9.212246630906692263e-08
8.648423275731743750e+13 8.535124527454166529e-08
8.829699955494082812e+13 7.903262798485031701e-08
9.014776314524917188e+13 7.313854941924261916e-08
9.203731996618229688e+13 6.764281740516908173e-08
9.396648314954671875e+13 6.252238552178319039e-08
9.593608287093126562e+13 5.775504098384890134e-08
9.794696670695385938e+13 5.331821605084520151e-08
1.000000000000000000e+14 4.919087107161863627e-08
1.020960662306047656e+14 4.535442099645921919e-08
1.042360673976403281e+14 4.179101055921260432e-08
1.064209244064726875e+14 3.848263873882843056e-08
1.086515774652537188e+14 3.541254367123311601e-08
1.109289864895222656e+14 3.256586872993565785e-08
1.132541315152812656e+14 2.992838728573323987e-08
1.156280131207372969e+14 2.748586347465422973e-08
1.180516528568803125e+14 2.522505962429462053e-08
1.205260936870841250e+14 2.313420872355318303e-08
1.230524004359261562e+14 2.120208026348198864e-08
1.256316602474121406e+14 1.941751773225689963e-08
1.282649830528062500e+14 1.777016293228125970e-08
1.309535020482670312e+14 1.625078624480120948e-08
1.336983741824945156e+14 1.485060883731197948e-08
1.365007806546013906e+14 1.356097107244291516e-08
1.393619274224143594e+14 1.237384682149644348e-08
1.422830457214349062e+14 1.128207063444921780e-08
1.452653925946778125e+14 1.027885078302230753e-08
1.483102514336102812e+14 9.357533703710062613e-09
1.514189325304351875e+14 8.511964350335151851e-09
1.545927736419478438e+14 7.736639673813148615e-09
1.578331405652119688e+14 7.026362301658775093e-09
1.611414277253023125e+14 6.376074731166812354e-09
1.645190587753660625e+14 5.781108210239514482e-09
1.679674872092653125e+14 5.237284353197735154e-09
1.714881969870540938e+14 4.740671391610961247e-09
1.750827031735719688e+14 4.287468520213710285e-09
1.787525525904231875e+14 3.874175142276272230e-09
1.824993244816150312e+14 3.497656600494386257e-09
1.863246311931559688e+14 3.154974439484489299e-09
1.902301188668945625e+14 2.843306450970111511e-09
1.942174681489028438e+14 2.560059839719748788e-09
1.982883949127075312e+14 2.302912593554529116e-09
2.024446509976801875e+14 2.069696564207994311e-09
2.066880249629082188e+14 1.858342669833598887e-09
2.110203428568596562e+14 1.666955177734746903e-09
2.154434690031877812e+14 1.493836889177299691e-09
2.199593068030070312e+14 1.337409490082808264e-09
2.245697995539771562e+14 1.196176307873371173e-09
2.292769312865648750e+14 1.068770084341061397e-09
2.340827276178294375e+14 9.539676711924494331e-10
2.389892566231052500e+14 8.506363769188004791e-10
2.439986297259555000e+14 7.577088560225095219e-10
2.491130026067785938e+14 6.742131374340465722e-10
2.543345761304648125e+14 5.992807193839085639e-10
2.596655972934872500e+14 5.321108367984537441e-10
2.651083601908530625e+14 4.719536591465299096e-10
2.706652070033235938e+14 4.181286799424759945e-10
2.763385290053167188e+14 3.700288052038197997e-10
2.821307675939470625e+14 3.270968278875994844e-10
2.880444153396298125e+14 2.888142667895405111e-10
2.940820170587066250e+14 2.547122923813890924e-10
3.002461709085555000e+14 2.243734939937515654e-10
3.065395295056535625e+14 1.974165698257950642e-10
3.129648010670750625e+14 1.734889651068387032e-10
3.195247505759213750e+14 1.522731323457769861e-10
3.262222009711659375e+14 1.334870375686844591e-10
3.330600343624581250e+14 1.168743129622530421e-10
3.400411932703702500e+14 1.021994349195695553e-10
3.471686818926559375e+14 8.925115227686493274e-11
3.544455673970435625e+14 7.784237303626063119e-11
3.618749812411283750e+14 6.780390528708786910e-11
3.694601205199310000e+14 5.898132157488169121e-11
3.772042493417008750e+14 5.123672677815319683e-11
3.851107002325568750e+14 4.444839388871682915e-11
3.931828755705770000e+14 3.850683345173301829e-11
4.014242490499310000e+14 3.331277028120641024e-11
4.098383671757253125e+14 2.877797843565829815e-11
4.184288507901576250e+14 2.482486294125828964e-11
4.271993966306776875e+14 2.138402190836253092e-11
4.361537789208005625e+14 1.839295226934074327e-11
4.452958509942660000e+14 1.579638859849284694e-11
4.546295469532408750e+14 1.354592420635864612e-11
4.641588833612791250e+14 1.159851840542369890e-11
4.738879609717650625e+14 9.915676808829678241e-12
4.838209664925956875e+14 8.463545801884392377e-12
4.939621743878305000e+14 7.212607574264109465e-12
5.043159487171348125e+14 6.136778391503744307e-12
5.148867450137486875e+14 5.212895461287783309e-12
5.256791122018418750e+14 4.420705014627079194e-12
5.366976945540476250e+14 3.742635042865592929e-12
5.479472336900293125e+14 3.163258383688853651e-12
5.594325706169389375e+14 2.668975852806190266e-12
5.711586478126446250e+14 2.247968486619767644e-12
5.831305113526218750e+14 1.890037781541007656e-12
5.953533130814370000e+14 1.586290942335949726e-12
6.078323128297211250e+14 1.328948298896739916e-12
6.205728806776487500e+14 1.111292229990044064e-12
6.335804992658241250e+14 9.275601934794249489e-13
6.468607661546320000e+14 7.727633235001868821e-13
6.604193962330305000e+14 6.425715136675054783e-13
6.742622241778348750e+14 5.332713941806274859e-13
6.883952069645510000e+14 4.416977548107809532e-13
7.028244264308366250e+14 3.651309347588399905e-13
7.175560918936921250e+14 3.012296716576923044e-13
7.325965428215230000e+14 2.480007548922030535e-13
7.479522515621797500e+14 2.037568125309071511e-13
7.636298261282225000e+14 1.670594588607237670e-13
7.796360130405220000e+14 1.366809702798367247e-13
7.959777002314977500e+14 1.115841878384875640e-13
8.126619200091946250e+14 9.089753383258714212e-14
8.296958520834916250e+14 7.388422536574075496e-14
8.470868266557420000e+14 5.992096975221890396e-14
8.648423275731745000e+14 4.848552028668114915e-14
8.829699955494082500e+14 3.914245434920431629e-14
9.014776314524917500e+14 3.152691909712657267e-14
9.203731996618230000e+14 2.533312660412384586e-14
9.396648314954671250e+14 2.030707976781850089e-14
9.593608287093126250e+14 1.623878778233712601e-14
9.794696670695385000e+14 1.295392072590471730e-14
1.000000000000000000e+15 1.030779064408825674e-14
1.020960662306047500e+15 8.181317512711265076e-15
1.042360673976403250e+15 6.476935485967391875e-15
1.064209244064722375e+15 5.114437564903376353e-15
1.086515774652537375e+15 4.027933298169605406e-15
1.109289864895222875e+15 3.163721095697922462e-15
1.132541315152812750e+15 2.478222399628032192e-15
1.156280131207377750e+15 1.935980911130085637e-15
1.180516528568803000e+15 1.508180958764942416e-15
1.205260936870841250e+15 1.171579273420665295e-15
1.230524004359261500e+15 9.075062010525707185e-16
1.256316602474121500e+15 7.009368754558819058e-16
1.282649830528062500e+15 5.397979129773183323e-16
1.309535020482665000e+15 4.144569792970443564e-16
1.336983741824945250e+15 3.172609920384493378e-16
1.365007806546013750e+15 2.421216574377107296e-16
1.393619274224143500e+15 1.842046423752748468e-16
1.422830457214354750e+15 1.396976480088406128e-16
1.452653925946778250e+15 1.056066551383462619e-16
1.483102514336102750e+15 7.957871780762381654e-17
1.514189325304352000e+15 5.976883911922869598e-17
1.545927736419478500e+15 4.473990980804932786e-17
1.578331405652119500e+15 3.337712086438123481e-17
1.611414277253016750e+15 2.481560339307879413e-17
1.645190587753660750e+15 1.838612607853780301e-17
1.679674872092653250e+15 1.357418218730831132e-17
1.714881969870541000e+15 9.985852875832181086e-18
1.750827031735726750e+15 7.319682844502134470e-18
1.787525525904231750e+15 5.345650319277203106e-18
1.824993244816150500e+15 3.889349566052755991e-18
1.863246311931559750e+15 2.819099433418094782e-18
1.902301188668945750e+15 2.035574992201637762e-18
1.942174681489028250e+15 1.464100608085642230e-18
1.982883949127067250e+15 1.048882984389538230e-18
2.024446509976801750e+15 7.484159464460619971e-19
2.066880249629082000e+15 5.318679973470521666e-19
2.110203428568596500e+15 3.764189180999541499e-19
2.154434690031886500e+15 2.652828030026345188e-19
2.199593068030070500e+15 1.861671384874710482e-19
2.245697995539771750e+15 1.300878451870999132e-19
2.292769312865648500e+15 9.050448377215127952e-20
2.340827276178294500e+15 6.268511851380818945e-20
2.389892566231052500e+15 4.322196420283532942e-20
2.439986297259545000e+15 2.966689950095633043e-20
2.491130026067786000e+15 2.026866719414926963e-20
2.543345761304648500e+15 1.378233295165515988e-20
2.596655972934872000e+15 9.327127225125359922e-21
2.651083601908541500e+15 6.281753548025905015e-21
2.706652070033235500e+15 4.209952283932505972e-21
2.763385290053167000e+15 2.807330700761200544e-21
2.821307675939470500e+15 1.862565094622335345e-21
2.880444153396297500e+15 1.229445242733570259e-21
2.940820170587066500e+15 8.073089458235993924e-22
3.002461709085543000e+15 5.272997248397879825e-22
3.065395295056523500e+15 3.425642236142322528e-22
3.129648010670750500e+15 2.213448939980794110e-22
3.195247505759214000e+15 1.422297408727631363e-22
3.262222009711673500e+15 9.087751652880226995e-23
3.330600343624582000e+15 5.773577944798843907e-23
3.400411932703702500e+15 3.646954691706051409e-23
3.471686818926559500e+15 2.290129271571650491e-23
3.544455673970435500e+15 1.429495515502912944e-23
3.618749812411284000e+15 8.868986289760003002e-24
3.694601205199294500e+15 5.468968423771553514e-24
3.772042493416993500e+15 3.351364133910921978e-24
3.851107002325568500e+15 2.040649505884687482e-24
3.931828755705770000e+15 1.234578298069723099e-24
4.014242490499326000e+15 7.420644134503804497e-25
4.098383671757253000e+15 4.430763857492422972e-25
4.184288507901576000e+15 2.627678341119338802e-25
4.271993966306776500e+15 1.547720803803800372e-25
4.361537789208006000e+15 9.053290342108183224e-26
4.452958509942660000e+15 5.258374376632028351e-26
4.546295469532390000e+15 3.032262844628788856e-26
4.641588833612773000e+15 1.735880747401512618e-26
4.738879609717651000e+15 9.864481277879906565e-27
4.838209664925957000e+15 5.563704293738520376e-27
4.939621743878326000e+15 3.114042581797261112e-27
5.043159487171349000e+15 1.729498325785213887e-27
5.148867450137487000e+15 9.530402768954011155e-28
5.256791122018419000e+15 5.209883106342233876e-28
5.366976945540476000e+15 2.824890270029473203e-28
5.479472336900292000e+15 1.519123715782269026e-28
5.594325706169389000e+15 8.101391383845608981e-29
5.711586478126423000e+15 4.283776627036183963e-29
5.831305113526218000e+15 2.245544591824191373e-29
5.953533130814370000e+15 1.166814261449457326e-29
6.078323128297236000e+15 6.009248379002485526e-30
6.205728806776513000e+15 3.066889960002617211e-30
6.335804992658241000e+15 1.550808319677028977e-30
6.468607661546321000e+15 7.768793914687964282e-31
6.604193962330306000e+15 3.855083433764730434e-31
6.742622241778349000e+15 1.894588811946231760e-31
6.883952069645510000e+15 9.219650167404695733e-32
7.028244264308338000e+15 4.442032154731317483e-32
7.175560918936921000e+15 2.118661183925328187e-32
7.325965428215230000e+15 1.000149439413677668e-32
7.479522515621829000e+15 4.672010111579580954e-33
7.636298261282257000e+15 2.159350473937796983e-33
7.796360130405221000e+15 9.873315864729759087e-34
7.959777002314978000e+15 4.465075494155099765e-34
8.126619200091945000e+15 1.996763475974484669e-34
8.296958520834915000e+15 8.828697079614853091e-35
8.470868266557420000e+15 3.858990690830335070e-35
8.648423275731709000e+15 1.667083061597613731e-35
8.829699955494083000e+15 7.116183335043881135e-36
9.014776314524918000e+15 3.001084941769897913e-36
9.203731996618230000e+15 1.250201940816015272e-36
9.396648314954710000e+15 5.143343496004939716e-37
9.593608287093126000e+15 2.089140937732745309e-37
9.794696670695384000e+15 8.376759339257984280e-38
