2.121667166716671993e+00
2.075642564256425793e+00
2.030208020802080071e+00
1.985363536353635494e+00
1.942289228922892352e+00
1.899804980498049911e+00
1.857910791079107948e+00
1.817196719671967386e+00
1.777662766276627782e+00
1.738718871887188877e+00
1.700365036503650451e+00
1.663191319131913426e+00
1.626017601760176179e+00
1.590024002400240111e+00
1.554620462046204743e+00
1.519806980698069854e+00
1.484993499349935187e+00
1.451360136013601476e+00
1.418316831683168466e+00
1.385273527352735456e+00
1.352820282028202925e+00
1.321547154715471573e+00
1.290274027402740442e+00
1.259590959095909790e+00
1.228907890789078916e+00
1.199404940494049443e+00
1.169901990199019970e+00
1.140989098909891197e+00
1.112666266626662903e+00
1.084933493349335087e+00
1.057200720072007272e+00
1.029467946794679456e+00
1.002915291529153041e+00
9.757725772577258150e-01
9.498099809980998787e-01
9.238473847384739424e-01
8.984748474847484845e-01
8.731023102310231376e-01
8.477297729772977908e-01
8.235373537353736229e-01
7.993449344934493439e-01
7.751525152515251760e-01
7.515501550155015975e-01
7.285378537853786085e-01
7.061156115611562090e-01
6.836933693369338094e-01
6.618611861186118883e-01
6.406190619061906677e-01
6.199669966996699255e-01
5.999049904990498838e-01
