1.219466946694669485e+00
1.202355235523552501e+00
1.185833583358335996e+00
1.168721872187218791e+00
1.151610161016101586e+00
1.134498449844984602e+00
1.117386738673867619e+00
1.100275027502750191e+00
1.083163316331633208e+00
1.065461546154615524e+00
1.048349834983498319e+00
1.031238123812381335e+00
1.013536353635363652e+00
9.964246424642464461e-01
9.793129312931293518e-01
9.616111611161116679e-01
9.439093909390939841e-01
9.267976797679768897e-01
9.090959095909592058e-01
8.913941394139414109e-01
8.736923692369237271e-01
8.559905990599060432e-01
8.382888288828883594e-01
8.205870587058706755e-01
8.028852885288528807e-01
7.851835183518351968e-01
7.680718071807181024e-01
7.503700370037004186e-01
7.332583258325833242e-01
7.161466146614661188e-01
6.984448444844484349e-01
6.813331333133314516e-01
6.642214221422142462e-01
6.471097109710971518e-01
6.305880588058806469e-01
6.134763476347635525e-01
5.969546954695470475e-01
5.804330433043305426e-01
5.639113911391139267e-01
5.473897389738974217e-01
5.314581458145815063e-01
5.155265526552654798e-01
5.001850185018501538e-01
4.848434843484348278e-01
4.695019501950195018e-01
4.547504750475047652e-01
4.399989998999900287e-01
4.252475247524752922e-01
4.110861086108610896e-01
3.969246924692469425e-01
