1.542819281928192954e+00
1.520987098709871033e+00
1.498564856485648633e+00
1.476732673267326934e+00
1.454310431043104312e+00
1.431888188818881913e+00
1.409465946594659513e+00
1.387043704370437114e+00
1.364621462146214714e+00
1.342199219921992315e+00
1.319776977697769915e+00
1.297354735473547516e+00
1.274932493249325116e+00
1.251920192019202016e+00
1.229497949794979617e+00
1.207075707570757217e+00
1.184063406340634117e+00
1.161051105110511017e+00
1.138628862886288839e+00
1.115616561656165739e+00
1.092604260426042639e+00
1.069591959195919539e+00
1.046579657965796661e+00
1.023567356735673783e+00
1.001145114511451162e+00
9.781328132813281728e-01
9.557105710571057733e-01
9.326982698269827843e-01
9.102760276027603847e-01
8.878537853785378742e-01
8.654315431543154746e-01
8.435993599359936645e-01
8.211771177117712650e-01
7.993449344934493439e-01
7.769226922692269444e-01
7.550905090509051343e-01
7.332583258325833242e-01
7.120162016201621036e-01
6.907740774077408830e-01
6.695319531953195513e-01
6.488798879887989202e-01
6.288178817881788785e-01
6.081658165816581363e-01
5.886938693869387951e-01
5.686318631863186424e-01
5.491599159915991901e-01
5.302780278027803273e-01
5.113961396139614646e-01
4.925142514251425463e-01
4.748124812481248069e-01
