3.836968696869687445e+00
3.648739873987398852e+00
3.475262526252625772e+00
3.314766476647664994e+00
3.166071607160716450e+00
3.027407740774077816e+00
2.898184818481848612e+00
2.777222722272227440e+00
2.663931393139314263e+00
2.557130713071307238e+00
2.456820682068206807e+00
2.362411241124112493e+00
2.272722272227222895e+00
2.187753775377538012e+00
2.106915691569157367e+00
2.030208020802080071e+00
1.956450645064506499e+00
1.886233623362336465e+00
1.819556955695569744e+00
1.755240524052405382e+00
1.693284328432843377e+00
1.634278427842784431e+00
1.577042704270427143e+00
1.522167216721672212e+00
1.469061906190619160e+00
1.418316831683168466e+00
1.369341934193419430e+00
1.322137213721372273e+00
1.276702670267026773e+00
1.232448244824482675e+00
1.189373937393739311e+00
1.148069806980698271e+00
1.107355735573557487e+00
1.068411841184118583e+00
1.030058005800580156e+00
9.934743474347434988e-01
9.574807480748075417e-01
9.226672667266727634e-01
8.884438443844384636e-01
8.559905990599060432e-01
8.235373537353736229e-01
7.928542854285428598e-01
7.627612761276127973e-01
7.332583258325833242e-01
7.049354935493550300e-01
6.772027202720272143e-01
6.500600060006000991e-01
6.235073507350734623e-01
5.981348134813482265e-01
5.727622762276227686e-01
