1.626017601760176179e+00
1.600055005500550243e+00
1.574682468246824785e+00
1.548719871987198848e+00
1.522757275727572912e+00
1.496794679467946976e+00
1.470832083208321039e+00
1.444279427942794403e+00
1.417726772677267766e+00
1.391764176417641830e+00
1.365211521152115415e+00
1.339248924892489256e+00
1.313286328632863320e+00
1.286733673367336905e+00
1.260771077107710969e+00
1.234808480848085033e+00
1.208845884588459096e+00
1.182293229322932238e+00
1.156330633063306301e+00
1.130368036803680365e+00
1.103815381538153950e+00
1.077852785278528014e+00
1.051890189018902078e+00
1.025927592759276141e+00
9.999649964996499829e-01
9.740024002400240466e-01
9.486298629862986997e-01
9.232573257325733529e-01
8.978847884788478950e-01
8.731023102310231376e-01
8.483198319831983802e-01
8.241274127412742123e-01
7.999349934993499334e-01
7.757425742574257654e-01
7.515501550155015975e-01
7.279477947794779080e-01
7.043454345434543296e-01
6.813331333133314516e-01
6.583208320832083515e-01
6.353085308530853625e-01
6.134763476347635525e-01
5.916441644164416314e-01
5.698119811981198213e-01
5.485698569856986007e-01
5.279177917791779695e-01
5.078557855785579278e-01
4.877937793779377751e-01
4.683218321832183229e-01
4.494399439943994601e-01
4.305580558055805973e-01
