1.673222322232223336e+00
1.631328132813281373e+00
1.590024002400240111e+00
1.549899989999000027e+00
1.511546154615461601e+00
1.473192319231923397e+00
1.436608660866086629e+00
1.400615061506150782e+00
1.365801580158015893e+00
1.331578157815781704e+00
1.298534853485348695e+00
1.266081608160816163e+00
1.234218421842184332e+00
1.203535353535353458e+00
1.173442344234423507e+00
1.143349334933493555e+00
1.114436443644364561e+00
1.086113611361136044e+00
1.058380838083808451e+00
1.030648064806480857e+00
1.004095409540953998e+00
9.775427542754275834e-01
9.515801580158016471e-01
9.262076207620763002e-01
9.014251425142514318e-01
8.766426642664266744e-01
8.530403040304030959e-01
8.294379437943795175e-01
8.064256425642565285e-01
7.840034003400340179e-01
7.615811581158116184e-01
7.397489748974898083e-01
7.185068506850684766e-01
6.972647264726472560e-01
6.766126612661266249e-01
6.559605960596059937e-01
6.358985898589859520e-01
6.164266426642663887e-01
5.969546954695470475e-01
5.780728072807281848e-01
5.597809780978098004e-01
5.414891489148915271e-01
5.243774377437744327e-01
5.066756675667567489e-01
4.895639563956395990e-01
4.730423042304230385e-01
4.571107110711071231e-01
4.411791179117912076e-01
4.258375837583758816e-01
4.104960496049605001e-01
