2.512286228622862438e+00
2.426137613761376155e+00
2.344119411941194109e+00
2.265641564156415821e+00
2.191294129412941771e+00
2.119306930693069191e+00
2.051450145014501736e+00
1.985953595359536195e+00
1.922817281728173011e+00
1.862631263126312886e+00
1.804805480548054897e+00
1.749339933993399487e+00
1.695644564456445735e+00
1.644309430943094341e+00
1.594154415441544348e+00
1.546359635963596491e+00
1.499154915491549334e+00
1.454310431043104312e+00
1.410056005600560214e+00
1.367571757175717773e+00
1.326267626762676288e+00
1.286143614361436205e+00
1.246609660966096822e+00
1.208845884588459096e+00
1.171672167216721849e+00
1.135678567856785781e+00
1.100865086508650892e+00
1.066641664166416703e+00
1.033598359835983693e+00
1.001145114511451162e+00
9.698719871987199204e-01
9.385988598859886789e-01
9.085058505850586164e-01
8.790029002900290322e-01
8.506800680068007381e-01
8.223572357235724439e-01
7.946244624462446282e-01
7.680718071807181024e-01
7.415191519151915767e-01
7.161466146614661188e-01
6.913641364136413614e-01
6.671717171717171935e-01
6.429792979297930255e-01
6.199669966996699255e-01
5.975447544754475260e-01
5.751225122512251264e-01
5.538803880388039058e-01
5.326382638263826852e-01
5.119861986198619430e-01
4.919241924192419568e-01
