1.860861086108611007e+00
1.833718371837183891e+00
1.806575657565756776e+00
1.779432943294329661e+00
1.751700170017001845e+00
1.724557455745574730e+00
1.696824682468246914e+00
1.669091909190919321e+00
1.641359135913591505e+00
1.613626362636263689e+00
1.585893589358936095e+00
1.558160816081608280e+00
1.530428042804280464e+00
1.502695269526952870e+00
1.474962496249625055e+00
1.447229722972297239e+00
1.418906890689068945e+00
1.391174117411741351e+00
1.362851285128513057e+00
1.335118511851185241e+00
1.306795679567956947e+00
1.278472847284728653e+00
1.250150015001500137e+00
1.222417241724172543e+00
1.194094409440944027e+00
1.166361636163616433e+00
1.138628862886288839e+00
1.110896089608961024e+00
1.083163316331633208e+00
1.056020602060206093e+00
1.028287828782878499e+00
1.001145114511451162e+00
9.740024002400240466e-01
9.468596859685969314e-01
9.203070307030704056e-01
8.931643164316431793e-01
8.666116611661166536e-01
8.406490649064907172e-01
8.146864686468647809e-01
7.887238723872387336e-01
7.633513351335133867e-01
7.385688568856886294e-01
7.137863786378637609e-01
6.895939593959397040e-01
6.654015401540154251e-01
6.417991799179918466e-01
6.181968196819682682e-01
5.951845184518451681e-01
5.727622762276227686e-01
5.503400340034003690e-01
