3.688863886388639379e+00
3.465231523152315418e+00
3.264611461146115001e+00
3.082283228322832525e+00
2.916476647664766553e+00
2.765421542154215651e+00
2.626167616761676538e+00
2.498124812481248291e+00
2.379522952295229921e+00
2.269771977197720059e+00
2.167101710171017270e+00
2.071512151215121555e+00
1.982413241324132658e+00
1.898624862486248732e+00
1.819556955695569744e+00
1.745209520952095250e+00
1.674402440244024515e+00
1.607725772577257795e+00
1.543999399939994133e+00
1.483813381338134008e+00
1.425987598759876018e+00
1.371112111211121309e+00
1.318596859685968736e+00
1.268441844184418521e+00
1.220057005700570185e+00
1.174032403240324207e+00
1.129777977797779887e+00
1.087293729372937445e+00
1.046579657965796661e+00
1.007045704570457278e+00
9.692819281928193309e-01
9.326982698269827843e-01
8.972947294729473056e-01
8.630713071307131168e-01
8.300280028002801069e-01
7.981648164816481650e-01
7.674817481748175130e-01
7.373887388738874504e-01
7.078857885788578663e-01
6.801530153015302727e-01
6.530103010301030464e-01
6.264576457645765206e-01
6.010851085108510627e-01
5.763026302630263054e-01
5.527002700270027269e-01
5.290979097909791484e-01
5.066756675667567489e-01
4.854335433543354172e-01
4.641914191419141966e-01
4.441294129412941549e-01
