1.562881288128812995e+00
1.543409340934093432e+00
1.523937393739374091e+00
1.504465446544654528e+00
1.484993499349935187e+00
1.465521552155215623e+00
1.445459545954595582e+00
1.425987598759876018e+00
1.405925592559255977e+00
1.386453645364536635e+00
1.366391639163916594e+00
1.346329632963296330e+00
1.326267626762676288e+00
1.306205620562056247e+00
1.286143614361436205e+00
1.265491549154915685e+00
1.244839483948394943e+00
1.224777477747774901e+00
1.204125412541254159e+00
1.183473347334733639e+00
1.162231223122312418e+00
1.141579157915791676e+00
1.120927092709270934e+00
1.100275027502750191e+00
1.079032903290328971e+00
1.058380838083808451e+00
1.037728772877287930e+00
1.017076707670767188e+00
9.958345834583458567e-01
9.751825182518252255e-01
9.545304530453045944e-01
9.338783878387839632e-01
9.126362636263627426e-01
8.919841984198420004e-01
8.713321332133213692e-01
8.500900090009001486e-01
8.294379437943795175e-01
8.087858785878588863e-01
7.881338133813381441e-01
7.674817481748175130e-01
7.468296829682968818e-01
7.267676767676767291e-01
7.067056705670566874e-01
6.866436643664366457e-01
6.665816581658166040e-01
6.471097109710971518e-01
6.276377637763776995e-01
6.087558755875588368e-01
5.898739873987399740e-01
5.721722172217221791e-01
