5.654430886177235216e-01
5.642628525705140063e-01
5.630826165233047131e-01
5.619023804760951979e-01
5.607221444288856826e-01
5.607221444288856826e-01
5.595419083816762784e-01
5.583616723344668742e-01
5.571814362872573589e-01
5.560012002400479547e-01
5.548209641928385505e-01
5.548209641928385505e-01
5.536407281456290352e-01
5.524604920984196310e-01
5.512802560512102268e-01
5.501000200040007115e-01
5.501000200040007115e-01
5.489197839567913073e-01
5.477395479095819031e-01
5.477395479095819031e-01
5.465593118623723878e-01
5.453790758151629836e-01
5.453790758151629836e-01
5.441988397679535794e-01
5.430186037207440641e-01
5.430186037207440641e-01
5.418383676735346599e-01
5.418383676735346599e-01
5.406581316263252557e-01
5.406581316263252557e-01
5.394778955791157404e-01
5.382976595319063362e-01
5.382976595319063362e-01
5.371174234846969320e-01
5.371174234846969320e-01
5.359371874374874167e-01
5.359371874374874167e-01
5.347569513902780125e-01
5.347569513902780125e-01
5.335767153430686083e-01
5.335767153430686083e-01
5.335767153430686083e-01
5.323964792958590930e-01
5.323964792958590930e-01
5.312162432486496888e-01
5.312162432486496888e-01
5.300360072014402846e-01
5.300360072014402846e-01
5.300360072014402846e-01
5.288557711542307693e-01
5.288557711542307693e-01
5.288557711542307693e-01
5.276755351070213651e-01
5.276755351070213651e-01
5.264952990598119609e-01
5.264952990598119609e-01
5.264952990598119609e-01
5.253150630126024456e-01
5.253150630126024456e-01
5.253150630126024456e-01
5.241348269653930414e-01
5.241348269653930414e-01
5.241348269653930414e-01
5.241348269653930414e-01
5.229545909181836372e-01
5.229545909181836372e-01
5.229545909181836372e-01
5.217743548709741219e-01
5.217743548709741219e-01
5.217743548709741219e-01
5.217743548709741219e-01
5.205941188237647177e-01
5.205941188237647177e-01
5.205941188237647177e-01
5.205941188237647177e-01
5.194138827765553135e-01
5.194138827765553135e-01
5.194138827765553135e-01
5.194138827765553135e-01
5.194138827765553135e-01
5.182336467293457982e-01
5.182336467293457982e-01
5.182336467293457982e-01
5.182336467293457982e-01
5.182336467293457982e-01
5.170534106821363940e-01
5.170534106821363940e-01
5.170534106821363940e-01
5.170534106821363940e-01
5.170534106821363940e-01
5.158731746349269898e-01
5.158731746349269898e-01
5.158731746349269898e-01
5.158731746349269898e-01
5.158731746349269898e-01
5.158731746349269898e-01
5.158731746349269898e-01
5.146929385877174745e-01
5.146929385877174745e-01
5.146929385877174745e-01
