9.702640528105620499e-01
9.702640528105620499e-01
9.702640528105620499e-01
9.702640528105620499e-01
9.702640528105620499e-01
9.702640528105620499e-01
9.702640528105620499e-01
9.702640528105620499e-01
9.702640528105620499e-01
9.714442888577714541e-01
9.714442888577714541e-01
9.714442888577714541e-01
9.714442888577714541e-01
9.714442888577714541e-01
9.726245249049809694e-01
9.726245249049809694e-01
9.726245249049809694e-01
9.726245249049809694e-01
9.738047609521903736e-01
9.738047609521903736e-01
9.738047609521903736e-01
9.749849969993997778e-01
9.749849969993997778e-01
9.761652330466092931e-01
9.761652330466092931e-01
9.761652330466092931e-01
9.773454690938186973e-01
9.773454690938186973e-01
9.785257051410281015e-01
9.785257051410281015e-01
9.785257051410281015e-01
9.797059411882376168e-01
9.797059411882376168e-01
9.808861772354470210e-01
9.808861772354470210e-01
9.820664132826564252e-01
9.832466493298659405e-01
9.832466493298659405e-01
9.844268853770753447e-01
9.844268853770753447e-01
9.856071214242847489e-01
9.856071214242847489e-01
9.867873574714942642e-01
9.867873574714942642e-01
9.879675935187036684e-01
9.891478295659130726e-01
9.891478295659130726e-01
9.903280656131225879e-01
9.915083016603319921e-01
9.915083016603319921e-01
9.926885377075413963e-01
9.938687737547509116e-01
9.938687737547509116e-01
9.950490098019603158e-01
9.962292458491697200e-01
9.962292458491697200e-01
9.974094818963792353e-01
9.985897179435886395e-01
9.985897179435886395e-01
9.997699539907980437e-01
1.000950190038007559e+00
1.002130426085217074e+00
1.002130426085217074e+00
1.003310662132426367e+00
1.004490898179635883e+00
1.005671134226845176e+00
1.006851370274054691e+00
1.006851370274054691e+00
1.008031606321264206e+00
1.009211842368473722e+00
1.010392078415683015e+00
1.011572314462892530e+00
1.011572314462892530e+00
1.012752550510101823e+00
1.013932786557311339e+00
1.015113022604520854e+00
1.016293258651730369e+00
1.017473494698939662e+00
1.017473494698939662e+00
1.018653730746149177e+00
1.019833966793358471e+00
1.021014202840567986e+00
1.022194438887777501e+00
1.023374674934987016e+00
1.024554910982196310e+00
1.025735147029405825e+00
1.026915383076615118e+00
1.028095619123824633e+00
1.028095619123824633e+00
1.029275855171034149e+00
1.030456091218243664e+00
1.031636327265452957e+00
1.032816563312662472e+00
1.033996799359871765e+00
1.035177035407081281e+00
1.036357271454290796e+00
1.037537507501500311e+00
1.038717743548709604e+00
1.039897979595919120e+00
1.041078215643128413e+00
