7.507401480296058693e-01
7.554610922184435973e-01
7.601820364072814362e-01
7.649029805961191641e-01
7.696239247849568921e-01
7.743448689737947310e-01
7.790658131626324590e-01
7.837867573514701869e-01
7.885077015403080258e-01
7.932286457291457538e-01
7.979495899179835927e-01
8.026705341068213206e-01
8.073914782956590486e-01
8.121124224844968875e-01
8.168333666733346154e-01
8.215543108621723434e-01
8.262752550510101823e-01
8.321764352870573145e-01
8.368973794758951534e-01
8.416183236647328814e-01
8.463392678535706093e-01
8.510602120424084482e-01
8.557811562312461762e-01
8.605021004200839041e-01
8.652230446089217430e-01
8.699439887977594710e-01
8.758451690338067142e-01
8.805661132226444421e-01
8.852870574114822810e-01
8.900080016003200090e-01
8.947289457891577369e-01
8.994498899779955758e-01
9.053510702140427080e-01
9.100720144028805469e-01
9.147929585917182749e-01
9.195139027805560028e-01
9.242348469693938418e-01
9.301360272054409739e-01
9.348569713942788129e-01
9.395779155831165408e-01
9.442988597719542687e-01
9.490198039607921077e-01
9.549209841968392398e-01
9.596419283856770788e-01
9.643628725745148067e-01
9.690838167633525346e-01
9.749849969993997778e-01
9.797059411882376168e-01
9.844268853770753447e-01
9.891478295659130726e-01
9.950490098019603158e-01
9.997699539907980437e-01
1.004490898179635883e+00
1.010392078415683015e+00
1.015113022604520854e+00
1.019833966793358471e+00
1.025735147029405825e+00
1.030456091218243664e+00
1.035177035407081281e+00
1.041078215643128413e+00
1.045799159831966252e+00
1.050520104020804091e+00
1.056421284256851223e+00
1.061142228445689062e+00
1.065863172634526901e+00
1.071764352870574033e+00
1.076485297059411650e+00
1.082386477295459004e+00
1.087107421484296843e+00
1.091828365673134460e+00
1.097729545909181592e+00
1.102450490098019653e+00
1.108351670334066785e+00
1.113072614522904402e+00
1.118973794758951534e+00
1.123694738947789595e+00
1.129595919183836727e+00
1.134316863372674344e+00
1.139037807561512183e+00
1.144938987797559538e+00
1.149659931986397154e+00
1.155561112222444287e+00
1.161462292458491419e+00
1.166183236647329480e+00
1.172084416883376612e+00
1.176805361072214229e+00
1.182706541308261361e+00
1.187427485497099422e+00
1.193328665733146554e+00
1.198049609921984171e+00
1.203950790158031303e+00
1.209851970394078879e+00
1.214572914582916496e+00
1.220474094818963628e+00
1.225195039007801245e+00
1.231096219243848822e+00
1.236997399479895954e+00
1.241718343668733571e+00
1.247619523904780703e+00
1.253520704140827835e+00
