4.155531106221244109e-01
4.179135827165432748e-01
4.202740548109621943e-01
4.226345269053810583e-01
4.238147629525905180e-01
4.261752350470093820e-01
4.285357071414282459e-01
4.308961792358471654e-01
4.332566513302660294e-01
4.356171234246849489e-01
4.379775955191038128e-01
4.403380676135226768e-01
4.426985397079415963e-01
4.450590118023604602e-01
4.474194838967793242e-01
4.497799559911982437e-01
4.521404280856171076e-01
4.545009001800359716e-01
4.568613722744548911e-01
4.592218443688737550e-01
4.615823164632926190e-01
4.639427885577115385e-01
4.663032606521304024e-01
4.686637327465492664e-01
4.710242048409681859e-01
4.722044408881775901e-01
4.745649129825965096e-01
4.769253850770153735e-01
4.792858571714342930e-01
4.816463292658531570e-01
4.840068013602720209e-01
4.863672734546909404e-01
4.887277455491098044e-01
4.910882176435286683e-01
4.934486897379475878e-01
4.958091618323664518e-01
4.981696339267853157e-01
5.005301060212041797e-01
5.028905781156230992e-01
5.052510502100420187e-01
5.076115223044608271e-01
5.099719943988797466e-01
5.123324664932986661e-01
5.135127025405080703e-01
5.158731746349269898e-01
5.182336467293457982e-01
5.205941188237647177e-01
5.229545909181836372e-01
5.253150630126024456e-01
5.276755351070213651e-01
5.300360072014402846e-01
5.323964792958590930e-01
5.347569513902780125e-01
5.371174234846969320e-01
5.394778955791157404e-01
5.418383676735346599e-01
5.441988397679535794e-01
5.465593118623723878e-01
5.489197839567913073e-01
5.512802560512102268e-01
5.524604920984196310e-01
5.548209641928385505e-01
5.571814362872573589e-01
5.595419083816762784e-01
5.619023804760951979e-01
5.642628525705140063e-01
5.666233246649330368e-01
5.689837967593518453e-01
5.713442688537706537e-01
5.737047409481896842e-01
5.760652130426084927e-01
5.784256851370273012e-01
5.807861572314463317e-01
5.831466293258651401e-01
5.855071014202839486e-01
5.878675735147029791e-01
5.890478095619122723e-01
5.914082816563313028e-01
5.937687537507501112e-01
5.961292258451689197e-01
5.984896979395879502e-01
6.008501700340067586e-01
6.032106421284256781e-01
6.055711142228445976e-01
6.079315863172634060e-01
6.102920584116823255e-01
6.126525305061012450e-01
6.150130026005200534e-01
6.173734746949389729e-01
6.197339467893578924e-01
6.220944188837767008e-01
6.244548909781956203e-01
6.268153630726145398e-01
6.279955991198239440e-01
6.303560712142428635e-01
6.327165433086616719e-01
6.350770154030805914e-01
6.374374874974995109e-01
6.397979595919183193e-01
6.421584316863372388e-01
